   ------------------------------------------------------------------
  | Welcome to ROOT 6.24/08                        https://root.cern |
  | (c) 1995-2021, The ROOT Team; conception: R. Brun, F. Rademakers |
  | Built for linuxx8664gcc on Sep 29 2022, 13:04:57                 |
  | From tags/v6-24-08@v6-24-08                                      |
  | With c++ (GCC) 4.8.5 20150623 (Red Hat 4.8.5-44)                 |
  | Try '.help', '.demo', '.license', '.credits', '.quit'/'.q'       |
   ------------------------------------------------------------------


Processing full.C(6,0,"Up","2016")...

[1mRooFit v3.60 -- Developed by Wouter Verkerke and David Kirkby[0m 
                Copyright (C) 2000-2013 NIKHEF, University of California & Stanford University
                All rights reserved, please read http://roofit.sourceforge.net/license.txt

-------------------------
Set LHCb Style - May 2021
-------------------------
../fulltempt/PARAMs/FullMom_6_0.txt
[#0] WARNING:InputArguments -- The parameter 'sigma3' with range [0, 10] of the RooGaussian 'sig_pdf2' exceeds the safe range of (0, inf). Advise to limit its range.
[#0] ERROR:Integration --  RooNumIntFactory::Init : libRooFitMore cannot be loaded. GSL integrators will not beavailable ! 
[#1] INFO:Fitting -- RooAddition::defaultErrorLevel(nll) Summation contains a RooNLLVar, using its error level
 **********
 **   13 **MIGRAD        4500           1
 **********
 FIRST CALL TO USER FUNCTION AT NEW START POINT, WITH IFLAG=4.
 START MIGRAD MINIMIZATION.  STRATEGY  1.  CONVERGENCE WHEN EDM .LT. 1.00e-03
 FCN=-1974.53 FROM MIGRAD    STATUS=INITIATE       32 CALLS          33 TOTAL
                     EDM= unknown      STRATEGY= 1      NO ERROR MATRIX       
  EXT PARAMETER               CURRENT GUESS       STEP         FIRST   
  NO.   NAME      VALUE            ERROR          SIZE      DERIVATIVE 
   1  NbkgMRS      7.78000e+01   3.89000e+01   2.57889e-01  -1.76356e+01
   2  NbkgPRS      6.86000e+01   3.43000e+01   2.57889e-01  -2.95567e+01
   3  NsigMRS      3.11200e+02   3.89000e+01   2.57889e-01   4.40830e+00
   4  NsigPRS      2.74400e+02   3.43000e+01   2.57889e-01   7.38853e+00
   5  coeffsig     1.00000e-01   5.00000e-02   1.72186e-01  -6.85309e+00
   6  mean         1.45500e+02   2.10000e+00   2.10680e-01   2.84748e+02
   7  sigma1       5.00000e-01   2.50000e-01   1.18625e-01   6.35055e-01
   8  sigma2       5.00000e-01   2.50000e-01   1.18625e-01   1.65003e+01
   9  sigma3       1.10000e+00   5.50000e-01   1.81568e-01  -8.31761e+01
                               ERR DEF= 0.5
 MIGRAD MINIMIZATION HAS CONVERGED.
 MIGRAD WILL VERIFY CONVERGENCE AND ERROR MATRIX.
 COVARIANCE MATRIX CALCULATED SUCCESSFULLY
 FCN=-1990.08 FROM MIGRAD    STATUS=CONVERGED     381 CALLS         382 TOTAL
                     EDM=0.000128606    STRATEGY= 1      ERROR MATRIX ACCURATE 
  EXT PARAMETER                                   STEP         FIRST   
  NO.   NAME      VALUE            ERROR          SIZE      DERIVATIVE 
   1  NbkgMRS      7.34235e+01   1.10817e+01   2.08096e-03   4.53523e-02
   2  NbkgPRS      7.72412e+01   1.08626e+01   2.21504e-03  -1.02370e-01
   3  NsigMRS      3.15590e+02   1.90562e+01   3.71146e-03  -4.13195e-03
   4  NsigPRS      2.65707e+02   1.74701e+01   3.66503e-03   1.86548e-03
   5  coeffsig     6.55545e-01   9.11365e-02   2.67603e-03   1.57865e-02
   6  mean         1.45249e+02   1.38632e-01   1.42864e-04   2.54901e-01
   7  sigma1       6.00182e-01   1.45128e-01   6.85265e-04  -2.13188e-01
   8  sigma2       9.15599e-01   1.28181e-01   6.62111e-04  -4.12098e-03
   9  sigma3       1.98776e+00   3.19590e-01   1.32576e-03   9.39457e-03
                               ERR DEF= 0.5
 EXTERNAL ERROR MATRIX.    NDIM=  25    NPAR=  9    ERR DEF=0.5
  1.230e+02  1.081e+01 -4.947e+01 -1.082e+01 -9.497e-02 -1.744e-01 -2.434e-01  5.411e-02 -9.543e-01 
  1.081e+01  1.182e+02 -1.080e+01 -4.096e+01 -8.563e-02 -1.135e-01 -1.831e-01  1.474e-02 -7.720e-01 
 -4.947e+01 -1.080e+01  3.651e+02  1.080e+01  9.505e-02  1.743e-01  2.433e-01 -5.411e-02  9.537e-01 
 -1.082e+01 -4.096e+01  1.080e+01  3.067e+02  8.580e-02  1.136e-01  1.833e-01 -1.483e-02  7.726e-01 
 -9.497e-02 -8.563e-02  9.505e-02  8.580e-02  8.410e-03  2.413e-03  8.137e-03  3.417e-03  2.288e-02 
 -1.744e-01 -1.135e-01  1.743e-01  1.136e-01  2.413e-03  1.922e-02  1.615e-02 -1.329e-02  1.506e-02 
 -2.434e-01 -1.831e-01  2.433e-01  1.833e-01  8.137e-03  1.615e-02  2.109e-02 -6.708e-03  2.947e-02 
  5.411e-02  1.474e-02 -5.411e-02 -1.483e-02  3.417e-03 -1.329e-02 -6.708e-03  1.644e-02  1.426e-03 
 -9.543e-01 -7.720e-01  9.537e-01  7.726e-01  2.288e-02  1.506e-02  2.947e-02  1.426e-03  1.024e-01 
 PARAMETER  CORRELATION COEFFICIENTS  
       NO.  GLOBAL      1      2      3      4      5      6      7      8      9
        1  0.37576   1.000  0.090 -0.233 -0.056 -0.093 -0.113 -0.151  0.038 -0.269
        2  0.31976   0.090  1.000 -0.052 -0.215 -0.086 -0.075 -0.116  0.011 -0.222
        3  0.26377  -0.233 -0.052  1.000  0.032  0.054  0.066  0.088 -0.022  0.156
        4  0.24318  -0.056 -0.215  0.032  1.000  0.053  0.047  0.072 -0.007  0.138
        5  0.89365  -0.093 -0.086  0.054  0.053  1.000  0.190  0.611  0.291  0.780
        6  0.94255  -0.113 -0.075  0.066  0.047  0.190  1.000  0.802 -0.748  0.340
        7  0.93200  -0.151 -0.116  0.088  0.072  0.611  0.802  1.000 -0.360  0.634
        8  0.87567   0.038  0.011 -0.022 -0.007  0.291 -0.748 -0.360  1.000  0.035
        9  0.84263  -0.269 -0.222  0.156  0.138  0.780  0.340  0.634  0.035  1.000
 **********
 **   18 **HESSE        4500
 **********
 COVARIANCE MATRIX CALCULATED SUCCESSFULLY
 FCN=-1990.08 FROM HESSE     STATUS=OK             73 CALLS         455 TOTAL
                     EDM=0.000129332    STRATEGY= 1      ERROR MATRIX ACCURATE 
  EXT PARAMETER                                INTERNAL      INTERNAL  
  NO.   NAME      VALUE            ERROR       STEP SIZE       VALUE   
   1  NbkgMRS      7.34235e+01   1.10948e+01   4.16192e-04  -6.71935e-01
   2  NbkgPRS      7.72412e+01   1.08709e+01   4.43008e-04  -5.81902e-01
   3  NsigMRS      3.15590e+02   1.90658e+01   1.48459e-04   6.72022e-01
   4  NsigPRS      2.65707e+02   1.74766e+01   1.46601e-04   5.81541e-01
   5  coeffsig     6.55545e-01   9.16976e-02   5.35205e-04   3.16339e-01
   6  mean         1.45249e+02   1.39920e-01   2.85728e-05  -3.14802e-01
   7  sigma1       6.00182e-01   1.46413e-01   1.37053e-04  -1.07579e+00
   8  sigma2       9.15599e-01   1.29092e-01   2.64844e-05  -9.55981e-01
   9  sigma3       1.98776e+00   3.21863e-01   5.30303e-05  -6.46566e-01
                               ERR DEF= 0.5
 EXTERNAL ERROR MATRIX.    NDIM=  25    NPAR=  9    ERR DEF=0.5
  1.233e+02  1.102e+01 -4.986e+01 -1.103e+01 -1.002e-01 -1.804e-01 -2.522e-01  5.590e-02 -9.758e-01 
  1.102e+01  1.184e+02 -1.102e+01 -4.122e+01 -8.970e-02 -1.178e-01 -1.897e-01  1.566e-02 -7.884e-01 
 -4.986e+01 -1.102e+01  3.654e+02  1.103e+01  1.002e-01  1.804e-01  2.522e-01 -5.591e-02  9.757e-01 
 -1.103e+01 -4.122e+01  1.103e+01  3.070e+02  8.979e-02  1.179e-01  1.898e-01 -1.569e-02  7.890e-01 
 -1.002e-01 -8.970e-02  1.002e-01  8.979e-02  8.515e-03  2.495e-03  8.287e-03  3.423e-03  2.326e-02 
 -1.804e-01 -1.178e-01  1.804e-01  1.179e-01  2.495e-03  1.958e-02  1.649e-02 -1.355e-02  1.549e-02 
 -2.522e-01 -1.897e-01  2.522e-01  1.898e-01  8.287e-03  1.649e-02  2.146e-02 -6.899e-03  3.012e-02 
  5.590e-02  1.566e-02 -5.591e-02 -1.569e-02  3.423e-03 -1.355e-02 -6.899e-03  1.668e-02  1.319e-03 
 -9.758e-01 -7.884e-01  9.757e-01  7.890e-01  2.326e-02  1.549e-02  3.012e-02  1.319e-03  1.038e-01 
 PARAMETER  CORRELATION COEFFICIENTS  
       NO.  GLOBAL      1      2      3      4      5      6      7      8      9
        1  0.37847   1.000  0.091 -0.235 -0.057 -0.098 -0.116 -0.155  0.039 -0.273
        2  0.32192   0.091  1.000 -0.053 -0.216 -0.089 -0.077 -0.119  0.011 -0.225
        3  0.26554  -0.235 -0.053  1.000  0.033  0.057  0.067  0.090 -0.023  0.158
        4  0.24459  -0.057 -0.216  0.033  1.000  0.056  0.048  0.074 -0.007  0.140
        5  0.89504  -0.098 -0.089  0.057  0.056  1.000  0.193  0.613  0.287  0.782
        6  0.94363  -0.116 -0.077  0.067  0.048  0.193  1.000  0.804 -0.750  0.344
        7  0.93323  -0.155 -0.119  0.090  0.074  0.613  0.804  1.000 -0.365  0.638
        8  0.87754   0.039  0.011 -0.023 -0.007  0.287 -0.750 -0.365  1.000  0.032
        9  0.84505  -0.273 -0.225  0.158  0.140  0.782  0.344  0.638  0.032  1.000
75 ; 0.704179 ; 0.911297
[#1] INFO:Plotting -- RooAbsPdf::plotOn(modelMRS) directly selected PDF components: (modelBkg)
[#1] INFO:Plotting -- RooAbsPdf::plotOn(modelMRS) indirectly selected PDF components: ()
[#1] INFO:Plotting -- RooAbsPdf::plotOn(modelMRS) directly selected PDF components: (modelSig)
[#1] INFO:Plotting -- RooAbsPdf::plotOn(modelMRS) indirectly selected PDF components: (sig_pdf1,sig_pdf2)
[#1] INFO:Plotting -- RooAbsPdf::plotOn(modelPRS) directly selected PDF components: (modelBkg)
[#1] INFO:Plotting -- RooAbsPdf::plotOn(modelPRS) indirectly selected PDF components: ()
[#1] INFO:Plotting -- RooAbsPdf::plotOn(modelPRS) directly selected PDF components: (modelSig)
[#1] INFO:Plotting -- RooAbsPdf::plotOn(modelPRS) indirectly selected PDF components: (sig_pdf1,sig_pdf2)
PRS chi2: 0.570434 ; MPS chi2: 0.544784
