   ------------------------------------------------------------------
  | Welcome to ROOT 6.24/08                        https://root.cern |
  | (c) 1995-2021, The ROOT Team; conception: R. Brun, F. Rademakers |
  | Built for linuxx8664gcc on Sep 29 2022, 13:04:57                 |
  | From tags/v6-24-08@v6-24-08                                      |
  | With c++ (GCC) 4.8.5 20150623 (Red Hat 4.8.5-44)                 |
  | Try '.help', '.demo', '.license', '.credits', '.quit'/'.q'       |
   ------------------------------------------------------------------


Processing full.C(6,0,"Down","2018")...

[1mRooFit v3.60 -- Developed by Wouter Verkerke and David Kirkby[0m 
                Copyright (C) 2000-2013 NIKHEF, University of California & Stanford University
                All rights reserved, please read http://roofit.sourceforge.net/license.txt

-------------------------
Set LHCb Style - May 2021
-------------------------
../fulltempt/PARAMs/FullMom_6_0.txt
../../../../selection/promptD/results/2018MagDownFullRS.root/DecayTree
[#0] WARNING:InputArguments -- The parameter 'sigma3' with range [0, 10] of the RooGaussian 'sig_pdf2' exceeds the safe range of (0, inf). Advise to limit its range.
[#0] ERROR:Integration --  RooNumIntFactory::Init : libRooFitMore cannot be loaded. GSL integrators will not beavailable ! 
[#1] INFO:NumericIntegration -- RooRealIntegral::init(modelBkg_Int[x]) using numeric integrator RooIntegrator1D to calculate Int(x)
[#1] INFO:NumericIntegration -- RooRealIntegral::init(modelBkg_Int[x]) using numeric integrator RooIntegrator1D to calculate Int(x)
[#1] INFO:NumericIntegration -- RooRealIntegral::init(modelBkg_Int[x]) using numeric integrator RooIntegrator1D to calculate Int(x)
[#1] INFO:NumericIntegration -- RooRealIntegral::init(modelBkg_Int[x]) using numeric integrator RooIntegrator1D to calculate Int(x)
[#1] INFO:Fitting -- RooAddition::defaultErrorLevel(nll) Summation contains a RooNLLVar, using its error level
 **********
 **   13 **MIGRAD        6500           1
 **********
 FIRST CALL TO USER FUNCTION AT NEW START POINT, WITH IFLAG=4.
 START MIGRAD MINIMIZATION.  STRATEGY  1.  CONVERGENCE WHEN EDM .LT. 1.00e-03
 FCN=-3117.81 FROM MIGRAD    STATUS=INITIATE      136 CALLS         137 TOTAL
                     EDM= unknown      STRATEGY= 1      NO ERROR MATRIX       
  EXT PARAMETER               CURRENT GUESS       STEP         FIRST   
  NO.   NAME      VALUE            ERROR          SIZE      DERIVATIVE 
   1  NbkgMRS      5.50000e+01   2.75000e+01   0.00000e+00  -2.62539e+02
   2  NbkgPRS      5.44000e+01   2.72000e+01   0.00000e+00  -2.49310e+02
   3  NsigMRS      4.95000e+02   2.75000e+01   0.00000e+00   2.91602e+01
   4  NsigPRS      4.89600e+02   2.72000e+01   0.00000e+00   2.76928e+01
   5  am           1.00000e+00   2.00000e+00   0.00000e+00  -4.90518e+01
   6  bm          -4.55563e+00   5.00000e-01   0.00000e+00  -3.85131e+01
   7  cm           1.06947e+00   7.50000e+00  -7.77858e-02   2.74538e+01
   8  coeffsig     7.00000e-01   1.00000e-01   0.00000e+00   2.12977e+02
   9  dm0          1.39200e+02   2.00000e+00   0.00000e+00  -1.41735e+01
  10  mean         1.45600e+02   2.10000e+00   0.00000e+00   6.42228e+02
  11  sigma1       5.00000e-01   2.50000e-01   0.00000e+00  -6.27229e+02
  12  sigma2       5.00000e-01   2.50000e-01   0.00000e+00  -4.15634e+02
  13  sigma3       1.10000e+00   5.50000e-01   0.00000e+00  -7.96684e+02
                               ERR DEF= 0.5
 MIGRAD MINIMIZATION HAS CONVERGED.
 MIGRAD WILL VERIFY CONVERGENCE AND ERROR MATRIX.
 EIGENVALUES OF SECOND-DERIVATIVE MATRIX:
        -2.0315e-01  8.3404e-02  1.7811e-01  2.7455e-01  6.6016e-01  8.2727e-01  9.8686e-01  1.0542e+00  1.1470e+00  1.2024e+00  1.8119e+00  2.1179e+00  2.8594e+00
 MINUIT WARNING IN HESSE   
 ============== MATRIX FORCED POS-DEF BY ADDING 0.206005 TO DIAGONAL.
 FCN=-3369.48 FROM HESSE     STATUS=NOT POSDEF    141 CALLS        1318 TOTAL
                     EDM=46.5226    STRATEGY= 1      ERR MATRIX NOT POS-DEF
  EXT PARAMETER                APPROXIMATE        STEP         FIRST   
  NO.   NAME      VALUE            ERROR          SIZE      DERIVATIVE 
   1  NbkgMRS      9.60348e+01   8.88888e+01   2.35703e-03  -3.20229e-02
   2  NbkgPRS      1.10773e+02   6.43754e+01   2.31010e-03   8.48691e-02
   3  NsigMRS      4.53810e+02   8.60689e+01   4.24965e-03  -6.45787e-02
   4  NsigPRS      4.33218e+02   6.38195e+01   3.96535e-03  -2.58606e-02
   5  am           9.59490e+00   1.84107e+01   3.38677e-02  -7.27848e-03
   6  bm          -1.82893e+00   1.51124e+01   4.90181e-01   1.79358e-01
   7  cm           4.43979e-01   1.55377e+00   4.05401e-04   5.14514e-01
   8  coeffsig     7.53013e-01   2.05847e-01   2.66885e-03   4.60614e-02
   9  dm0          1.39313e+02   4.48270e-02   1.83758e-04   4.02952e+00
  10  mean         1.45229e+02   7.84840e-02   1.57297e-04  -1.27517e-01
  11  sigma1       6.25401e-01   6.70854e-02   6.04685e-04   1.38442e-01
  12  sigma2       1.16442e+00   9.47695e-02   6.65707e-04  -1.36014e-01
  13  sigma3       2.68604e+00   5.33154e-01   2.01696e-03   2.52064e-02
                               ERR DEF= 0.5
 MINUIT WARNING IN MIGRAD  
 ============== Negative diagonal element 6 in Error Matrix
 MINUIT WARNING IN MIGRAD  
 ============== 17.315 added to diagonal of error matrix
 MIGRAD MINIMIZATION HAS CONVERGED.
 MIGRAD WILL VERIFY CONVERGENCE AND ERROR MATRIX.
 COVARIANCE MATRIX CALCULATED SUCCESSFULLY
 FCN=-3370.08 FROM MIGRAD    STATUS=CONVERGED    2385 CALLS        2386 TOTAL
                     EDM=0.000932871    STRATEGY= 1      ERROR MATRIX ACCURATE 
  EXT PARAMETER                                   STEP         FIRST   
  NO.   NAME      VALUE            ERROR          SIZE      DERIVATIVE 
   1  NbkgMRS      1.31449e+02   6.36481e+01   2.45364e-03  -1.21058e-01
   2  NbkgPRS      1.36758e+02   4.70994e+01   2.42473e-03   6.84571e-02
   3  NsigMRS      4.18426e+02   6.56809e+01   3.71216e-03  -3.19082e-02
   4  NsigPRS      4.07244e+02   4.97401e+01   3.63416e-03  -2.18249e-02
   5  am           9.80224e+00   1.22008e+01   7.04744e-03   1.17099e-02
   6  bm          -1.99989e+01   1.37418e+01   4.91168e-02   8.99753e-03
   7  cm           1.50343e+00   1.49686e+00   3.60135e-04   4.34459e-03
   8  coeffsig     8.52591e-01   1.55627e-01   3.40248e-03   1.55366e-02
   9  dm0          1.39303e+02   3.50322e-01   5.49731e-04   8.95279e-01
  10  mean         1.45231e+02   1.01241e-01   1.58239e-04   1.30530e+00
  11  sigma1       6.45805e-01   7.85951e-02   5.83859e-04  -2.67609e-01
  12  sigma2       1.20633e+00   1.01973e-01   6.41707e-04   3.93700e-01
  13  sigma3       2.81810e+00   5.06627e-01   3.28921e-03  -5.21811e-03
                               ERR DEF= 0.5
 EXTERNAL ERROR MATRIX.    NDIM=  28    NPAR= 13    ERR DEF=0.5
 ELEMENTS ABOVE DIAGONAL ARE NOT PRINTED.
  4.155e+03 
  2.817e+03  2.248e+03 
 -4.018e+03 -2.813e+03  4.432e+03 
 -2.812e+03 -2.108e+03  2.808e+03  2.512e+03 
  1.438e+02  1.048e+02 -1.437e+02 -1.047e+02  5.634e+00 
 -7.862e-01 -5.882e-01  7.851e-01  5.871e-01 -8.647e-03  3.781e-02 
  7.119e+01  5.350e+01 -7.110e+01 -5.340e+01  3.125e+00 -2.666e-02  2.241e+00 
  9.778e+00  6.906e+00 -9.766e+00 -6.894e+00  3.424e-01 -1.961e-03  1.548e-01  2.596e-02 
 -1.360e+01 -9.581e+00  1.358e+01  9.565e+00 -5.470e-01  2.392e-03 -3.714e-01 -2.986e-02  1.228e-01 
 -8.222e-01 -6.357e-01  8.212e-01  6.346e-01 -3.151e-02  1.318e-04 -1.881e-02 -2.079e-03  2.527e-03  1.025e-02 
  9.478e-01  5.587e-01 -9.467e-01 -5.578e-01  2.626e-02 -1.712e-04  2.962e-03  3.463e-03 -1.799e-03  6.087e-03  6.179e-03 
  2.480e+00  1.659e+00 -2.478e+00 -1.656e+00  7.571e-02 -4.913e-04  2.029e-02  7.902e-03 -5.696e-03 -7.108e-03 -2.119e-03 
  2.480e+00  1.659e+00 -2.478e+00 -1.656e+00  7.571e-02 -4.913e-04  2.029e-02  7.902e-03 -5.696e-03 -7.108e-03 -2.119e-03  1.040e-02 
  2.621e+00  1.757e+00 -2.616e+00 -1.752e+00  8.565e-02 -3.788e-03 -3.041e-02  2.109e-02  4.330e-02  3.475e-03  1.213e-02 
  2.621e+00  1.757e+00 -2.616e+00 -1.752e+00  8.565e-02 -3.788e-03 -3.041e-02  2.109e-02  4.330e-02  3.475e-03  1.213e-02  7.975e-03  2.578e-01 
 PARAMETER  CORRELATION COEFFICIENTS  
       NO.  GLOBAL      1      2      3      4      5      6      7      8      9     10     11     12     13
        1  0.97488   1.000  0.922 -0.936 -0.870  0.940 -0.063  0.738  0.942 -0.602 -0.126  0.187  0.377  0.080
        2  0.95362   0.922  1.000 -0.891 -0.887  0.931 -0.064  0.754  0.904 -0.577 -0.132  0.150  0.343  0.073
        3  0.94524  -0.936 -0.891  1.000  0.842 -0.909  0.061 -0.713 -0.911  0.582  0.122 -0.181 -0.365 -0.077
        4  0.90432  -0.870 -0.887  0.842  1.000 -0.880  0.060 -0.712 -0.854  0.545  0.125 -0.142 -0.324 -0.069
        5  0.98922   0.940  0.931 -0.909 -0.880  1.000 -0.019  0.880  0.895 -0.658 -0.131  0.141  0.313  0.071
        6  0.39766  -0.063 -0.064  0.061  0.060 -0.019  1.000 -0.092 -0.063  0.035  0.007 -0.011 -0.025 -0.038
        7  0.95801   0.738  0.754 -0.713 -0.712  0.880 -0.092  1.000  0.642 -0.708 -0.124  0.025  0.133 -0.040
        8  0.98241   0.942  0.904 -0.911 -0.854  0.895 -0.063  0.642  1.000 -0.529 -0.127  0.273  0.481  0.258
        9  0.78115  -0.602 -0.577  0.582  0.545 -0.658  0.035 -0.708 -0.529  1.000  0.071 -0.065 -0.159  0.243
       10  0.92124  -0.126 -0.132  0.122  0.125 -0.131  0.007 -0.124 -0.127  0.071  1.000  0.765 -0.688  0.068
       11  0.89031   0.187  0.150 -0.181 -0.142  0.141 -0.011  0.025  0.273 -0.065  0.765  1.000 -0.264  0.304
       12  0.85948   0.377  0.343 -0.365 -0.324  0.313 -0.025  0.133  0.481 -0.159 -0.688 -0.264  1.000  0.154
       13  0.68667   0.080  0.073 -0.077 -0.069  0.071 -0.038 -0.040  0.258  0.243  0.068  0.304  0.154  1.000
 **********
 **   18 **HESSE        6500
 **********
 EIGENVALUES OF SECOND-DERIVATIVE MATRIX:
        -4.9182e-02  8.5387e-02  1.1575e-01  2.8773e-01  4.0909e-01  5.5276e-01  7.8462e-01  1.1875e+00  1.2129e+00  1.2631e+00  1.9184e+00  2.1539e+00  3.0781e+00
 MINUIT WARNING IN HESSE   
 ============== MATRIX FORCED POS-DEF BY ADDING 0.052260 TO DIAGONAL.
 FCN=-3370.08 FROM HESSE     STATUS=NOT POSDEF    137 CALLS        2523 TOTAL
                     EDM=0.0023207    STRATEGY= 1      ERR MATRIX NOT POS-DEF
  EXT PARAMETER                APPROXIMATE     INTERNAL      INTERNAL  
  NO.   NAME      VALUE            ERROR       STEP SIZE       VALUE   
   1  NbkgMRS      1.31449e+02   9.95135e+01   4.90728e-04  -5.49198e-01
   2  NbkgPRS      1.36758e+02   7.60610e+01   4.84947e-04  -5.20384e-01
   3  NsigMRS      4.18426e+02   9.95620e+01   7.42433e-04   5.48667e-01
   4  NsigPRS      4.07244e+02   7.68023e+01   7.26832e-04   5.20393e-01
   5  am           9.80224e+00   1.24973e+01   2.81897e-04   1.77000e+00
   6  bm          -1.99989e+01   1.92019e+01   5.00000e-01  -7.83937e+00
   7  cm           1.50343e+00   2.93061e+00   1.44054e-05  -1.09832e+00
   8  coeffsig     8.52591e-01   2.28589e-01   6.80495e-04   7.82679e-01
   9  dm0          1.39303e+02   3.78866e-01   1.09946e-04  -6.97994e-02
  10  mean         1.45231e+02   8.09764e-02   3.16477e-05  -3.16637e-01
  11  sigma1       6.45805e-01   6.53121e-02   1.16772e-04  -1.05691e+00
  12  sigma2       1.20633e+00   9.32293e-02   1.28341e-04  -8.61367e-01
  13  sigma3       2.81810e+00   5.21530e-01   1.31569e-04  -4.51570e-01
                               ERR DEF= 0.5
 EXTERNAL ERROR MATRIX.    NDIM=  28    NPAR= 13    ERR DEF=0.5
 ELEMENTS ABOVE DIAGONAL ARE NOT PRINTED.
  1.056e+04 
  7.737e+03  5.997e+03 
 -1.030e+04 -7.639e+03  1.057e+04 
 -7.647e+03 -5.797e+03  7.550e+03  6.119e+03 
  2.498e+02  1.876e+02 -2.466e+02 -1.854e+02  6.301e+00 
 -5.423e+01 -4.067e+01  5.355e+01  4.020e+01 -1.289e+00  2.967e-01 
  2.844e+02  2.144e+02 -2.808e+02 -2.120e+02  7.119e+00 -1.536e+00  8.599e+00 
  2.501e+01  1.862e+01 -2.470e+01 -1.841e+01  5.957e-01 -1.302e-01  6.717e-01  6.172e-02 
 -2.844e+01 -2.102e+01  2.808e+01  2.078e+01 -7.119e-01  1.491e-01 -8.633e-01 -6.628e-02  1.436e-01 
 -1.068e+00 -8.217e-01  1.054e+00  8.122e-01 -2.643e-02  5.546e-03 -3.128e-02 -2.663e-03  2.622e-03  6.557e-03 
  1.649e+00  1.150e+00 -1.628e+00 -1.137e+00  3.603e-02 -8.256e-03  3.672e-02  4.786e-03 -3.904e-03  3.635e-03  4.267e-03 
  4.847e+00  3.533e+00 -4.786e+00 -3.492e+00  1.095e-01 -2.478e-02  1.169e-01  1.301e-02 -1.198e-02 -4.606e-03 -6.208e-04 
  4.847e+00  3.533e+00 -4.786e+00 -3.492e+00  1.095e-01 -2.478e-02  1.169e-01  1.301e-02 -1.198e-02 -4.606e-03 -6.208e-04  8.694e-03 
  2.269e+01  1.706e+01 -2.240e+01 -1.686e+01  5.458e-01 -1.274e-01  6.160e-01  6.581e-02 -2.202e-02 -4.899e-04  1.114e-02 
  2.269e+01  1.706e+01 -2.240e+01 -1.686e+01  5.458e-01 -1.274e-01  6.160e-01  6.581e-02 -2.202e-02 -4.899e-04  1.114e-02  1.501e-02  2.732e-01 
ERR MATRIX NOT POS-DEF
 PARAMETER  CORRELATION COEFFICIENTS  
       NO.  GLOBAL      1      2      3      4      5      6      7      8      9     10     11     12     13
        1  0.99068   1.000  0.972 -0.975 -0.951  0.968 -0.969  0.944  0.980 -0.730 -0.128  0.246  0.506  0.422
        2  0.98373   0.972  1.000 -0.959 -0.957  0.965 -0.964  0.944  0.968 -0.716 -0.131  0.227  0.489  0.421
        3  0.97855  -0.975 -0.959  1.000  0.939 -0.956  0.956 -0.931 -0.967  0.721  0.127 -0.242 -0.499 -0.417
        4  0.96381  -0.951 -0.957  0.939  1.000 -0.944  0.943 -0.924 -0.947  0.701  0.128 -0.222 -0.479 -0.412
        5  0.99084   0.968  0.965 -0.956 -0.944  1.000 -0.943  0.967  0.955 -0.748 -0.130  0.220  0.468  0.416
        6  0.99055  -0.969 -0.964  0.956  0.943 -0.943  1.000 -0.962 -0.962  0.722  0.126 -0.232 -0.488 -0.448
        7  0.98977   0.944  0.944 -0.931 -0.924  0.967 -0.962  1.000  0.922 -0.777 -0.132  0.192  0.428  0.402
        8  0.99301   0.980  0.968 -0.967 -0.947  0.955 -0.962  0.922  1.000 -0.704 -0.132  0.295  0.561  0.507
        9  0.82657  -0.730 -0.716  0.721  0.701 -0.748  0.722 -0.777 -0.704  1.000  0.085 -0.158 -0.339 -0.111
       10  0.88046  -0.128 -0.131  0.127  0.128 -0.130  0.126 -0.132 -0.132  0.085  1.000  0.687 -0.610 -0.012
       11  0.84535   0.246  0.227 -0.242 -0.222  0.220 -0.232  0.192  0.295 -0.158  0.687  1.000 -0.102  0.326
       12  0.83839   0.506  0.489 -0.499 -0.479  0.468 -0.488  0.428  0.561 -0.339 -0.610 -0.102  1.000  0.308
       13  0.72538   0.422  0.421 -0.417 -0.412  0.416 -0.448  0.402  0.507 -0.111 -0.012  0.326  0.308  1.000
 ERR MATRIX NOT POS-DEF
71 ; 0.69553 ; 0.938872
[#1] INFO:Plotting -- RooAbsPdf::plotOn(modelMRS) directly selected PDF components: (modelBkg)
[#1] INFO:Plotting -- RooAbsPdf::plotOn(modelMRS) indirectly selected PDF components: ()
[#1] INFO:NumericIntegration -- RooRealIntegral::init(modelBkg_Int[x]) using numeric integrator RooIntegrator1D to calculate Int(x)
[#1] INFO:Plotting -- RooAbsPdf::plotOn(modelMRS) directly selected PDF components: (modelSig)
[#1] INFO:Plotting -- RooAbsPdf::plotOn(modelMRS) indirectly selected PDF components: (sig_pdf1,sig_pdf2)
[#1] INFO:NumericIntegration -- RooRealIntegral::init(modelBkg_Int[x]) using numeric integrator RooIntegrator1D to calculate Int(x)
[#1] INFO:NumericIntegration -- RooRealIntegral::init(modelBkg_Int[x]) using numeric integrator RooIntegrator1D to calculate Int(x)
[#1] INFO:Plotting -- RooAbsPdf::plotOn(modelPRS) directly selected PDF components: (modelBkg)
[#1] INFO:Plotting -- RooAbsPdf::plotOn(modelPRS) indirectly selected PDF components: ()
[#1] INFO:NumericIntegration -- RooRealIntegral::init(modelBkg_Int[x]) using numeric integrator RooIntegrator1D to calculate Int(x)
[#1] INFO:Plotting -- RooAbsPdf::plotOn(modelPRS) directly selected PDF components: (modelSig)
[#1] INFO:Plotting -- RooAbsPdf::plotOn(modelPRS) indirectly selected PDF components: (sig_pdf1,sig_pdf2)
[#1] INFO:NumericIntegration -- RooRealIntegral::init(modelBkg_Int[x]) using numeric integrator RooIntegrator1D to calculate Int(x)
[#1] INFO:NumericIntegration -- RooRealIntegral::init(modelBkg_Int[x]) using numeric integrator RooIntegrator1D to calculate Int(x)
PRS chi2: 0.487166 ; MPS chi2: 0.620951
