   ------------------------------------------------------------------
  | Welcome to ROOT 6.24/08                        https://root.cern |
  | (c) 1995-2021, The ROOT Team; conception: R. Brun, F. Rademakers |
  | Built for linuxx8664gcc on Sep 29 2022, 13:04:57                 |
  | From tags/v6-24-08@v6-24-08                                      |
  | With c++ (GCC) 4.8.5 20150623 (Red Hat 4.8.5-44)                 |
  | Try '.help', '.demo', '.license', '.credits', '.quit'/'.q'       |
   ------------------------------------------------------------------


Processing ws_part.C(2,"Up","2017")...

[1mRooFit v3.60 -- Developed by Wouter Verkerke and David Kirkby[0m 
                Copyright (C) 2000-2013 NIKHEF, University of California & Stanford University
                All rights reserved, please read http://roofit.sourceforge.net/license.txt

-------------------------
Set LHCb Style - May 2021
-------------------------
../parttempt/PARAMs/PartMom_2.txt
[#0] ERROR:Integration --  RooNumIntFactory::Init : libRooFitMore cannot be loaded. GSL integrators will not beavailable ! 
[#1] INFO:NumericIntegration -- RooRealIntegral::init([pdfD0BG_X_poly]_Norm[x]_denominator_Int[x]) using numeric integrator RooIntegrator1D to calculate Int(x)
[#1] INFO:NumericIntegration -- RooRealIntegral::init([pdfD0BG_X_poly]_Norm[x]_denominator_Int[x]) using numeric integrator RooIntegrator1D to calculate Int(x)
[#1] INFO:Fitting -- RooAddition::defaultErrorLevel(nll) Summation contains a RooNLLVar, using its error level
 **********
 **   13 **MIGRAD        4500           1
 **********
 FIRST CALL TO USER FUNCTION AT NEW START POINT, WITH IFLAG=4.
 START MIGRAD MINIMIZATION.  STRATEGY  1.  CONVERGENCE WHEN EDM .LT. 1.00e-03
[#0] WARNING:Minization -- RooMinuitGlue: Minimized function has error status.
Returning maximum FCN so far (-714077) to force MIGRAD to back out of this region. Error log follows
Parameter values: NbkgMWS=56562, NbkgPWS=57238, am=4.6, bm=-9, cm=2.7, dm0=139.879, poly_a=0.3, poly_b=-0.04, poly_c=-0.14
RooAddition::nll[ nll_modelPWS_dataPWS + nll_modelMWS_dataMWS ]
     function value is NAN @ !set=(nll_modelPWS_dataPWS = -nan,nll_modelMWS_dataMWS = -nan)
RooNLLVar::nll_modelPWS_dataPWS[ paramSet=(NbkgPWS,am,bm,cm,dm0,poly_a,poly_b,poly_c) ]
     function value is NAN @ paramSet=(NbkgPWS = 57238,am = 4.6,bm = -9,cm = 2.7,dm0 = 139.879,poly_a = 0.3,poly_b = -0.04,poly_c = -0.14)
RooAddPdf::modelPWS[ NbkgPWS * modelBkg ]
     getLogVal() top-level p.d.f evaluates to zero @ !refCoefNorm=(), !pdfs=(modelBkg = 0/1), !coefficients=(NbkgPWS = 57238)
     getLogVal() top-level p.d.f evaluates to zero @ !refCoefNorm=(), !pdfs=(modelBkg = 0/1), !coefficients=(NbkgPWS = 57238)
RooNLLVar::nll_modelMWS_dataMWS[ paramSet=(NbkgMWS,am,bm,cm,dm0,poly_a,poly_b,poly_c) ]
     function value is NAN @ paramSet=(NbkgMWS = 56562,am = 4.6,bm = -9,cm = 2.7,dm0 = 139.879,poly_a = 0.3,poly_b = -0.04,poly_c = -0.14)
RooAddPdf::modelMWS[ NbkgMWS * modelBkg ]
     getLogVal() top-level p.d.f evaluates to zero @ !refCoefNorm=(), !pdfs=(modelBkg = 0/1), !coefficients=(NbkgMWS = 56562)
     getLogVal() top-level p.d.f evaluates to zero @ !refCoefNorm=(), !pdfs=(modelBkg = 0/1), !coefficients=(NbkgMWS = 56562)

 FCN=-730900 FROM MIGRAD    STATUS=INITIATE       44 CALLS          45 TOTAL
                     EDM= unknown      STRATEGY= 1      NO ERROR MATRIX       
  EXT PARAMETER               CURRENT GUESS       STEP         FIRST   
  NO.   NAME      VALUE            ERROR          SIZE      DERIVATIVE 
   1  NbkgMWS      5.65620e+04   2.20840e+03   2.01422e-01  -1.84855e-02
   2  NbkgPWS      5.72380e+04   2.28952e+03   2.01358e-01  -2.33362e-02
   3  am           4.60000e+00   1.20000e+00   2.02430e-01  -1.51360e+04
   4  bm          -9.00000e+00   3.00000e+00   2.09401e-01  -9.52200e+03
   5  cm           2.70000e+00   3.00000e+00   2.03908e-01   5.46819e+03
   6  dm0          1.39000e+02   1.50000e+00   2.05758e-01   4.09507e+03
   7  poly_a       3.00000e-01   2.00000e-01   2.11716e-01  -5.50644e+02
   8  poly_b      -4.00000e-02   2.00000e-01   2.01528e-01  -8.68038e+03
   9  poly_c      -1.40000e-01   2.00000e-01   2.03476e-01  -3.48475e+03
                               ERR DEF= 0.5
 EIGENVALUES OF SECOND-DERIVATIVE MATRIX:
        -6.6669e+00  1.1408e-02  3.7611e-02  9.8509e-01  1.0000e+00  1.0000e+00  1.1662e+00  2.4247e+00  9.0418e+00
 MINUIT WARNING IN MIGRAD  
 ============== MATRIX FORCED POS-DEF BY ADDING 6.675918 TO DIAGONAL.
 MIGRAD FAILS TO FIND IMPROVEMENT
 EIGENVALUES OF SECOND-DERIVATIVE MATRIX:
        -3.0090e+00  5.1994e-01  1.0000e+00  1.0000e+00  1.0032e+00  1.9807e+00  1.9828e+00  2.0122e+00  2.5102e+00
 MINUIT WARNING IN HESSE   
 ============== MATRIX FORCED POS-DEF BY ADDING 3.011505 TO DIAGONAL.
 FCN=-732736 FROM HESSE     STATUS=NOT POSDEF     89 CALLS        1204 TOTAL
                     EDM=8877.62    STRATEGY= 1      ERR MATRIX NOT POS-DEF
  EXT PARAMETER                APPROXIMATE        STEP         FIRST   
  NO.   NAME      VALUE            ERROR          SIZE      DERIVATIVE 
   1  NbkgMWS      5.65622e+04   1.18744e+02   1.27355e-02   2.95930e-02
   2  NbkgPWS      5.72382e+04   1.19452e+02   1.23537e-02   3.73557e-02
   3  am           4.43831e+00   7.02200e-03   1.61689e-04  -3.33057e+01
   4  bm          -8.20946e+00   3.96538e-02   3.72559e-04  -1.43374e+02
   5  cm           1.22672e+01   3.98674e-02   4.18986e-04  -1.40222e+01
   6  dm0          1.39052e+02   1.26343e-02   2.31068e-04  -7.70939e+04
   7  poly_a      -9.09766e-01   3.11815e-03   9.86052e-04  -6.90199e+00
   8  poly_b       5.28055e-01   6.28827e-04   3.89271e-04   9.53391e+00
   9  poly_c      -2.24745e-01   1.62219e-03   1.50042e-03   8.79335e+00
                               ERR DEF= 0.5
[#0] WARNING:Minization -- RooMinuitGlue: Minimized function has error status.
Returning maximum FCN so far (-680800) to force MIGRAD to back out of this region. Error log follows
Parameter values: NbkgMWS=56562.1, NbkgPWS=57238.1, am=5.36249, bm=-2.84661, cm=16.8386, dm0=140.68, poly_a=-0.143819, poly_b=0.60708, poly_c=-0.0828112
RooAddition::nll[ nll_modelPWS_dataPWS + nll_modelMWS_dataMWS ]
     function value is NAN @ !set=(nll_modelPWS_dataPWS = -nan,nll_modelMWS_dataMWS = -nan)
RooNLLVar::nll_modelPWS_dataPWS[ paramSet=(NbkgPWS,am,bm,cm,dm0,poly_a,poly_b,poly_c) ]
     function value is NAN @ paramSet=(NbkgPWS = 57238.1,am = 5.36249,bm = -2.84661,cm = 16.8386,dm0 = 140.68,poly_a = -0.143819,poly_b = 0.60708,poly_c = -0.0828112)
RooAddPdf::modelPWS[ NbkgPWS * modelBkg ]
     getLogVal() top-level p.d.f evaluates to zero @ !refCoefNorm=(), !pdfs=(modelBkg = 0/1), !coefficients=(NbkgPWS = 57238.1)
     getLogVal() top-level p.d.f evaluates to zero @ !refCoefNorm=(), !pdfs=(modelBkg = 0/1), !coefficients=(NbkgPWS = 57238.1)
     getLogVal() top-level p.d.f evaluates to zero @ !refCoefNorm=(), !pdfs=(modelBkg = 0/1), !coefficients=(NbkgPWS = 57238.1)
RooNLLVar::nll_modelMWS_dataMWS[ paramSet=(NbkgMWS,am,bm,cm,dm0,poly_a,poly_b,poly_c) ]
     function value is NAN @ paramSet=(NbkgMWS = 56562.1,am = 5.36249,bm = -2.84661,cm = 16.8386,dm0 = 140.68,poly_a = -0.143819,poly_b = 0.60708,poly_c = -0.0828112)
RooAddPdf::modelMWS[ NbkgMWS * modelBkg ]
     getLogVal() top-level p.d.f evaluates to zero @ !refCoefNorm=(), !pdfs=(modelBkg = 0/1), !coefficients=(NbkgMWS = 56562.1)
     getLogVal() top-level p.d.f evaluates to zero @ !refCoefNorm=(), !pdfs=(modelBkg = 0/1), !coefficients=(NbkgMWS = 56562.1)
     getLogVal() top-level p.d.f evaluates to zero @ !refCoefNorm=(), !pdfs=(modelBkg = 0/1), !coefficients=(NbkgMWS = 56562.1)

[#0] WARNING:Minization -- RooMinuitGlue: Minimized function has error status.
Returning maximum FCN so far (-680800) to force MIGRAD to back out of this region. Error log follows
Parameter values: NbkgMWS=56562.1, NbkgPWS=57238.2, am=4.5571, bm=-7.53497, cm=12.9323, dm0=139.266, poly_a=-0.849766, poly_b=0.538408, poly_c=-0.206862
RooAddition::nll[ nll_modelPWS_dataPWS + nll_modelMWS_dataMWS ]
     function value is NAN @ !set=(nll_modelPWS_dataPWS = -nan,nll_modelMWS_dataMWS = -nan)
RooNLLVar::nll_modelPWS_dataPWS[ paramSet=(NbkgPWS,am,bm,cm,dm0,poly_a,poly_b,poly_c) ]
     function value is NAN @ paramSet=(NbkgPWS = 57238.2,am = 4.5571,bm = -7.53497,cm = 12.9323,dm0 = 139.266,poly_a = -0.849766,poly_b = 0.538408,poly_c = -0.206862)
RooAddPdf::modelPWS[ NbkgPWS * modelBkg ]
     getLogVal() top-level p.d.f evaluates to zero @ !refCoefNorm=(), !pdfs=(modelBkg = 0/1), !coefficients=(NbkgPWS = 57238.2)
RooNLLVar::nll_modelMWS_dataMWS[ paramSet=(NbkgMWS,am,bm,cm,dm0,poly_a,poly_b,poly_c) ]
     function value is NAN @ paramSet=(NbkgMWS = 56562.1,am = 4.5571,bm = -7.53497,cm = 12.9323,dm0 = 139.266,poly_a = -0.849766,poly_b = 0.538408,poly_c = -0.206862)
RooAddPdf::modelMWS[ NbkgMWS * modelBkg ]
     getLogVal() top-level p.d.f evaluates to zero @ !refCoefNorm=(), !pdfs=(modelBkg = 0/1), !coefficients=(NbkgMWS = 56562.1)

 MIGRAD FAILS TO FIND IMPROVEMENT
 MIGRAD TERMINATED WITHOUT CONVERGENCE.
 FCN=-732736 FROM MIGRAD    STATUS=FAILED       1214 CALLS        1215 TOTAL
                     EDM=8877.62    STRATEGY= 1      ERR MATRIX NOT POS-DEF
  EXT PARAMETER                APPROXIMATE        STEP         FIRST   
  NO.   NAME      VALUE            ERROR          SIZE      DERIVATIVE 
   1  NbkgMWS      5.65622e+04   1.18744e+02  -0.00000e+00   2.95930e-02
   2  NbkgPWS      5.72382e+04   1.19452e+02  -0.00000e+00   3.73557e-02
   3  am           4.43831e+00   7.02200e-03   0.00000e+00  -3.33057e+01
   4  bm          -8.20946e+00   3.96538e-02   0.00000e+00  -1.43374e+02
   5  cm           1.22672e+01   3.98674e-02   0.00000e+00  -1.40222e+01
   6  dm0          1.39052e+02   1.26343e-02   0.00000e+00  -7.70939e+04
   7  poly_a      -9.09766e-01   3.11815e-03   0.00000e+00  -6.90199e+00
   8  poly_b       5.28055e-01   6.28827e-04   0.00000e+00   9.53391e+00
   9  poly_c      -2.24745e-01   1.62219e-03   0.00000e+00   8.79335e+00
                               ERR DEF= 0.5
 EXTERNAL ERROR MATRIX.    NDIM=  25    NPAR=  9    ERR DEF=0.5
  1.410e+04  1.178e-06 -2.899e-11 -1.638e-10 -1.734e-10 -5.211e-11 -1.218e-11 -2.385e-12 -1.653e-11 
  1.178e-06  1.427e+04  7.359e-10  4.156e-09  4.169e-09  1.319e-09  3.263e-10  6.489e-11  1.103e-10 
 -2.899e-11  7.359e-10  4.931e-05  2.777e-04  2.792e-04  8.849e-05  2.184e-05  4.299e-06  7.387e-06 
 -1.638e-10  4.156e-09  2.777e-04  1.572e-03  1.577e-03  4.997e-04  1.233e-04  2.428e-05  4.172e-05 
 -1.734e-10  4.169e-09  2.792e-04  1.577e-03  1.589e-03  5.024e-04  1.240e-04  2.441e-05  4.194e-05 
 -5.211e-11  1.319e-09  8.849e-05  4.997e-04  5.024e-04  1.596e-04  3.930e-05  7.736e-06  1.328e-05 
 -1.218e-11  3.263e-10  2.184e-05  1.233e-04  1.240e-04  3.930e-05  9.723e-06  1.914e-06  3.280e-06 
 -2.385e-12  6.489e-11  4.299e-06  2.428e-05  2.441e-05  7.736e-06  1.914e-06  3.954e-07  6.442e-07 
 -1.653e-11  1.103e-10  7.387e-06  4.172e-05  4.194e-05  1.328e-05  3.280e-06  6.442e-07  2.631e-06 
ERR MATRIX NOT POS-DEF
 PARAMETER  CORRELATION COEFFICIENTS  
       NO.  GLOBAL      1      2      3      4      5      6      7      8      9
        1  0.00000   1.000  0.000 -0.000 -0.000 -0.000 -0.000 -0.000 -0.000 -0.000
        2  0.00000   0.000  1.000  0.000  0.000  0.000  0.000  0.000  0.000  0.000
        3  0.99838  -0.000  0.000  1.000  0.997  0.997  0.997  0.997  0.974  0.649
        4  0.99838  -0.000  0.000  0.997  1.000  0.997  0.997  0.997  0.974  0.649
        5  0.99837  -0.000  0.000  0.997  0.997  1.000  0.997  0.997  0.974  0.649
        6  0.99841  -0.000  0.000  0.997  0.997  0.997  1.000  0.997  0.974  0.648
        7  0.99853  -0.000  0.000  0.997  0.997  0.997  0.997  1.000  0.976  0.648
        8  0.97614  -0.000  0.000  0.974  0.974  0.974  0.974  0.976  1.000  0.632
        9  0.64917  -0.000  0.000  0.649  0.649  0.649  0.648  0.648  0.632  1.000
 ERR MATRIX NOT POS-DEF
 **********
 **   18 **HESSE        4500
 **********
 EIGENVALUES OF SECOND-DERIVATIVE MATRIX:
        -1.7220e-01  1.4606e-02  3.0313e-01  8.6477e-01  9.7432e-01  1.0000e+00  1.0000e+00  1.4429e+00  3.5724e+00
 MINUIT WARNING IN HESSE   
 ============== MATRIX FORCED POS-DEF BY ADDING 0.175775 TO DIAGONAL.
 FCN=-732736 FROM HESSE     STATUS=NOT POSDEF    121 CALLS        1336 TOTAL
                     EDM=1729.63    STRATEGY= 1      ERR MATRIX NOT POS-DEF
  EXT PARAMETER                APPROXIMATE     INTERNAL      INTERNAL  
  NO.   NAME      VALUE            ERROR       STEP SIZE       VALUE   
   1  NbkgMWS      5.65622e+04   2.19317e+02   5.09420e-04  -2.44770e-02
   2  NbkgPWS      5.72382e+04   2.20625e+02   4.94150e-04   1.63324e-05
   3  am           4.43831e+00   2.00227e-02   2.55145e-02   7.31162e-02
   4  bm          -8.20946e+00   1.37499e-01   5.73381e-02  -2.15631e-01
   5  cm           1.22672e+01   4.19242e-01   6.34253e-02   5.05770e-01
   6  dm0          1.39052e+02   8.65979e-03   2.54597e-02   2.08475e-01
   7  poly_a      -9.09766e-01   4.24103e-02   1.46984e-01  -1.14272e+00
   8  poly_b       5.28055e-01   7.95469e-03   5.79789e-02   5.56309e-01
   9  poly_c      -2.24745e-01   2.87064e-03   3.00084e-04  -2.26681e-01
                               ERR DEF= 0.5
 EXTERNAL ERROR MATRIX.    NDIM=  25    NPAR=  9    ERR DEF=0.5
  4.811e+04  8.571e-03  5.338e-09  3.602e-08  7.870e-08 -6.492e-09  1.271e-08 -1.411e-08  2.785e-08 
  8.571e-03  4.868e+04  9.510e-16  6.417e-15  1.402e-14 -1.157e-15  2.265e-15 -2.513e-15  4.963e-15 
  5.338e-09  9.510e-16  4.009e-04  1.935e-03  4.968e-03 -5.942e-05 -6.060e-04  1.063e-04  1.312e-06 
  3.602e-08  6.417e-15  1.935e-03  1.891e-02  5.428e-02 -5.471e-04 -5.637e-03  9.844e-04  7.927e-06 
  7.870e-08  1.402e-14  4.968e-03  5.428e-02  1.758e-01 -1.661e-03 -1.747e-02  2.989e-03  1.440e-05 
 -6.492e-09 -1.157e-15 -5.942e-05 -5.471e-04 -1.661e-03  7.499e-05  1.657e-04 -2.582e-05 -1.964e-06 
  1.271e-08  2.265e-15 -6.060e-04 -5.637e-03 -1.747e-02  1.657e-04  1.805e-03 -3.157e-04  4.737e-06 
 -1.411e-08 -2.513e-15  1.063e-04  9.844e-04  2.989e-03 -2.582e-05 -3.157e-04  6.328e-05 -4.394e-06 
  2.785e-08  4.963e-15  1.312e-06  7.927e-06  1.440e-05 -1.964e-06  4.737e-06 -4.394e-06  8.241e-06 
ERR MATRIX NOT POS-DEF
 PARAMETER  CORRELATION COEFFICIENTS  
       NO.  GLOBAL      1      2      3      4      5      6      7      8      9
        1  0.00000   1.000  0.000  0.000  0.000  0.000 -0.000  0.000 -0.000  0.000
        2  0.00000   0.000  1.000  0.000  0.000  0.000 -0.000  0.000 -0.000  0.000
        3  0.92801   0.000  0.000  1.000  0.703  0.592 -0.343 -0.712  0.668  0.023
        4  0.96867   0.000  0.000  0.703  1.000  0.941 -0.459 -0.965  0.900  0.020
        5  0.99527   0.000  0.000  0.592  0.941  1.000 -0.458 -0.981  0.896  0.012
        6  0.49731  -0.000 -0.000 -0.343 -0.459 -0.458  1.000  0.450 -0.375 -0.079
        7  0.99747   0.000  0.000 -0.712 -0.965 -0.981  0.450  1.000 -0.934  0.039
        8  0.95242  -0.000 -0.000  0.668  0.900  0.896 -0.375 -0.934  1.000 -0.192
        9  0.60798   0.000  0.000  0.023  0.020  0.012 -0.079  0.039 -0.192  1.000
 ERR MATRIX NOT POS-DEF
[#1] INFO:NumericIntegration -- RooRealIntegral::init([pdfD0BG_X_poly]_Norm[x]_denominator_Int[x]) using numeric integrator RooIntegrator1D to calculate Int(x)
[#1] INFO:NumericIntegration -- RooRealIntegral::init([pdfD0BG_X_poly]_Norm[x]_denominator_Int[x]) using numeric integrator RooIntegrator1D to calculate Int(x)
