   ------------------------------------------------------------------
  | Welcome to ROOT 6.24/08                        https://root.cern |
  | (c) 1995-2021, The ROOT Team; conception: R. Brun, F. Rademakers |
  | Built for linuxx8664gcc on Sep 29 2022, 13:04:57                 |
  | From tags/v6-24-08@v6-24-08                                      |
  | With c++ (GCC) 4.8.5 20150623 (Red Hat 4.8.5-44)                 |
  | Try '.help', '.demo', '.license', '.credits', '.quit'/'.q'       |
   ------------------------------------------------------------------


Processing full.C(2,6,"Up","2018")...

[1mRooFit v3.60 -- Developed by Wouter Verkerke and David Kirkby[0m 
                Copyright (C) 2000-2013 NIKHEF, University of California & Stanford University
                All rights reserved, please read http://roofit.sourceforge.net/license.txt

-------------------------
Set LHCb Style - May 2021
-------------------------
../fulltempt/PARAMs/FullMom_2_6.txt
../../../../selection/promptD/results/2018MagUpFullRS.root/DecayTree
[#0] WARNING:InputArguments -- The parameter 'sigma3' with range [0, 10] of the RooGaussian 'sig_pdf2' exceeds the safe range of (0, inf). Advise to limit its range.
[#0] ERROR:Integration --  RooNumIntFactory::Init : libRooFitMore cannot be loaded. GSL integrators will not beavailable ! 
[#1] INFO:NumericIntegration -- RooRealIntegral::init(modelBkg_Int[x]) using numeric integrator RooIntegrator1D to calculate Int(x)
[#1] INFO:NumericIntegration -- RooRealIntegral::init(modelBkg_Int[x]) using numeric integrator RooIntegrator1D to calculate Int(x)
[#1] INFO:NumericIntegration -- RooRealIntegral::init(modelBkg_Int[x]) using numeric integrator RooIntegrator1D to calculate Int(x)
[#1] INFO:NumericIntegration -- RooRealIntegral::init(modelBkg_Int[x]) using numeric integrator RooIntegrator1D to calculate Int(x)
[#1] INFO:Fitting -- RooAddition::defaultErrorLevel(nll) Summation contains a RooNLLVar, using its error level
 **********
 **   13 **MIGRAD        6500           1
 **********
 FIRST CALL TO USER FUNCTION AT NEW START POINT, WITH IFLAG=4.
 START MIGRAD MINIMIZATION.  STRATEGY  1.  CONVERGENCE WHEN EDM .LT. 1.00e-03
 FCN=-51517.7 FROM MIGRAD    STATUS=INITIATE      139 CALLS         140 TOTAL
                     EDM= unknown      STRATEGY= 1      NO ERROR MATRIX       
  EXT PARAMETER               CURRENT GUESS       STEP         FIRST   
  NO.   NAME      VALUE            ERROR          SIZE      DERIVATIVE 
   1  NbkgMRS      4.92000e+02   2.46000e+02   0.00000e+00  -1.46958e+03
   2  NbkgPRS      4.70600e+02   2.35300e+02   0.00000e+00  -1.43864e+03
   3  NsigMRS      4.42800e+03   2.46000e+02   0.00000e+00   1.63246e+02
   4  NsigPRS      4.23540e+03   2.35300e+02   0.00000e+00   1.59807e+02
   5  am           3.00000e+00   2.00000e+00   0.00000e+00  -1.10663e+03
   6  bm          -8.43005e+00   1.75000e+00   0.00000e+00  -8.16725e+02
   7  cm           2.83915e-01   8.00000e+00  -1.13032e-01  -4.75842e+02
   8  coeffsig     3.00000e-01   1.00000e-01   0.00000e+00  -9.77801e+01
   9  dm0          1.39400e+02   2.00000e+00   0.00000e+00  -8.46210e+02
  10  mean         1.45500e+02   2.10000e+00   0.00000e+00   3.91229e+03
  11  sigma1       5.00000e-01   2.50000e-01   0.00000e+00  -1.29149e+02
  12  sigma2       5.00000e-01   2.50000e-01   0.00000e+00   2.72848e+02
  13  sigma3       1.10000e+00   5.50000e-01   0.00000e+00  -1.42087e+03
                               ERR DEF= 0.5
 MIGRAD FAILS TO FIND IMPROVEMENT
 COVARIANCE MATRIX CALCULATED SUCCESSFULLY
 FCN=-52388.8 FROM HESSE     STATUS=OK            137 CALLS        1555 TOTAL
                     EDM=0.80076    STRATEGY= 1      ERROR MATRIX ACCURATE 
  EXT PARAMETER                                   STEP         FIRST   
  NO.   NAME      VALUE            ERROR          SIZE      DERIVATIVE 
   1  NbkgMRS      1.17775e+03   5.56827e+01   3.06505e-03  -1.33152e+01
   2  NbkgPRS      1.17937e+03   5.39180e+01   3.17030e-03   2.31368e+01
   3  NsigMRS      3.72340e+03   7.49372e+01   4.71932e-03  -6.45018e+00
   4  NsigPRS      3.53545e+03   7.21577e+01   4.80895e-03  -2.62275e+00
   5  am           9.39323e+00   1.89145e-01   3.59587e-03  -1.83470e+01
   6  bm          -1.99247e+01   8.82843e-01   2.59430e-02   7.27875e-02
   7  cm           3.35619e-01   2.31799e-02   1.08899e-04  -2.52026e+02
   8  coeffsig     9.18549e-01   2.09975e-02   5.16624e-03  -6.61676e+00
   9  dm0          1.39538e+02   2.45529e-03   8.73480e-05  -1.22490e+03
  10  mean         1.45420e+02   2.62794e-02   1.65351e-04  -2.24279e+02
  11  sigma1       7.10043e-01   2.26590e-02   6.68262e-04   2.05930e+01
  12  sigma2       7.97363e-01   2.09769e-02   6.48451e-04  -5.57464e+01
  13  sigma3       2.76595e+00   2.81219e-01   7.42753e-03   8.24422e+00
                               ERR DEF= 0.5
 MIGRAD FAILS TO FIND IMPROVEMENT
 MACHINE ACCURACY LIMITS FURTHER IMPROVEMENT.
 MIGRAD MINIMIZATION HAS CONVERGED.
 FCN=-52389.4 FROM MIGRAD    STATUS=CONVERGED    1822 CALLS        1823 TOTAL
                     EDM=0.00102313    STRATEGY= 1  ERROR MATRIX UNCERTAINTY   4.1 per cent
  EXT PARAMETER                                   STEP         FIRST   
  NO.   NAME      VALUE            ERROR          SIZE      DERIVATIVE 
   1  NbkgMRS      1.16977e+03   5.53829e+01   0.00000e+00  -1.11966e-01
   2  NbkgPRS      1.14285e+03   5.40966e+01   0.00000e+00  -1.82910e-01
   3  NsigMRS      3.75032e+03   7.51630e+01  -0.00000e+00   6.76396e-02
   4  NsigPRS      3.56317e+03   7.23351e+01  -0.00000e+00   5.66117e-02
   5  am           9.50010e+00   1.11577e-01   0.00000e+00  -6.17846e-01
   6  bm          -2.00000e+01   2.02826e-01  -0.00000e+00   3.35431e-02
   7  cm           3.37313e-01   6.14134e-03   0.00000e+00  -1.96446e+02
   8  coeffsig     9.11368e-01   2.09281e-02  -0.00000e+00  -1.15772e-01
   9  dm0          1.39538e+02   5.26747e-04   0.00000e+00  -1.08581e+02
  10  mean         1.45422e+02   2.62775e-02  -0.00000e+00  -6.92254e-01
  11  sigma1       7.09933e-01   2.25216e-02  -0.00000e+00   4.91186e-01
  12  sigma2       7.96558e-01   2.08196e-02  -0.00000e+00   1.39016e-01
  13  sigma3       2.68845e+00   2.53482e-01  -0.00000e+00  -2.75833e-02
                               ERR DEF= 0.5
 EXTERNAL ERROR MATRIX.    NDIM=  28    NPAR= 13    ERR DEF=0.5
 ELEMENTS ABOVE DIAGONAL ARE NOT PRINTED.
  3.068e+03 
  1.290e+03  2.927e+03 
 -1.940e+03 -1.346e+03  5.652e+03 
 -1.276e+03 -1.769e+03  1.342e+03  5.235e+03 
 -3.589e+00 -3.544e+00  3.771e+00  3.501e+00  1.245e-02 
 -1.772e-02 -1.683e-02  1.726e-02  1.599e-02  1.203e-04  1.425e-05 
  1.325e-02  3.970e-02 -3.373e-02 -3.402e-02 -7.536e-05 -1.885e-06  3.772e-05 
  6.799e-01  6.180e-01 -6.815e-01 -6.205e-01 -1.608e-03 -9.726e-06  2.136e-06  4.388e-04 
 -8.731e-04 -9.785e-04  1.205e-03  1.116e-03  3.213e-06  4.143e-07 -5.177e-07 -3.006e-07  2.775e-07 
  3.852e-02  3.444e-02 -3.568e-02 -3.293e-02 -1.279e-04 -9.455e-07 -3.166e-06  5.973e-05  8.255e-09  6.905e-04 
  1.565e-01  1.313e-01 -1.500e-01 -1.325e-01 -4.091e-04 -3.358e-06 -4.392e-06  1.970e-04 -4.946e-08  4.632e-04  5.072e-04 
  1.701e-01  1.470e-01 -1.685e-01 -1.478e-01 -4.416e-04 -2.816e-06 -1.591e-06  1.512e-04 -8.893e-08 -3.853e-04 -1.520e-04 
  1.701e-01  1.470e-01 -1.685e-01 -1.478e-01 -4.416e-04 -2.816e-06 -1.591e-06  1.512e-04 -8.893e-08 -3.853e-04 -1.520e-04  4.335e-04 
  2.944e+00  2.080e+00 -2.521e+00 -2.272e+00 -1.016e-02 -1.107e-04 -1.420e-04  3.469e-03 -5.420e-08  1.071e-03  2.422e-03 
  2.944e+00  2.080e+00 -2.521e+00 -2.272e+00 -1.016e-02 -1.107e-04 -1.420e-04  3.469e-03 -5.420e-08  1.071e-03  2.422e-03  1.285e-03  6.432e-02 
 PARAMETER  CORRELATION COEFFICIENTS  
       NO.  GLOBAL      1      2      3      4      5      6      7      8      9     10     11     12     13
        1  0.68705   1.000  0.430 -0.466 -0.318 -0.581 -0.085  0.039  0.586 -0.030  0.026  0.125  0.147  0.210
        2  0.68175   0.430  1.000 -0.331 -0.452 -0.587 -0.082  0.119  0.545 -0.034  0.024  0.108  0.130  0.152
        3  0.54035  -0.466 -0.331  1.000  0.247  0.450  0.061 -0.073 -0.433  0.030 -0.018 -0.089 -0.108 -0.132
        4  0.51980  -0.318 -0.452  0.247  1.000  0.434  0.059 -0.077 -0.409  0.029 -0.017 -0.081 -0.098 -0.124
        5  0.79707  -0.581 -0.587  0.450  0.434  1.000  0.286 -0.110 -0.688  0.055 -0.044 -0.163 -0.190 -0.359
        6  0.38381  -0.085 -0.082  0.061  0.059  0.286  1.000 -0.081 -0.123  0.208 -0.010 -0.040 -0.036 -0.116
        7  0.24839   0.039  0.119 -0.073 -0.077 -0.110 -0.081  1.000  0.017 -0.160 -0.020 -0.032 -0.012 -0.091
        8  0.90690   0.586  0.545 -0.433 -0.409 -0.688 -0.123  0.017  1.000 -0.027  0.109  0.418  0.347  0.653
        9  0.25583  -0.030 -0.034  0.030  0.029  0.055  0.208 -0.160 -0.027  1.000  0.001 -0.004 -0.008 -0.000
       10  0.91730   0.026  0.024 -0.018 -0.017 -0.044 -0.010 -0.020  0.109  0.001  1.000  0.783 -0.704  0.161
       11  0.87680   0.125  0.108 -0.089 -0.081 -0.163 -0.040 -0.032  0.418 -0.004  0.783  1.000 -0.324  0.424
       12  0.84609   0.147  0.130 -0.108 -0.098 -0.190 -0.036 -0.012  0.347 -0.008 -0.704 -0.324  1.000  0.243
       13  0.74217   0.210  0.152 -0.132 -0.124 -0.359 -0.116 -0.091  0.653 -0.000  0.161  0.424  0.243  1.000
 **********
 **   18 **HESSE        6500
 **********
 COVARIANCE MATRIX CALCULATED SUCCESSFULLY
 FCN=-52389.4 FROM HESSE     STATUS=OK            149 CALLS        1972 TOTAL
                     EDM=0.149506    STRATEGY= 1      ERROR MATRIX ACCURATE 
  EXT PARAMETER                                INTERNAL      INTERNAL  
  NO.   NAME      VALUE            ERROR       STEP SIZE       VALUE   
   1  NbkgMRS      1.16977e+03   5.62483e+01   3.07494e-03  -5.52110e-01
   2  NbkgPRS      1.14285e+03   5.38429e+01   3.14185e-03  -5.40194e-01
   3  NsigMRS      3.75032e+03   7.57641e+01   4.85196e-03   5.52150e-01
   4  NsigPRS      3.56317e+03   7.29089e+01   4.91074e-03   5.40204e-01
   5  am           9.50010e+00   1.31787e-01   4.71608e-03   1.25327e+00
   6  bm          -2.00000e+01   2.93052e-01   3.75425e-02  -1.56893e+00
   7  cm           3.37313e-01   1.76867e-02   7.99260e-05  -1.12334e+00
   8  coeffsig     9.11368e-01   2.04931e-02   4.89169e-03   9.66209e-01
   9  dm0          1.39538e+02   3.51765e-02   1.05682e-05  -4.62290e-02
  10  mean         1.45422e+02   2.64877e-02   1.65356e-04  -2.97536e-01
  11  sigma1       7.09933e-01   2.27210e-02   6.71761e-04  -1.03139e+00
  12  sigma2       7.96558e-01   2.09150e-02   6.53947e-04  -9.98553e-01
  13  sigma3       2.68845e+00   2.35094e-01   5.86120e-03  -4.80598e-01
                               ERR DEF= 0.5
 EXTERNAL ERROR MATRIX.    NDIM=  28    NPAR= 13    ERR DEF=0.5
 ELEMENTS ABOVE DIAGONAL ARE NOT PRINTED.
  3.165e+03 
  1.322e+03  2.900e+03 
 -1.992e+03 -1.321e+03  5.743e+03 
 -1.321e+03 -1.754e+03  1.320e+03  5.318e+03 
 -4.008e+00 -3.724e+00  4.004e+00  3.720e+00  1.738e-02 
  1.822e-05  2.924e-05 -1.779e-05 -2.879e-05 -7.123e-05  2.062e-05 
  5.941e-02  5.596e-02 -5.933e-02 -5.589e-02 -2.492e-04 -2.265e-07  3.128e-04 
  6.803e-01  6.269e-01 -6.799e-01 -6.265e-01 -1.668e-03 -3.620e-07  2.477e-05  4.207e-04 
  3.183e-01  3.078e-01 -3.178e-01 -3.073e-01 -9.518e-04 -1.454e-06 -1.091e-04  1.629e-04  1.237e-03 
  5.418e-02  5.040e-02 -5.412e-02 -5.034e-02 -1.824e-04 -1.124e-07  1.654e-06  6.443e-05  1.647e-05  7.016e-04 
  1.699e-01  1.546e-01 -1.699e-01 -1.546e-01 -4.568e-04 -1.406e-07  5.789e-06  1.963e-04  5.446e-05  4.736e-04  5.163e-04 
  1.729e-01  1.550e-01 -1.729e-01 -1.550e-01 -4.446e-04 -3.590e-07  6.836e-06  1.446e-04  4.980e-05 -3.914e-04 -1.587e-04 
  1.729e-01  1.550e-01 -1.729e-01 -1.550e-01 -4.446e-04 -3.590e-07  6.836e-06  1.446e-04  4.980e-05 -3.914e-04 -1.587e-04  4.374e-04 
  2.499e+00  2.355e+00 -2.495e+00 -2.351e+00 -8.736e-03 -7.532e-06  1.778e-04  3.047e-03  1.860e-03  9.684e-04  2.159e-03 
  2.499e+00  2.355e+00 -2.495e+00 -2.351e+00 -8.736e-03 -7.532e-06  1.778e-04  3.047e-03  1.860e-03  9.684e-04  2.159e-03  1.084e-03  5.532e-02 
 PARAMETER  CORRELATION COEFFICIENTS  
       NO.  GLOBAL      1      2      3      4      5      6      7      8      9     10     11     12     13
        1  0.68953   1.000  0.436 -0.467 -0.322 -0.540  0.000  0.060  0.590  0.161  0.036  0.133  0.147  0.189
        2  0.66708   0.436  1.000 -0.324 -0.447 -0.525  0.000  0.059  0.568  0.163  0.035  0.126  0.138  0.186
        3  0.52973  -0.467 -0.324  1.000  0.239  0.401 -0.000 -0.044 -0.437 -0.119 -0.027 -0.099 -0.109 -0.140
        4  0.51111  -0.322 -0.447  0.239  1.000  0.387 -0.000 -0.043 -0.419 -0.120 -0.026 -0.093 -0.102 -0.137
        5  0.70860  -0.540 -0.525  0.401  0.387  1.000 -0.119 -0.107 -0.617 -0.205 -0.052 -0.152 -0.161 -0.282
        6  0.16942   0.000  0.000 -0.000 -0.000 -0.119  1.000 -0.003 -0.004 -0.009 -0.001 -0.001 -0.004 -0.007
        7  0.23603   0.060  0.059 -0.044 -0.043 -0.107 -0.003  1.000  0.068 -0.175  0.004  0.014  0.018  0.043
        8  0.90328   0.590  0.568 -0.437 -0.419 -0.617 -0.004  0.068  1.000  0.226  0.119  0.421  0.337  0.632
        9  0.34745   0.161  0.163 -0.119 -0.120 -0.205 -0.009 -0.175  0.226  1.000  0.018  0.068  0.068  0.225
       10  0.91804   0.036  0.035 -0.027 -0.026 -0.052 -0.001  0.004  0.119  0.018  1.000  0.787 -0.707  0.155
       11  0.87703   0.133  0.126 -0.099 -0.093 -0.152 -0.001  0.014  0.421  0.068  0.787  1.000 -0.334  0.404
       12  0.84443   0.147  0.138 -0.109 -0.102 -0.161 -0.004  0.018  0.337  0.068 -0.707 -0.334  1.000  0.220
       13  0.71756   0.189  0.186 -0.140 -0.137 -0.282 -0.007  0.043  0.632  0.225  0.155  0.404  0.220  1.000
71 ; 1.41822 ; 1.10443
[#1] INFO:Plotting -- RooAbsPdf::plotOn(modelMRS) directly selected PDF components: (modelBkg)
[#1] INFO:Plotting -- RooAbsPdf::plotOn(modelMRS) indirectly selected PDF components: ()
[#1] INFO:NumericIntegration -- RooRealIntegral::init(modelBkg_Int[x]) using numeric integrator RooIntegrator1D to calculate Int(x)
[#1] INFO:Plotting -- RooAbsPdf::plotOn(modelMRS) directly selected PDF components: (modelSig)
[#1] INFO:Plotting -- RooAbsPdf::plotOn(modelMRS) indirectly selected PDF components: (sig_pdf1,sig_pdf2)
[#1] INFO:NumericIntegration -- RooRealIntegral::init(modelBkg_Int[x]) using numeric integrator RooIntegrator1D to calculate Int(x)
[#1] INFO:NumericIntegration -- RooRealIntegral::init(modelBkg_Int[x]) using numeric integrator RooIntegrator1D to calculate Int(x)
[#1] INFO:Plotting -- RooAbsPdf::plotOn(modelPRS) directly selected PDF components: (modelBkg)
[#1] INFO:Plotting -- RooAbsPdf::plotOn(modelPRS) indirectly selected PDF components: ()
[#1] INFO:NumericIntegration -- RooRealIntegral::init(modelBkg_Int[x]) using numeric integrator RooIntegrator1D to calculate Int(x)
[#1] INFO:Plotting -- RooAbsPdf::plotOn(modelPRS) directly selected PDF components: (modelSig)
[#1] INFO:Plotting -- RooAbsPdf::plotOn(modelPRS) indirectly selected PDF components: (sig_pdf1,sig_pdf2)
[#1] INFO:NumericIntegration -- RooRealIntegral::init(modelBkg_Int[x]) using numeric integrator RooIntegrator1D to calculate Int(x)
[#1] INFO:NumericIntegration -- RooRealIntegral::init(modelBkg_Int[x]) using numeric integrator RooIntegrator1D to calculate Int(x)
PRS chi2: 1.28905 ; MPS chi2: 0.950549
