   ------------------------------------------------------------------
  | Welcome to ROOT 6.24/08                        https://root.cern |
  | (c) 1995-2021, The ROOT Team; conception: R. Brun, F. Rademakers |
  | Built for linuxx8664gcc on Sep 29 2022, 13:04:57                 |
  | From tags/v6-24-08@v6-24-08                                      |
  | With c++ (GCC) 4.8.5 20150623 (Red Hat 4.8.5-44)                 |
  | Try '.help', '.demo', '.license', '.credits', '.quit'/'.q'       |
   ------------------------------------------------------------------


Processing full.C(0,5,"Up","2017")...

[1mRooFit v3.60 -- Developed by Wouter Verkerke and David Kirkby[0m 
                Copyright (C) 2000-2013 NIKHEF, University of California & Stanford University
                All rights reserved, please read http://roofit.sourceforge.net/license.txt

-------------------------
Set LHCb Style - May 2021
-------------------------
../fulltempt/PARAMs/FullMom_0_5.txt
../../../../selection/promptD/results/2017MagUpFullRS.root/DecayTree
[#0] WARNING:InputArguments -- The parameter 'sigma3' with range [0, 50] of the RooGaussian 'sig_pdf2' exceeds the safe range of (0, inf). Advise to limit its range.
[#0] ERROR:Integration --  RooNumIntFactory::Init : libRooFitMore cannot be loaded. GSL integrators will not beavailable ! 
[#1] INFO:NumericIntegration -- RooRealIntegral::init(modelBkg_Int[x]) using numeric integrator RooIntegrator1D to calculate Int(x)
[#1] INFO:NumericIntegration -- RooRealIntegral::init(modelBkg_Int[x]) using numeric integrator RooIntegrator1D to calculate Int(x)
[#1] INFO:NumericIntegration -- RooRealIntegral::init(modelBkg_Int[x]) using numeric integrator RooIntegrator1D to calculate Int(x)
[#1] INFO:NumericIntegration -- RooRealIntegral::init(modelBkg_Int[x]) using numeric integrator RooIntegrator1D to calculate Int(x)
[#1] INFO:Fitting -- RooAddition::defaultErrorLevel(nll) Summation contains a RooNLLVar, using its error level
 **********
 **   13 **MIGRAD        5500           1
 **********
 FIRST CALL TO USER FUNCTION AT NEW START POINT, WITH IFLAG=4.
 START MIGRAD MINIMIZATION.  STRATEGY  1.  CONVERGENCE WHEN EDM .LT. 1.00e-03
 FCN=-3373.53 FROM MIGRAD    STATUS=INITIATE       76 CALLS          77 TOTAL
                     EDM= unknown      STRATEGY= 1      NO ERROR MATRIX       
  EXT PARAMETER               CURRENT GUESS       STEP         FIRST   
  NO.   NAME      VALUE            ERROR          SIZE      DERIVATIVE 
   1  NbkgMRS      6.01000e+01   3.00500e+01   0.00000e+00  -3.48915e+02
   2  NbkgPRS      5.82000e+01   2.91000e+01   0.00000e+00  -2.83439e+02
   3  NsigMRS      4.25883e+02   3.00500e+01  -4.96881e-01   8.25034e-01
   4  NsigPRS      5.23800e+02   2.91000e+01   0.00000e+00   3.14388e+01
   5  am           1.10000e+01   3.00000e+00   0.00000e+00  -2.04400e+02
   6  bm          -2.40000e+01   5.00000e+00   0.00000e+00  -6.09558e+01
   7  coeffsig     9.00000e-01   5.00000e-02   0.00000e+00   2.47844e+02
   8  dm0          1.39400e+02   2.00000e+00   0.00000e+00   1.62534e+02
   9  mean         1.45400e+02   2.10000e+00   0.00000e+00   3.49672e+02
  10  sigma1       6.00000e-01   3.00000e-01   0.00000e+00  -3.25350e+02
  11  sigma2       7.00000e-01   3.50000e-01   0.00000e+00  -1.76601e+02
                               ERR DEF= 0.5
 MIGRAD MINIMIZATION HAS CONVERGED.
 MIGRAD WILL VERIFY CONVERGENCE AND ERROR MATRIX.
 COVARIANCE MATRIX CALCULATED SUCCESSFULLY
 FCN=-3600.9 FROM MIGRAD    STATUS=CONVERGED     950 CALLS         951 TOTAL
                     EDM=0.000579006    STRATEGY= 1      ERROR MATRIX ACCURATE 
  EXT PARAMETER                                   STEP         FIRST   
  NO.   NAME      VALUE            ERROR          SIZE      DERIVATIVE 
   1  NbkgMRS      2.78354e+02   1.89141e+01   2.51369e-03   1.76062e-03
   2  NbkgPRS      2.59773e+02   1.81857e+01   2.51663e-03   1.10806e-01
   3  NsigMRS      3.22699e+02   2.00509e+01   2.67340e-03   4.81159e-02
   4  NsigPRS      3.22299e+02   1.98208e+01   2.75252e-03  -2.49829e-02
   5  am           1.03265e+01   4.18588e-01   3.69690e-04   1.74989e-01
   6  bm          -2.34908e+01   1.27709e+00   6.39430e-04   1.09455e-01
   7  coeffsig     9.99999e-01   2.46161e-02   1.30780e-02  -1.51079e-02
   8  dm0          1.39313e+02   1.32679e-02   5.08817e-05   1.47329e+01
   9  mean         1.45416e+02   7.15400e-02   1.29609e-04  -3.74016e-01
  10  sigma1       6.40428e-01   5.83020e-02   5.66396e-04  -4.00364e-01
  11  sigma2       7.16006e-01   5.32262e-02   5.18736e-04  -2.98612e-01
                               ERR DEF= 0.5
 EXTERNAL ERROR MATRIX.    NDIM=  28    NPAR= 11    ERR DEF=0.5
  3.582e+02 
  1.570e+01  3.312e+02 
 -7.976e+01 -1.570e+01  4.026e+02 
 -1.569e+01 -7.115e+01  1.569e+01  3.935e+02 
 -7.894e-01 -7.309e-01  7.889e-01  7.299e-01  1.753e-01 
  1.506e+00  1.418e+00 -1.505e+00 -1.416e+00 -5.087e-01  1.632e+00 
 -4.076e-05 -4.052e-05  4.083e-05  4.057e-05  6.454e-07 -1.427e-06  5.589e-08 
  2.369e-03  2.140e-03 -2.368e-03 -2.137e-03  1.254e-04 -4.632e-04 -4.026e-10  1.760e-04 
 -4.523e-02 -2.336e-02  4.530e-02  2.336e-02 -3.740e-04  2.517e-03  1.447e-09 -2.973e-06  5.118e-03 
 -1.449e-01 -1.138e-01  1.450e-01  1.138e-01  8.248e-04  8.944e-04 -2.798e-08 -8.131e-06  3.287e-03  3.400e-03 
 -5.618e-02 -6.254e-02  5.617e-02  6.252e-02  2.150e-03 -6.388e-03 -3.476e-08 -1.308e-06 -2.932e-03 -1.571e-03  2.833e-03 
 PARAMETER  CORRELATION COEFFICIENTS  
       NO.  GLOBAL      1      2      3      4      5      6      7      8      9     10     11
        1  0.27861   1.000  0.046 -0.210 -0.042 -0.100  0.062 -0.009  0.009 -0.033 -0.131 -0.056
        2  0.26088   0.046  1.000 -0.043 -0.197 -0.096  0.061 -0.009  0.009 -0.018 -0.107 -0.065
        3  0.26890  -0.210 -0.043  1.000  0.039  0.094 -0.059  0.009 -0.009  0.032  0.124  0.053
        4  0.24808  -0.042 -0.197  0.039  1.000  0.088 -0.056  0.009 -0.008  0.016  0.098  0.059
        5  0.95432  -0.100 -0.096  0.094  0.088  1.000 -0.951  0.007  0.023 -0.012  0.034  0.096
        6  0.95352   0.062  0.061 -0.059 -0.056 -0.951  1.000 -0.005 -0.027  0.028  0.012 -0.094
        7  0.01966  -0.009 -0.009  0.009  0.009  0.007 -0.005  1.000 -0.000  0.000 -0.002 -0.003
        8  0.03500   0.009  0.009 -0.009 -0.008  0.023 -0.027 -0.000  1.000 -0.003 -0.011 -0.002
        9  0.89853  -0.033 -0.018  0.032  0.016 -0.012  0.028  0.000 -0.003  1.000  0.788 -0.770
       10  0.81881  -0.131 -0.107  0.124  0.098  0.034  0.012 -0.002 -0.011  0.788  1.000 -0.506
       11  0.79514  -0.056 -0.065  0.053  0.059  0.096 -0.094 -0.003 -0.002 -0.770 -0.506  1.000
 **********
 **   18 **HESSE        5500
 **********
 COVARIANCE MATRIX CALCULATED SUCCESSFULLY
 FCN=-3600.9 FROM HESSE     STATUS=OK            110 CALLS        1061 TOTAL
                     EDM=0.00361828    STRATEGY= 1      ERROR MATRIX ACCURATE 
  EXT PARAMETER                                INTERNAL      INTERNAL  
  NO.   NAME      VALUE            ERROR       STEP SIZE       VALUE   
   1  NbkgMRS      2.78354e+02   1.89529e+01   1.00548e-04  -7.37640e-02
   2  NbkgPRS      2.59773e+02   1.82201e+01   5.03326e-04  -1.07517e-01
   3  NsigMRS      3.22699e+02   2.00875e+01   5.34681e-04   7.39425e-02
   4  NsigPRS      3.22299e+02   1.98527e+01   5.50504e-04   1.07765e-01
   5  am           1.03265e+01   4.94225e-01   1.47876e-05   3.63018e-01
   6  bm          -2.34908e+01   1.51076e+00   2.55772e-05   6.04056e-02
   7  coeffsig     9.99999e-01   2.46254e-02   2.61560e-03   1.56930e+00
   8  dm0          1.39313e+02   5.15358e-02   2.36079e-03  -6.87748e-02
   9  mean         1.45416e+02   7.18389e-02   2.59217e-05  -2.98106e-01
  10  sigma1       6.40428e-01   5.85010e-02   1.13279e-04  -1.05910e+00
  11  sigma2       7.16006e-01   5.35231e-02   1.03747e-04  -1.02903e+00
                               ERR DEF= 0.5
 EXTERNAL ERROR MATRIX.    NDIM=  28    NPAR= 11    ERR DEF=0.5
  3.597e+02 
  1.702e+01  3.324e+02 
 -8.133e+01 -1.702e+01  4.041e+02 
 -1.701e+01 -7.249e+01  1.701e+01  3.947e+02 
 -1.004e+00 -9.318e-01  1.004e+00  9.312e-01  2.444e-01 
  2.145e+00  2.017e+00 -2.145e+00 -2.016e+00 -7.212e-01  2.285e+00 
  1.593e-06  1.581e-06 -1.593e-06 -1.581e-06 -3.312e-08  8.048e-08  5.591e-08 
  3.499e-02  3.151e-02 -3.498e-02 -3.149e-02  2.782e-03 -9.920e-03 -9.319e-11  2.656e-03 
 -4.545e-02 -2.363e-02  4.546e-02  2.362e-02 -6.733e-04  3.469e-03 -2.474e-11 -5.170e-05  5.161e-03 
 -1.476e-01 -1.164e-01  1.476e-01  1.164e-01  7.894e-04  1.070e-03  1.064e-09 -1.303e-04  3.315e-03  3.423e-03 
 -5.949e-02 -6.560e-02  5.949e-02  6.558e-02  2.982e-03 -8.929e-03  1.229e-09 -9.904e-06 -2.965e-03 -1.588e-03  2.865e-03 
 PARAMETER  CORRELATION COEFFICIENTS  
       NO.  GLOBAL      1      2      3      4      5      6      7      8      9     10     11
        1  0.28532   1.000  0.049 -0.213 -0.045 -0.107  0.075  0.000  0.036 -0.033 -0.133 -0.059
        2  0.26754   0.049  1.000 -0.046 -0.200 -0.103  0.073  0.000  0.034 -0.018 -0.109 -0.067
        3  0.27512  -0.213 -0.046  1.000  0.043  0.101 -0.071 -0.000 -0.034  0.031  0.125  0.055
        4  0.25407  -0.045 -0.200  0.043  1.000  0.095 -0.067 -0.000 -0.031  0.017  0.100  0.062
        5  0.96746  -0.107 -0.103  0.101  0.095  1.000 -0.965 -0.000  0.109 -0.019  0.027  0.113
        6  0.96702   0.075  0.073 -0.071 -0.067 -0.965  1.000  0.000 -0.127  0.032  0.012 -0.110
        7  0.00077   0.000  0.000 -0.000 -0.000 -0.000  0.000  1.000 -0.000 -0.000  0.000  0.000
        8  0.15658   0.036  0.034 -0.034 -0.031  0.109 -0.127 -0.000  1.000 -0.014 -0.043 -0.004
        9  0.89942  -0.033 -0.018  0.031  0.017 -0.019  0.032 -0.000 -0.014  1.000  0.789 -0.771
       10  0.82018  -0.133 -0.109  0.125  0.100  0.027  0.012  0.000 -0.043  0.789  1.000 -0.507
       11  0.79769  -0.059 -0.067  0.055  0.062  0.113 -0.110  0.000 -0.004 -0.771 -0.507  1.000
73 ; 1.02202 ; 0.944878
[#1] INFO:Plotting -- RooAbsPdf::plotOn(modelMRS) directly selected PDF components: (modelBkg)
[#1] INFO:Plotting -- RooAbsPdf::plotOn(modelMRS) indirectly selected PDF components: ()
[#1] INFO:NumericIntegration -- RooRealIntegral::init(modelBkg_Int[x]) using numeric integrator RooIntegrator1D to calculate Int(x)
[#1] INFO:Plotting -- RooAbsPdf::plotOn(modelMRS) directly selected PDF components: (modelSig)
[#1] INFO:Plotting -- RooAbsPdf::plotOn(modelMRS) indirectly selected PDF components: (sig_pdf1,sig_pdf2)
[#1] INFO:NumericIntegration -- RooRealIntegral::init(modelBkg_Int[x]) using numeric integrator RooIntegrator1D to calculate Int(x)
[#1] INFO:NumericIntegration -- RooRealIntegral::init(modelBkg_Int[x]) using numeric integrator RooIntegrator1D to calculate Int(x)
[#1] INFO:Plotting -- RooAbsPdf::plotOn(modelPRS) directly selected PDF components: (modelBkg)
[#1] INFO:Plotting -- RooAbsPdf::plotOn(modelPRS) indirectly selected PDF components: ()
[#1] INFO:NumericIntegration -- RooRealIntegral::init(modelBkg_Int[x]) using numeric integrator RooIntegrator1D to calculate Int(x)
[#1] INFO:Plotting -- RooAbsPdf::plotOn(modelPRS) directly selected PDF components: (modelSig)
[#1] INFO:Plotting -- RooAbsPdf::plotOn(modelPRS) indirectly selected PDF components: (sig_pdf1,sig_pdf2)
[#1] INFO:NumericIntegration -- RooRealIntegral::init(modelBkg_Int[x]) using numeric integrator RooIntegrator1D to calculate Int(x)
[#1] INFO:NumericIntegration -- RooRealIntegral::init(modelBkg_Int[x]) using numeric integrator RooIntegrator1D to calculate Int(x)
PRS chi2: 0.696909 ; MPS chi2: 0.673967
