   ------------------------------------------------------------------
  | Welcome to ROOT 6.24/08                        https://root.cern |
  | (c) 1995-2021, The ROOT Team; conception: R. Brun, F. Rademakers |
  | Built for linuxx8664gcc on Sep 29 2022, 13:04:57                 |
  | From tags/v6-24-08@v6-24-08                                      |
  | With c++ (GCC) 4.8.5 20150623 (Red Hat 4.8.5-44)                 |
  | Try '.help', '.demo', '.license', '.credits', '.quit'/'.q'       |
   ------------------------------------------------------------------


Processing full.C(5,4,"Down","2018")...

[1mRooFit v3.60 -- Developed by Wouter Verkerke and David Kirkby[0m 
                Copyright (C) 2000-2013 NIKHEF, University of California & Stanford University
                All rights reserved, please read http://roofit.sourceforge.net/license.txt

-------------------------
Set LHCb Style - May 2021
-------------------------
../fulltempt/PARAMs/FullMom_5_4.txt
[#0] WARNING:InputArguments -- The parameter 'sigma3' with range [0, 10] of the RooGaussian 'sig_pdf2' exceeds the safe range of (0, inf). Advise to limit its range.
[#0] ERROR:Integration --  RooNumIntFactory::Init : libRooFitMore cannot be loaded. GSL integrators will not beavailable ! 
[#1] INFO:Fitting -- RooAddition::defaultErrorLevel(nll) Summation contains a RooNLLVar, using its error level
 **********
 **   13 **MIGRAD        4500           1
 **********
 FIRST CALL TO USER FUNCTION AT NEW START POINT, WITH IFLAG=4.
 START MIGRAD MINIMIZATION.  STRATEGY  1.  CONVERGENCE WHEN EDM .LT. 1.00e-03
 FCN=-27776.5 FROM MIGRAD    STATUS=INITIATE       68 CALLS          69 TOTAL
                     EDM= unknown      STRATEGY= 1      NO ERROR MATRIX       
  EXT PARAMETER               CURRENT GUESS       STEP         FIRST   
  NO.   NAME      VALUE            ERROR          SIZE      DERIVATIVE 
   1  NbkgMRS      5.36200e+02   2.68100e+02   0.00000e+00   1.51707e+02
   2  NbkgPRS      5.13800e+02   2.56900e+02   0.00000e+00   1.90441e+02
   3  NsigMRS      2.14480e+03   2.68100e+02   0.00000e+00  -3.79334e+01
   4  NsigPRS      2.05520e+03   2.56900e+02   0.00000e+00  -4.76170e+01
   5  coeffsig     4.57872e-01   5.00000e-02   8.42939e-01  -2.01978e+01
   6  mean         1.45500e+02   2.10000e+00   0.00000e+00  -6.91250e+03
   7  sigma1       5.00000e-01   2.50000e-01   0.00000e+00   5.16912e+02
   8  sigma2       5.00000e-01   2.50000e-01   0.00000e+00  -8.03078e+02
   9  sigma3       1.10000e+00   5.50000e-01   0.00000e+00   4.96531e+02
                               ERR DEF= 0.5
 MIGRAD MINIMIZATION HAS CONVERGED.
 MIGRAD WILL VERIFY CONVERGENCE AND ERROR MATRIX.
 COVARIANCE MATRIX CALCULATED SUCCESSFULLY
 FCN=-27882.2 FROM MIGRAD    STATUS=CONVERGED     430 CALLS         431 TOTAL
                     EDM=3.43448e-05    STRATEGY= 1      ERROR MATRIX ACCURATE 
  EXT PARAMETER                                   STEP         FIRST   
  NO.   NAME      VALUE            ERROR          SIZE      DERIVATIVE 
   1  NbkgMRS      3.03892e+02   2.97432e+01   3.49695e-03   1.03968e-01
   2  NbkgPRS      2.45367e+02   2.68632e+01   3.57637e-03   8.72300e-02
   3  NsigMRS      2.37719e+03   5.43252e+01   6.86245e-03   1.68305e-02
   4  NsigPRS      2.32375e+03   5.28486e+01   7.59827e-03   2.77006e-02
   5  coeffsig     6.31675e-01   7.05445e-02   4.31416e-03  -8.25218e-02
   6  mean         1.45652e+02   3.74370e-02   1.47515e-04  -2.07930e+00
   7  sigma1       6.39921e-01   3.83941e-02   7.79542e-04   3.29286e-01
   8  sigma2       5.99088e-01   5.46983e-02   8.44808e-04  -9.61045e-02
   9  sigma3       1.27614e+00   9.47596e-02   1.15774e-03   3.74527e-01
                               ERR DEF= 0.5
 EXTERNAL ERROR MATRIX.    NDIM=  25    NPAR=  9    ERR DEF=0.5
  8.850e+02  1.414e+02 -5.786e+02 -1.408e+02 -3.743e-01 -5.202e-02 -1.790e-01 -1.591e-01 -8.910e-01 
  1.414e+02  7.219e+02 -1.409e+02 -4.741e+02 -3.338e-01 -8.840e-02 -1.950e-01 -9.868e-02 -7.964e-01 
 -5.786e+02 -1.409e+02  2.955e+03  1.404e+02  3.738e-01  5.180e-02  1.786e-01  1.589e-01  8.889e-01 
 -1.408e+02 -4.741e+02  1.404e+02  2.798e+03  3.331e-01  8.798e-02  1.944e-01  9.858e-02  7.939e-01 
 -3.743e-01 -3.338e-01  3.738e-01  3.331e-01  5.012e-03 -7.333e-04  1.395e-03  3.036e-03  6.089e-03 
 -5.202e-02 -8.840e-02  5.180e-02  8.798e-02 -7.333e-04  1.402e-03  8.068e-04 -1.480e-03 -6.946e-04 
 -1.790e-01 -1.950e-01  1.786e-01  1.944e-01  1.395e-03  8.068e-04  1.474e-03  1.028e-04  1.723e-03 
 -1.591e-01 -9.868e-02  1.589e-01  9.858e-02  3.036e-03 -1.480e-03  1.028e-04  2.992e-03  3.435e-03 
 -8.910e-01 -7.964e-01  8.889e-01  7.939e-01  6.089e-03 -6.946e-04  1.723e-03  3.435e-03  8.982e-03 
 PARAMETER  CORRELATION COEFFICIENTS  
       NO.  GLOBAL      1      2      3      4      5      6      7      8      9
        1  0.49951   1.000  0.177 -0.358 -0.090 -0.178 -0.047 -0.157 -0.098 -0.316
        2  0.49038   0.177  1.000 -0.096 -0.334 -0.175 -0.088 -0.189 -0.067 -0.313
        3  0.36826  -0.358 -0.096  1.000  0.049  0.097  0.025  0.086  0.053  0.173
        4  0.34316  -0.090 -0.334  0.049  1.000  0.089  0.044  0.096  0.034  0.158
        5  0.96693  -0.178 -0.175  0.097  0.089  1.000 -0.277  0.513  0.784  0.907
        6  0.93847  -0.047 -0.088  0.025  0.044 -0.277  1.000  0.561 -0.723 -0.196
        7  0.90210  -0.157 -0.189  0.086  0.096  0.513  0.561  1.000  0.049  0.473
        8  0.94800  -0.098 -0.067  0.053  0.034  0.784 -0.723  0.049  1.000  0.663
        9  0.93575  -0.316 -0.313  0.173  0.158  0.907 -0.196  0.473  0.663  1.000
 **********
 **   18 **HESSE        4500
 **********
 COVARIANCE MATRIX CALCULATED SUCCESSFULLY
 FCN=-27882.2 FROM HESSE     STATUS=OK             73 CALLS         504 TOTAL
                     EDM=3.44323e-05    STRATEGY= 1      ERROR MATRIX ACCURATE 
  EXT PARAMETER                                INTERNAL      INTERNAL  
  NO.   NAME      VALUE            ERROR       STEP SIZE       VALUE   
   1  NbkgMRS      3.03892e+02   2.98891e+01   6.99390e-04  -8.84028e-01
   2  NbkgPRS      2.45367e+02   2.69941e+01   7.15274e-04  -9.42412e-01
   3  NsigMRS      2.37719e+03   5.44352e+01   2.74498e-04   8.84127e-01
   4  NsigPRS      2.32375e+03   5.29465e+01   3.03931e-04   9.42563e-01
   5  coeffsig     6.31675e-01   7.27116e-02   8.62833e-04   2.66492e-01
   6  mean         1.45652e+02   3.78526e-02   2.95030e-05  -2.74653e-01
   7  sigma1       6.39921e-01   3.88024e-02   1.55908e-04  -1.05931e+00
   8  sigma2       5.99088e-01   5.61080e-02   3.37923e-05  -1.07625e+00
   9  sigma3       1.27614e+00   9.76252e-02   2.31548e-04  -8.40194e-01
                               ERR DEF= 0.5
 EXTERNAL ERROR MATRIX.    NDIM=  25    NPAR=  9    ERR DEF=0.5
  8.937e+02  1.485e+02 -5.898e+02 -1.485e+02 -4.211e-01 -4.709e-02 -1.935e-01 -1.864e-01 -9.559e-01 
  1.485e+02  7.290e+02 -1.485e+02 -4.837e+02 -3.746e-01 -8.512e-02 -2.084e-01 -1.215e-01 -8.533e-01 
 -5.898e+02 -1.485e+02  2.967e+03  1.486e+02  4.213e-01  4.708e-02  1.936e-01  1.865e-01  9.562e-01 
 -1.485e+02 -4.837e+02  1.486e+02  2.808e+03  3.748e-01  8.513e-02  2.085e-01  1.216e-01  8.537e-01 
 -4.211e-01 -3.746e-01  4.213e-01  3.748e-01  5.328e-03 -7.939e-04  1.473e-03  3.246e-03  6.504e-03 
 -4.709e-02 -8.512e-02  4.708e-02  8.513e-02 -7.939e-04  1.433e-03  8.071e-04 -1.538e-03 -7.688e-04 
 -1.935e-01 -2.084e-01  1.936e-01  2.085e-01  1.473e-03  8.071e-04  1.506e-03  1.407e-04  1.830e-03 
 -1.864e-01 -1.215e-01  1.865e-01  1.216e-01  3.246e-03 -1.538e-03  1.407e-04  3.149e-03  3.707e-03 
 -9.559e-01 -8.533e-01  9.562e-01  8.537e-01  6.504e-03 -7.688e-04  1.830e-03  3.707e-03  9.533e-03 
 PARAMETER  CORRELATION COEFFICIENTS  
       NO.  GLOBAL      1      2      3      4      5      6      7      8      9
        1  0.50678   1.000  0.184 -0.362 -0.094 -0.193 -0.042 -0.167 -0.111 -0.327
        2  0.49781   0.184  1.000 -0.101 -0.338 -0.190 -0.083 -0.199 -0.080 -0.324
        3  0.37294  -0.362 -0.101  1.000  0.051  0.106  0.023  0.092  0.061  0.180
        4  0.34784  -0.094 -0.338  0.051  1.000  0.097  0.042  0.101  0.041  0.165
        5  0.96892  -0.193 -0.190  0.106  0.097  1.000 -0.287  0.520  0.793  0.913
        6  0.93985  -0.042 -0.083  0.023  0.042 -0.287  1.000  0.550 -0.724 -0.208
        7  0.90426  -0.167 -0.199  0.092  0.101  0.520  0.550  1.000  0.065  0.483
        8  0.95065  -0.111 -0.080  0.061  0.041  0.793 -0.724  0.065  1.000  0.677
        9  0.93959  -0.327 -0.324  0.180  0.165  0.913 -0.208  0.483  0.677  1.000
75 ; 0.688595 ; 0.789667
[#1] INFO:Plotting -- RooAbsPdf::plotOn(modelMRS) directly selected PDF components: (modelBkg)
[#1] INFO:Plotting -- RooAbsPdf::plotOn(modelMRS) indirectly selected PDF components: ()
[#1] INFO:Plotting -- RooAbsPdf::plotOn(modelMRS) directly selected PDF components: (modelSig)
[#1] INFO:Plotting -- RooAbsPdf::plotOn(modelMRS) indirectly selected PDF components: (sig_pdf1,sig_pdf2)
[#1] INFO:Plotting -- RooAbsPdf::plotOn(modelPRS) directly selected PDF components: (modelBkg)
[#1] INFO:Plotting -- RooAbsPdf::plotOn(modelPRS) indirectly selected PDF components: ()
[#1] INFO:Plotting -- RooAbsPdf::plotOn(modelPRS) directly selected PDF components: (modelSig)
[#1] INFO:Plotting -- RooAbsPdf::plotOn(modelPRS) indirectly selected PDF components: (sig_pdf1,sig_pdf2)
PRS chi2: 0.734604 ; MPS chi2: 0.648901
