   ------------------------------------------------------------------
  | Welcome to ROOT 6.24/08                        https://root.cern |
  | (c) 1995-2021, The ROOT Team; conception: R. Brun, F. Rademakers |
  | Built for linuxx8664gcc on Sep 29 2022, 13:04:57                 |
  | From tags/v6-24-08@v6-24-08                                      |
  | With c++ (GCC) 4.8.5 20150623 (Red Hat 4.8.5-44)                 |
  | Try '.help', '.demo', '.license', '.credits', '.quit'/'.q'       |
   ------------------------------------------------------------------


Processing full.C(3,6,"Up","2016")...

[1mRooFit v3.60 -- Developed by Wouter Verkerke and David Kirkby[0m 
                Copyright (C) 2000-2013 NIKHEF, University of California & Stanford University
                All rights reserved, please read http://roofit.sourceforge.net/license.txt

-------------------------
Set LHCb Style - May 2021
-------------------------
../fulltempt/PARAMs/FullMom_3_6.txt
../../../../selection/promptD/results/2016MagUpFullRS.root/DecayTree
[#0] WARNING:InputArguments -- The parameter 'sigma3' with range [0, 10] of the RooGaussian 'sig_pdf2' exceeds the safe range of (0, inf). Advise to limit its range.
[#0] ERROR:Integration --  RooNumIntFactory::Init : libRooFitMore cannot be loaded. GSL integrators will not beavailable ! 
[#1] INFO:NumericIntegration -- RooRealIntegral::init(modelBkg_Int[x]) using numeric integrator RooIntegrator1D to calculate Int(x)
[#1] INFO:NumericIntegration -- RooRealIntegral::init(modelBkg_Int[x]) using numeric integrator RooIntegrator1D to calculate Int(x)
[#1] INFO:NumericIntegration -- RooRealIntegral::init(modelBkg_Int[x]) using numeric integrator RooIntegrator1D to calculate Int(x)
[#1] INFO:NumericIntegration -- RooRealIntegral::init(modelBkg_Int[x]) using numeric integrator RooIntegrator1D to calculate Int(x)
[#1] INFO:Fitting -- RooAddition::defaultErrorLevel(nll) Summation contains a RooNLLVar, using its error level
 **********
 **   13 **MIGRAD        6500           1
 **********
 FIRST CALL TO USER FUNCTION AT NEW START POINT, WITH IFLAG=4.
 START MIGRAD MINIMIZATION.  STRATEGY  1.  CONVERGENCE WHEN EDM .LT. 1.00e-03
 FCN=-15240.8 FROM MIGRAD    STATUS=INITIATE      132 CALLS         133 TOTAL
                     EDM= unknown      STRATEGY= 1      NO ERROR MATRIX       
  EXT PARAMETER               CURRENT GUESS       STEP         FIRST   
  NO.   NAME      VALUE            ERROR          SIZE      DERIVATIVE 
   1  NbkgMRS      1.74000e+02   8.70000e+01   0.00000e+00  -3.26557e+02
   2  NbkgPRS      1.69700e+02   8.48500e+01   0.00000e+00  -3.49979e+02
   3  NsigMRS      1.56600e+03   8.70000e+01   0.00000e+00   3.62757e+01
   4  NsigPRS      1.52730e+03   8.48500e+01   0.00000e+00   3.88777e+01
   5  am           4.00000e+00   2.00000e+00   0.00000e+00  -1.14133e+02
   6  bm          -8.99139e+00   1.25000e+00   0.00000e+00  -7.37494e+01
   7  cm           7.47895e-01   7.00000e+00  -6.59016e-02   1.85848e+02
   8  coeffsig     3.00000e-01   1.00000e-01   0.00000e+00   8.17702e+01
   9  dm0          1.39400e+02   2.00000e+00   0.00000e+00  -1.08721e+02
  10  mean         1.45500e+02   2.10000e+00   0.00000e+00   2.71063e+03
  11  sigma1       5.00000e-01   2.50000e-01   0.00000e+00  -2.95676e+02
  12  sigma2       5.00000e-01   2.50000e-01   0.00000e+00   2.16819e-02
  13  sigma3       1.10000e+00   5.50000e-01   0.00000e+00  -8.83366e+02
                               ERR DEF= 0.5
 MINUIT WARNING IN MIGRAD  
 ============== Negative diagonal element 9 in Error Matrix
 MINUIT WARNING IN MIGRAD  
 ============== 1 added to diagonal of error matrix
 MIGRAD MINIMIZATION HAS CONVERGED.
 MIGRAD WILL VERIFY CONVERGENCE AND ERROR MATRIX.
 COVARIANCE MATRIX CALCULATED SUCCESSFULLY
 FCN=-15381.6 FROM MIGRAD    STATUS=CONVERGED    1907 CALLS        1908 TOTAL
                     EDM=0.000360578    STRATEGY= 1      ERROR MATRIX ACCURATE 
  EXT PARAMETER                                   STEP         FIRST   
  NO.   NAME      VALUE            ERROR          SIZE      DERIVATIVE 
   1  NbkgMRS      3.25813e+02   3.56127e+01   2.84432e-03   2.34784e-02
   2  NbkgPRS      3.32651e+02   3.47367e+01   2.87243e-03  -3.32656e-02
   3  NsigMRS      1.41425e+03   4.84838e+01   4.95372e-03   2.64546e-02
   4  NsigPRS      1.36431e+03   4.72506e+01   4.90906e-03  -1.25830e-02
   5  am           9.14422e+00   2.94617e-01   3.12452e-03   1.39655e-01
   6  bm          -1.99999e+01   1.17586e+00   4.02443e-02   1.86997e-02
   7  cm           9.75362e-01   2.45097e-01   3.20283e-04   1.84832e+00
   8  coeffsig     7.67302e-01   5.98334e-02   4.60561e-03   4.78478e-04
   9  dm0          1.39523e+02   4.22585e-03   9.46290e-05   3.47990e+01
  10  mean         1.45397e+02   5.72611e-02   1.65671e-04  -2.62188e-01
  11  sigma1       7.59842e-01   6.03644e-02   7.31248e-04   2.29846e-01
  12  sigma2       8.01186e-01   4.53484e-02   6.88172e-04   1.29456e-01
  13  sigma3       1.68332e+00   2.00758e-01   2.15468e-03  -2.00580e-01
                               ERR DEF= 0.5
 EXTERNAL ERROR MATRIX.    NDIM=  28    NPAR= 13    ERR DEF=0.5
 ELEMENTS ABOVE DIAGONAL ARE NOT PRINTED.
  1.269e+03 
  7.012e+02  1.208e+03 
 -9.415e+02 -6.998e+02  2.355e+03 
 -6.999e+02 -8.731e+02  6.985e+02  2.236e+03 
 -7.189e+00 -6.876e+00  7.173e+00  6.861e+00  8.695e-02 
 -2.241e-02 -2.066e-02  2.235e-02  2.061e-02 -6.165e-04  4.643e-04 
  3.700e+00  3.602e+00 -3.691e+00 -3.593e+00 -4.776e-02 -2.447e-04  6.007e-02 
  4.082e-01  3.288e-01 -4.070e-01 -3.277e-01 -4.109e-03 -2.084e-05  3.158e-03  3.604e-03 
  2.025e-04  1.556e-04 -2.022e-04 -1.554e-04  4.203e-06  5.621e-10 -1.945e-05  9.367e-07  1.786e-05 
  2.255e-01  1.686e-01 -2.251e-01 -1.682e-01 -1.870e-03 -1.326e-05  2.044e-04  1.031e-03  4.474e-07  3.279e-03 
  1.663e-01  9.687e-02 -1.659e-01 -9.655e-02 -1.545e-03 -1.202e-05  6.464e-04  2.399e-03  6.865e-07  2.778e-03  3.644e-03 
 -4.551e-02 -4.152e-02  4.549e-02  4.150e-02  1.925e-04  1.274e-06  5.529e-04  7.985e-04  1.115e-07 -1.790e-03 -7.570e-04 
 -4.551e-02 -4.152e-02  4.549e-02  4.150e-02  1.925e-04  1.274e-06  5.529e-04  7.985e-04  1.115e-07 -1.790e-03 -7.570e-04  2.057e-03 
 -2.984e+00 -3.002e+00  2.980e+00  2.999e+00  2.182e-02  3.702e-05 -5.036e-03  7.338e-03  1.434e-06  1.636e-03  5.034e-03 
 -2.984e+00 -3.002e+00  2.980e+00  2.999e+00  2.182e-02  3.702e-05 -5.036e-03  7.338e-03  1.434e-06  1.636e-03  5.034e-03  1.858e-03  4.034e-02 
 PARAMETER  CORRELATION COEFFICIENTS  
       NO.  GLOBAL      1      2      3      4      5      6      7      8      9     10     11     12     13
        1  0.77445   1.000  0.566 -0.545 -0.415 -0.684 -0.029  0.424  0.191  0.001  0.111  0.077 -0.028 -0.417
        2  0.75985   0.566  1.000 -0.415 -0.531 -0.671 -0.028  0.423  0.158  0.001  0.085  0.046 -0.026 -0.430
        3  0.58755  -0.545 -0.415  1.000  0.304  0.501  0.021 -0.310 -0.140 -0.001 -0.081 -0.057  0.021  0.306
        4  0.57736  -0.415 -0.531  0.304  1.000  0.492  0.020 -0.310 -0.115 -0.001 -0.062 -0.034  0.019  0.316
        5  0.86580  -0.684 -0.671  0.501  0.492  1.000 -0.097 -0.661 -0.232  0.003 -0.111 -0.087  0.014  0.368
        6  0.26450  -0.029 -0.028  0.021  0.020 -0.097  1.000 -0.046 -0.016  0.000 -0.011 -0.009  0.001  0.009
        7  0.70140   0.424  0.423 -0.310 -0.310 -0.661 -0.046  1.000  0.215 -0.019  0.015  0.044  0.050 -0.102
        8  0.92546   0.191  0.158 -0.140 -0.115 -0.232 -0.016  0.215  1.000  0.004  0.300  0.662  0.293  0.609
        9  0.02417   0.001  0.001 -0.001 -0.001  0.003  0.000 -0.019  0.004  1.000  0.002  0.003  0.001  0.002
       10  0.94082   0.111  0.085 -0.081 -0.062 -0.111 -0.011  0.015  0.300  0.002  1.000  0.803 -0.689  0.142
       11  0.92700   0.077  0.046 -0.057 -0.034 -0.087 -0.009  0.044  0.662  0.003  0.803  1.000 -0.277  0.415
       12  0.87651  -0.028 -0.026  0.021  0.019  0.014  0.001  0.050  0.293  0.001 -0.689 -0.277  1.000  0.204
       13  0.88388  -0.417 -0.430  0.306  0.316  0.368  0.009 -0.102  0.609  0.002  0.142  0.415  0.204  1.000
 **********
 **   18 **HESSE        6500
 **********
 EIGENVALUES OF SECOND-DERIVATIVE MATRIX:
        -3.0986e-02  4.5986e-02  9.1528e-02  3.4198e-01  5.3767e-01  6.9556e-01  7.7682e-01  1.1621e+00  1.2233e+00  1.2428e+00  1.9955e+00  2.1610e+00  2.7568e+00
 MINUIT WARNING IN HESSE   
 ============== MATRIX FORCED POS-DEF BY ADDING 0.033743 TO DIAGONAL.
 FCN=-15381.6 FROM HESSE     STATUS=NOT POSDEF    145 CALLS        2053 TOTAL
                     EDM=94.7593    STRATEGY= 1      ERR MATRIX NOT POS-DEF
  EXT PARAMETER                APPROXIMATE     INTERNAL      INTERNAL  
  NO.   NAME      VALUE            ERROR       STEP SIZE       VALUE   
   1  NbkgMRS      3.25813e+02   1.50759e+02   1.13773e-04  -6.75775e-01
   2  NbkgPRS      3.32651e+02   1.45630e+02   5.74485e-04  -6.53481e-01
   3  NsigMRS      1.41425e+03   1.52807e+02   1.98149e-04   6.75873e-01
   4  NsigPRS      1.36431e+03   1.47731e+02   1.96362e-04   6.53419e-01
   5  am           9.14422e+00   8.20907e-01   1.24981e-04   1.15408e+00
   6  bm          -1.99999e+01   1.26342e+01   5.00000e-01  -1.56640e+00
   7  cm           9.75362e-01   1.02794e+00   6.40565e-05  -1.10949e+00
   8  coeffsig     7.67302e-01   7.51440e-02   1.84225e-04   5.64039e-01
   9  dm0          1.39523e+02   3.59257e-01   1.55694e-02  -4.76699e-02
  10  mean         1.45397e+02   5.39305e-02   3.31342e-05  -3.00005e-01
  11  sigma1       7.59842e-01   5.89388e-02   1.46250e-04  -1.01226e+00
  12  sigma2       8.01186e-01   5.71190e-02   1.37634e-04  -9.96846e-01
  13  sigma3       1.68332e+00   1.00320e+00   4.30936e-04  -7.25269e-01
                               ERR DEF= 0.5
 EXTERNAL ERROR MATRIX.    NDIM=  28    NPAR= 13    ERR DEF=0.5
 ELEMENTS ABOVE DIAGONAL ARE NOT PRINTED.
  2.311e+04 
  2.180e+04  2.155e+04 
 -2.259e+04 -2.160e+04  2.376e+04 
 -2.161e+04 -2.104e+04  2.142e+04  2.218e+04 
 -1.212e+02 -1.170e+02  1.201e+02  1.160e+02  6.833e-01 
 -6.981e+00 -6.732e+00  6.918e+00  6.675e+00  3.604e-02  2.267e-03 
  1.515e+02  1.463e+02 -1.502e+02 -1.450e+02 -8.186e-01 -4.717e-02  1.057e+00 
 -7.231e+00 -7.031e+00  7.166e+00  6.971e+00  3.853e-02  2.198e-03 -4.834e-02  5.707e-03 
 -5.246e+01 -5.065e+01  5.198e+01  5.021e+01  2.805e-01  1.611e-02 -3.533e-01  1.947e-02  1.291e-01 
  4.151e+00  3.975e+00 -4.114e+00 -3.941e+00 -2.196e-02 -1.291e-03  2.710e-02 -8.137e-04 -9.419e-03  2.909e-03 
 -4.573e+00 -4.456e+00  4.532e+00  4.418e+00  2.457e-02  1.392e-03 -3.110e-02  3.330e-03  1.175e-02  8.806e-04  3.474e-03 
 -6.022e+00 -5.815e+00  5.968e+00  5.765e+00  3.208e-02  1.850e-03 -4.006e-02  2.904e-03  1.473e-02 -2.309e-03  9.246e-04 
 -6.022e+00 -5.815e+00  5.968e+00  5.765e+00  3.208e-02  1.850e-03 -4.006e-02  2.904e-03  1.473e-02 -2.309e-03  9.246e-04  3.263e-03 
 -1.502e+02 -1.451e+02  1.489e+02  1.438e+02  8.008e-01  4.607e-02 -1.000e+00  5.782e-02  3.580e-01 -2.605e-02  3.525e-02 
 -1.502e+02 -1.451e+02  1.489e+02  1.438e+02  8.008e-01  4.607e-02 -1.000e+00  5.782e-02  3.580e-01 -2.605e-02  3.525e-02  4.236e-02  1.031e+00 
ERR MATRIX NOT POS-DEF
 PARAMETER  CORRELATION COEFFICIENTS  
       NO.  GLOBAL      1      2      3      4      5      6      7      8      9     10     11     12     13
        1  0.98931   1.000  0.977 -0.964 -0.954 -0.965 -0.964  0.970 -0.630 -0.960  0.506 -0.510 -0.693 -0.973
        2  0.98848   0.977  1.000 -0.955 -0.962 -0.964 -0.963  0.969 -0.634 -0.960  0.502 -0.515 -0.693 -0.973
        3  0.96810  -0.964 -0.955  1.000  0.933  0.943  0.943 -0.948  0.615  0.939 -0.495  0.499  0.678  0.951
        4  0.96695  -0.954 -0.962  0.933  1.000  0.942  0.941 -0.947  0.620  0.938 -0.491  0.503  0.678  0.951
        5  0.98447  -0.965 -0.964  0.943  0.942  1.000  0.916 -0.963  0.617  0.944 -0.493  0.504  0.679  0.954
        6  0.98465  -0.964 -0.963  0.943  0.941  0.916  1.000 -0.964  0.611  0.942 -0.503  0.496  0.680  0.953
        7  0.98593   0.970  0.969 -0.948 -0.947 -0.963 -0.964  1.000 -0.622 -0.956  0.489 -0.513 -0.682 -0.958
        8  0.95516  -0.630 -0.634  0.615  0.620  0.617  0.611 -0.622  1.000  0.717 -0.200  0.748  0.673  0.754
        9  0.98317  -0.960 -0.960  0.939  0.938  0.944  0.942 -0.956  0.717  1.000 -0.486  0.555  0.717  0.981
       10  0.93528   0.506  0.502 -0.495 -0.491 -0.493 -0.503  0.489 -0.200 -0.486  1.000  0.277 -0.749 -0.476
       11  0.92588  -0.510 -0.515  0.499  0.503  0.504  0.496 -0.513  0.748  0.555  0.277  1.000  0.275  0.589
       12  0.92667  -0.693 -0.693  0.678  0.678  0.679  0.680 -0.682  0.673  0.717 -0.749  0.275  1.000  0.730
       13  0.99585  -0.973 -0.973  0.951  0.951  0.954  0.953 -0.958  0.754  0.981 -0.476  0.589  0.730  1.000
 ERR MATRIX NOT POS-DEF
71 ; 0.911677 ; 1.20825
[#1] INFO:Plotting -- RooAbsPdf::plotOn(modelMRS) directly selected PDF components: (modelBkg)
[#1] INFO:Plotting -- RooAbsPdf::plotOn(modelMRS) indirectly selected PDF components: ()
[#1] INFO:NumericIntegration -- RooRealIntegral::init(modelBkg_Int[x]) using numeric integrator RooIntegrator1D to calculate Int(x)
[#1] INFO:Plotting -- RooAbsPdf::plotOn(modelMRS) directly selected PDF components: (modelSig)
[#1] INFO:Plotting -- RooAbsPdf::plotOn(modelMRS) indirectly selected PDF components: (sig_pdf1,sig_pdf2)
[#1] INFO:NumericIntegration -- RooRealIntegral::init(modelBkg_Int[x]) using numeric integrator RooIntegrator1D to calculate Int(x)
[#1] INFO:NumericIntegration -- RooRealIntegral::init(modelBkg_Int[x]) using numeric integrator RooIntegrator1D to calculate Int(x)
[#1] INFO:Plotting -- RooAbsPdf::plotOn(modelPRS) directly selected PDF components: (modelBkg)
[#1] INFO:Plotting -- RooAbsPdf::plotOn(modelPRS) indirectly selected PDF components: ()
[#1] INFO:NumericIntegration -- RooRealIntegral::init(modelBkg_Int[x]) using numeric integrator RooIntegrator1D to calculate Int(x)
[#1] INFO:Plotting -- RooAbsPdf::plotOn(modelPRS) directly selected PDF components: (modelSig)
[#1] INFO:Plotting -- RooAbsPdf::plotOn(modelPRS) indirectly selected PDF components: (sig_pdf1,sig_pdf2)
[#1] INFO:NumericIntegration -- RooRealIntegral::init(modelBkg_Int[x]) using numeric integrator RooIntegrator1D to calculate Int(x)
[#1] INFO:NumericIntegration -- RooRealIntegral::init(modelBkg_Int[x]) using numeric integrator RooIntegrator1D to calculate Int(x)
PRS chi2: 0.71463 ; MPS chi2: 0.906522
