   ------------------------------------------------------------------
  | Welcome to ROOT 6.24/08                        https://root.cern |
  | (c) 1995-2021, The ROOT Team; conception: R. Brun, F. Rademakers |
  | Built for linuxx8664gcc on Sep 29 2022, 13:04:57                 |
  | From tags/v6-24-08@v6-24-08                                      |
  | With c++ (GCC) 4.8.5 20150623 (Red Hat 4.8.5-44)                 |
  | Try '.help', '.demo', '.license', '.credits', '.quit'/'.q'       |
   ------------------------------------------------------------------


Processing part.C(4,"Down","2018")...

[1mRooFit v3.60 -- Developed by Wouter Verkerke and David Kirkby[0m 
                Copyright (C) 2000-2013 NIKHEF, University of California & Stanford University
                All rights reserved, please read http://roofit.sourceforge.net/license.txt

-------------------------
Set LHCb Style - May 2021
-------------------------
../parttempt/PARAMs/PartMom_4.txt
====>59545
[#0] ERROR:Integration --  RooNumIntFactory::Init : libRooFitMore cannot be loaded. GSL integrators will not beavailable ! 
[#1] INFO:NumericIntegration -- RooRealIntegral::init(modelSig_d_clone_Int[x]) using numeric integrator RooIntegrator1D to calculate Int(x)
[#1] INFO:NumericIntegration -- RooRealIntegral::init([pdfD0BG_X_poly]_Norm[x]_denominator_Int[x]) using numeric integrator RooIntegrator1D to calculate Int(x)
[#1] INFO:NumericIntegration -- RooRealIntegral::init(modelSig_d_clone_Int[x]) using numeric integrator RooIntegrator1D to calculate Int(x)
[#1] INFO:NumericIntegration -- RooRealIntegral::init([pdfD0BG_X_poly]_Norm[x]_denominator_Int[x]) using numeric integrator RooIntegrator1D to calculate Int(x)
[#1] INFO:Fitting -- RooAddition::defaultErrorLevel(nll_d) Summation contains a RooNLLVar, using its error level
 **********
 **   13 **MIGRAD        5000           1
 **********
 FIRST CALL TO USER FUNCTION AT NEW START POINT, WITH IFLAG=4.
 MINUIT WARNING IN MIGrad    
 ============== VARIABLE6 IS AT ITS LOWER ALLOWED LIMIT.
 START MIGRAD MINIMIZATION.  STRATEGY  1.  CONVERGENCE WHEN EDM .LT. 1.00e-03
 FCN=-788049 FROM MIGRAD    STATUS=INITIATE      199 CALLS         200 TOTAL
                     EDM= unknown      STRATEGY= 1      NO ERROR MATRIX       
  EXT PARAMETER               CURRENT GUESS       STEP         FIRST   
  NO.   NAME      VALUE            ERROR          SIZE      DERIVATIVE 
   1  NbkgMRS_d    1.58350e+04   6.09040e+03   0.00000e+00  -1.63626e+04
   2  NbkgPRS_d    1.52870e+04   5.87960e+03   0.00000e+00  -1.52231e+04
   3  NsigMRS_d    1.89080e+04   6.09040e+03   0.00000e+00  -2.45339e+04
   4  NsigPRS_d    1.91608e+04   5.87960e+03   0.00000e+00  -2.20408e+04
   5  acc_p        8.71691e-01   1.40000e-01   1.38769e+00  -9.98818e+01
   6  acc_s        1.00001e-01   1.40000e-01   0.00000e+00   1.74625e+00
   7  mean         1.42000e+02   9.00000e-01   0.00000e+00   2.87025e+03
   8  offset       1.38000e+02   2.00000e+00   0.00000e+00   1.52838e+03
   9  sigma        1.30000e+00   3.50000e-01   0.00000e+00  -2.53283e+03
  10  sigma2       5.63638e+00   2.50000e-01   0.00000e+00  -4.27347e+03
                               ERR DEF= 0.5
 MINUIT WARNING IN MIGRAD  
 ============== Negative diagonal element 7 in Error Matrix
 MINUIT WARNING IN MIGRAD  
 ============== 1.00002 added to diagonal of error matrix
 MIGRAD FAILS TO FIND IMPROVEMENT
 MIGRAD MINIMIZATION HAS CONVERGED.
 FCN=-805617 FROM MIGRAD    STATUS=CONVERGED    1095 CALLS        1096 TOTAL
                     EDM=0.000633363    STRATEGY= 1  ERROR MATRIX UNCERTAINTY   3.7 per cent
  EXT PARAMETER                                   STEP         FIRST   
  NO.   NAME      VALUE            ERROR          SIZE      DERIVATIVE 
   1  NbkgMRS_d    1.80415e+04   1.85127e+02  -0.00000e+00   1.02908e+00
   2  NbkgPRS_d    1.76903e+04   2.16123e+02  -0.00000e+00   1.74476e+00
   3  NsigMRS_d    4.28640e+04   2.51996e+02  -0.00000e+00   3.26842e-01
   4  NsigPRS_d    4.11064e+04   2.59716e+02   0.00000e+00  -4.86150e-01
   5  acc_p        1.25583e+00   2.08302e-01  -0.00000e+00   1.14391e-01
   6  acc_s        1.00000e-01   1.93710e-03   0.00000e+00  -1.64936e-01
   7  mean         1.42360e+02   4.28549e-04   0.00000e+00  -1.51966e+02
   8  offset       1.32732e+02   1.03003e+00  -0.00000e+00  -1.99525e-01
   9  sigma        1.87807e+00   3.07385e-02   0.00000e+00   6.66133e-01
  10  sigma2       6.80596e+00   3.68283e-02  -0.00000e+00   2.24153e+00
                               ERR DEF= 0.5
 EXTERNAL ERROR MATRIX.    NDIM=  36    NPAR= 10    ERR DEF=0.5
  3.427e+04  1.730e+03 -1.861e+04 -4.554e+03 -7.353e+00 -1.320e-03 -1.111e-02 -2.908e+01  2.468e-01 -1.882e+00 
  1.730e+03  4.671e+04  3.621e+02 -2.508e+04 -1.056e+00  1.021e-04 -4.741e-03  3.510e+00  4.444e-01 -2.445e+00 
 -1.861e+04  3.621e+02  6.350e+04  5.329e+03  9.129e+00  9.594e-04  4.702e-03  3.597e+01 -4.277e-01  1.935e+00 
 -4.554e+03 -2.508e+04  5.329e+03  6.745e+04  2.638e+00 -7.965e-04  5.560e-03  6.546e+00 -3.793e-01  2.289e+00 
 -7.353e+00 -1.056e+00  9.129e+00  2.638e+00  4.582e-02  1.330e-06  3.530e-06  2.094e-01 -5.844e-04  2.038e-03 
 -1.320e-03  1.021e-04  9.594e-04 -7.965e-04  1.330e-06  3.646e-09  9.944e-11  9.469e-06  1.765e-07 -7.209e-08 
 -1.111e-02 -4.741e-03  4.702e-03  5.560e-03  3.530e-06  9.944e-11  1.837e-07  3.238e-05  5.652e-07 -1.017e-07 
 -2.908e+01  3.510e+00  3.597e+01  6.546e+00  2.094e-01  9.469e-06  3.238e-05  1.069e+00  4.918e-03  1.327e-03 
  2.468e-01  4.444e-01 -4.277e-01 -3.793e-01 -5.844e-04  1.765e-07  5.652e-07  4.918e-03  9.450e-04 -4.927e-04 
 -1.882e+00 -2.445e+00  1.935e+00  2.289e+00  2.038e-03 -7.209e-08 -1.017e-07  1.327e-03 -4.927e-04  1.356e-03 
 PARAMETER  CORRELATION COEFFICIENTS  
       NO.  GLOBAL      1      2      3      4      5      6      7      8      9     10
        1  0.48362   1.000  0.043 -0.399 -0.095 -0.186 -0.118 -0.140 -0.152  0.043 -0.276
        2  0.51021   0.043  1.000  0.007 -0.447 -0.023  0.008 -0.051  0.016  0.067 -0.307
        3  0.42645  -0.399  0.007  1.000  0.081  0.169  0.063  0.044  0.138 -0.055  0.209
        4  0.47479  -0.095 -0.447  0.081  1.000  0.047 -0.051  0.050  0.024 -0.048  0.239
        5  0.98573  -0.186 -0.023  0.169  0.047  1.000  0.103  0.038  0.946 -0.089  0.259
        6  0.24900  -0.118  0.008  0.063 -0.051  0.103  1.000  0.004  0.152  0.095 -0.032
        7  0.21407  -0.140 -0.051  0.044  0.050  0.038  0.004  1.000  0.073  0.043 -0.006
        8  0.98540  -0.152  0.016  0.138  0.024  0.946  0.152  0.073  1.000  0.155  0.035
        9  0.75192   0.043  0.067 -0.055 -0.048 -0.089  0.095  0.043  0.155  1.000 -0.435
       10  0.76864  -0.276 -0.307  0.209  0.239  0.259 -0.032 -0.006  0.035 -0.435  1.000
 **********
 **   18 **HESSE        5000
 **********
 EIGENVALUES OF SECOND-DERIVATIVE MATRIX:
        -3.3129e-02  6.3992e-02  1.7311e-01  4.4189e-01  5.7590e-01  6.3447e-01  9.9011e-01  1.4235e+00  1.4300e+00  4.3001e+00
 MINUIT WARNING IN HESSE   
 ============== MATRIX FORCED POS-DEF BY ADDING 0.037429 TO DIAGONAL.
 FCN=-805617 FROM HESSE     STATUS=NOT POSDEF    102 CALLS        1198 TOTAL
                     EDM=2.84178    STRATEGY= 1      ERR MATRIX NOT POS-DEF
  EXT PARAMETER                APPROXIMATE     INTERNAL      INTERNAL  
  NO.   NAME      VALUE            ERROR       STEP SIZE       VALUE   
   1  NbkgMRS_d    1.80415e+04   2.01038e+02   4.00402e-03  -4.19763e-01
   2  NbkgPRS_d    1.76903e+04   1.99136e+02   4.08412e-03  -4.09607e-01
   3  NsigMRS_d    4.28640e+04   2.52740e+02   5.11370e-03   4.19816e-01
   4  NsigPRS_d    4.11064e+04   2.48540e+02   5.17474e-03   4.09633e-01
   5  acc_p        1.25583e+00   3.39515e-01   4.09650e-02   2.43244e+00
   6  acc_s        1.00000e-01   5.68699e-03   5.96279e-02  -1.57196e+00
   7  mean         1.42360e+02   4.82994e-02   6.24287e-04  -2.56046e-01
   8  offset       1.32732e+02   1.84261e+00   1.50145e-02  -8.13610e-01
   9  sigma        1.87807e+00   3.35389e-02   6.96398e-03  -2.14166e-01
  10  sigma2       6.80596e+00   3.69523e-02   3.91480e-03   4.68435e-01
                               ERR DEF= 0.5
 EXTERNAL ERROR MATRIX.    NDIM=  36    NPAR= 10    ERR DEF=0.5
  4.042e+04  3.093e+03 -2.248e+04 -3.064e+03  2.861e-01 -3.520e-05 -2.241e-01  9.970e+00  2.364e-01 -1.809e+00 
  3.093e+03  3.966e+04 -3.063e+03 -2.207e+04  2.727e-01 -3.576e-05 -2.226e-01  9.713e+00  2.231e-01 -1.781e+00 
 -2.248e+04 -3.063e+03  6.388e+04  3.034e+03 -2.813e-01  3.525e-05  2.221e-01 -9.869e+00 -2.344e-01  1.792e+00 
 -3.064e+03 -2.207e+04  3.034e+03  6.177e+04 -2.681e-01  3.581e-05  2.206e-01 -9.616e+00 -2.212e-01  1.764e+00 
  2.861e-01  2.727e-01 -2.813e-01 -2.681e-01  1.357e-01  1.593e-05  1.261e-03  6.677e-01  1.413e-03 -3.870e-03 
 -3.520e-05 -3.576e-05  3.525e-05  3.581e-05  1.593e-05  1.071e-08  1.261e-07  8.816e-05  3.013e-07 -1.475e-07 
 -2.241e-01 -2.226e-01  2.221e-01  2.206e-01  1.261e-03  1.261e-07  2.333e-03 -7.614e-03  8.755e-04 -1.935e-04 
  9.970e+00  9.713e+00 -9.869e+00 -9.616e+00  6.677e-01  8.816e-05 -7.614e-03  3.480e+00  8.482e-03 -2.587e-02 
  2.364e-01  2.231e-01 -2.344e-01 -2.212e-01  1.413e-03  3.013e-07  8.755e-04  8.482e-03  1.125e-03 -5.273e-04 
 -1.809e+00 -1.781e+00  1.792e+00  1.764e+00 -3.870e-03 -1.475e-07 -1.935e-04 -2.587e-02 -5.273e-04  1.366e-03 
ERR MATRIX NOT POS-DEF
 PARAMETER  CORRELATION COEFFICIENTS  
       NO.  GLOBAL      1      2      3      4      5      6      7      8      9     10
        1  0.47992   1.000  0.077 -0.442 -0.061  0.004 -0.002 -0.023  0.027  0.035 -0.244
        2  0.48228   0.077  1.000 -0.061 -0.446  0.004 -0.002 -0.023  0.026  0.033 -0.242
        3  0.45362  -0.442 -0.061  1.000  0.048 -0.003  0.001  0.018 -0.021 -0.028  0.192
        4  0.45708  -0.061 -0.446  0.048  1.000 -0.003  0.001  0.018 -0.021 -0.027  0.192
        5  0.99556   0.004  0.004 -0.003 -0.003  1.000  0.418  0.071  0.972  0.114 -0.284
        6  0.66201  -0.002 -0.002  0.001  0.001  0.418  1.000  0.025  0.457  0.087 -0.039
        7  0.93245  -0.023 -0.023  0.018  0.018  0.071  0.025  1.000 -0.085  0.540 -0.108
        8  0.99618   0.027  0.026 -0.021 -0.021  0.972  0.457 -0.085  1.000  0.136 -0.375
        9  0.82670   0.035  0.033 -0.028 -0.027  0.114  0.087  0.540  0.136  1.000 -0.425
       10  0.80097  -0.244 -0.242  0.192  0.192 -0.284 -0.039 -0.108 -0.375 -0.425  1.000
 ERR MATRIX NOT POS-DEF
[#1] INFO:NumericIntegration -- RooRealIntegral::init([pdfD0BG_X_poly]_Norm[x]_denominator_Int[x]) using numeric integrator RooIntegrator1D to calculate Int(x)
[#1] INFO:NumericIntegration -- RooRealIntegral::init([pdfD0BG_X_poly]_Norm[x]_denominator_Int[x]) using numeric integrator RooIntegrator1D to calculate Int(x)
aaaa0 ; 358 ; 54
aaaa1 ; 595 ; 124
aaaa2 ; 950 ; 165
aaaa3 ; 1240 ; 216
aaaa4 ; 1452 ; 251
aaaa5 ; 1685 ; 261
aaaa6 ; 1879 ; 279
aaaa7 ; 2013 ; 249
aaaa8 ; 2013 ; 287
aaaa9 ; 1997 ; 298
aaaa10 ; 1992 ; 312
aaaa11 ; 2044 ; 307
aaaa12 ; 2042 ; 311
aaaa13 ; 1964 ; 302
aaaa14 ; 1869 ; 280
aaaa15 ; 1891 ; 314
aaaa16 ; 1710 ; 265
aaaa17 ; 1746 ; 262
aaaa18 ; 1698 ; 274
aaaa19 ; 1626 ; 277
aaaa20 ; 1568 ; 273
aaaa21 ; 1492 ; 232
aaaa22 ; 1483 ; 266
aaaa23 ; 1386 ; 242
aaaa24 ; 1227 ; 215
aaaa25 ; 1174 ; 226
aaaa26 ; 1043 ; 234
aaaa27 ; 988 ; 222
aaaa28 ; 861 ; 233
aaaa29 ; 852 ; 183
aaaa30 ; 739 ; 198
aaaa31 ; 677 ; 243
aaaa32 ; 598 ; 193
aaaa33 ; 561 ; 198
aaaa34 ; 491 ; 197
aaaa35 ; 449 ; 211
aaaa36 ; 419 ; 210
aaaa37 ; 433 ; 211
aaaa38 ; 364 ; 200
aaaa39 ; 318 ; 212
aaaa40 ; 315 ; 192
aaaa41 ; 281 ; 229
aaaa42 ; 303 ; 198
aaaa43 ; 267 ; 222
aaaa44 ; 278 ; 225
aaaa45 ; 245 ; 226
aaaa46 ; 267 ; 234
aaaa47 ; 248 ; 229
aaaa48 ; 248 ; 264
aaaa49 ; 248 ; 226
aaaa50 ; 260 ; 251
aaaa51 ; 231 ; 236
aaaa52 ; 273 ; 257
aaaa53 ; 262 ; 245
aaaa54 ; 285 ; 278
aaaa55 ; 311 ; 267
aaaa56 ; 282 ; 294
aaaa57 ; 293 ; 283
aaaa58 ; 320 ; 292
aaaa59 ; 277 ; 342
aaaa60 ; 328 ; 297
aaaa61 ; 352 ; 304
aaaa62 ; 349 ; 308
aaaa63 ; 361 ; 306
aaaa64 ; 321 ; 329
aaaa65 ; 328 ; 331
aaaa66 ; 345 ; 353
aaaa67 ; 320 ; 337
aaaa68 ; 354 ; 317
aaaa69 ; 357 ; 331
[#0] WARNING:Plotting -- RooHist::addBin(signal_hist_plot__x) WARNING: negative entry set to zero when Poisson error bars are requested
[#0] WARNING:Plotting -- RooHist::addBin(signal_hist_plot__x) WARNING: negative entry set to zero when Poisson error bars are requested
[#0] WARNING:Plotting -- RooHist::addBin(signal_hist_plot__x) WARNING: negative entry set to zero when Poisson error bars are requested
[#0] WARNING:Plotting -- RooHist::addBin(signal_hist_plot__x) WARNING: negative entry set to zero when Poisson error bars are requested
[#0] WARNING:Plotting -- RooHist::addBin(signal_hist_plot__x) WARNING: negative entry set to zero when Poisson error bars are requested
[#0] WARNING:Plotting -- RooHist::addBin(signal_hist_plot__x) WARNING: negative entry set to zero when Poisson error bars are requested
[#0] WARNING:Plotting -- RooHist::addBin(signal_hist_plot__x) WARNING: negative entry set to zero when Poisson error bars are requested
[#0] WARNING:Plotting -- RooHist::addBin(signal_hist_plot__x) WARNING: negative entry set to zero when Poisson error bars are requested
[#1] INFO:NumericIntegration -- RooRealIntegral::init([pdfD0BG_n_X_poly_n]_Norm[x]_denominator_Int[x]) using numeric integrator RooIntegrator1D to calculate Int(x)
[#1] INFO:NumericIntegration -- RooRealIntegral::init([pdfD0BG_n_X_poly_n]_Norm[x]_denominator_Int[x]) using numeric integrator RooIntegrator1D to calculate Int(x)
[#1] INFO:NumericIntegration -- RooRealIntegral::init([pdfD0BG_n_X_poly_n]_Norm[x]_denominator_Int[x]) using numeric integrator RooIntegrator1D to calculate Int(x)
[#1] INFO:NumericIntegration -- RooRealIntegral::init([pdfD0BG_n_X_poly_n]_Norm[x]_denominator_Int[x]) using numeric integrator RooIntegrator1D to calculate Int(x)
[#1] INFO:Fitting -- RooAddition::defaultErrorLevel(nll) Summation contains a RooNLLVar, using its error level
 **********
 **   13 **MIGRAD        2000           1
 **********
 FIRST CALL TO USER FUNCTION AT NEW START POINT, WITH IFLAG=4.
 START MIGRAD MINIMIZATION.  STRATEGY  1.  CONVERGENCE WHEN EDM .LT. 1.00e-03
 FCN=-805892 FROM MIGRAD    STATUS=INITIATE       16 CALLS          17 TOTAL
                     EDM= unknown      STRATEGY= 1      NO ERROR MATRIX       
  EXT PARAMETER               CURRENT GUESS       STEP         FIRST   
  NO.   NAME      VALUE            ERROR          SIZE      DERIVATIVE 
   1  NbkgMRS      1.80415e+04   2.00000e+01   2.01358e-01   8.75361e-01
   2  NbkgPRS      1.76903e+04   2.00000e+01   2.01358e-01   9.95829e-01
   3  NsigMRS      4.28640e+04   2.50000e+01   2.57889e-01  -3.81971e-01
   4  NsigPRS      4.11064e+04   2.50000e+01   2.57889e-01  -4.44403e-01
                               ERR DEF= 0.5
 MIGRAD MINIMIZATION HAS CONVERGED.
 MIGRAD WILL VERIFY CONVERGENCE AND ERROR MATRIX.
 COVARIANCE MATRIX CALCULATED SUCCESSFULLY
 FCN=-805894 FROM MIGRAD    STATUS=CONVERGED      79 CALLS          80 TOTAL
                     EDM=7.84475e-07    STRATEGY= 1      ERROR MATRIX ACCURATE 
  EXT PARAMETER                                   STEP         FIRST   
  NO.   NAME      VALUE            ERROR          SIZE      DERIVATIVE 
   1  NbkgMRS      1.79415e+04   1.32922e+02   5.00000e-01** at limit **
   2  NbkgPRS      1.75903e+04   1.28488e+02   5.00000e-01** at limit **
   3  NsigMRS      4.29140e+04   1.78139e+02   5.00000e-01  -5.71618e-04
   4  NsigPRS      4.11564e+04   1.71807e+02   5.00000e-01** at limit **
                               ERR DEF= 0.5
 EXTERNAL ERROR MATRIX.    NDIM=  25    NPAR=  4    ERR DEF=0.5
  1.636e-03  7.988e-16  1.142e-04 -1.275e-12 
  7.988e-16  3.597e-04  2.923e-12  9.682e-06 
  1.142e-04  2.923e-12  4.292e-02 -1.031e-14 
 -1.275e-12  9.682e-06 -1.031e-14  1.768e-03 
 PARAMETER  CORRELATION COEFFICIENTS  
       NO.  GLOBAL      1      2      3      4
        1  0.01363   1.000  0.000  0.014 -0.000
        2  0.01214   0.000  1.000  0.000  0.012
        3  0.01363   0.014  0.000  1.000 -0.000
        4  0.01214  -0.000  0.012 -0.000  1.000
 **********
 **   18 **HESSE        2000
 **********
 COVARIANCE MATRIX CALCULATED SUCCESSFULLY
 FCN=-805894 FROM HESSE     STATUS=OK             23 CALLS         103 TOTAL
                     EDM=7.98285e-07    STRATEGY= 1      ERROR MATRIX ACCURATE 
  EXT PARAMETER                                INTERNAL      INTERNAL  
  NO.   NAME      VALUE            ERROR       STEP SIZE       VALUE   
   1  NbkgMRS      1.79415e+04   1.33097e+02   1.00000e-01  -1.57047e+00
                                 WARNING -   - ABOVE PARAMETER IS AT LIMIT.
   2  NbkgPRS      1.75903e+04   1.28551e+02   1.00000e-01  -1.57096e+00
                                 WARNING -   - ABOVE PARAMETER IS AT LIMIT.
   3  NsigMRS      4.29140e+04   1.78789e+02   1.00000e-01   1.56963e+00
   4  NsigPRS      4.11564e+04   1.72248e+02   1.00000e-01   1.57054e+00
                                 WARNING -   - ABOVE PARAMETER IS AT LIMIT.
                               ERR DEF= 0.5
 EXTERNAL ERROR MATRIX.    NDIM=  25    NPAR=  4    ERR DEF=0.5
  1.646e-03  1.241e-11  4.790e-06  3.246e-11 
  1.241e-11  3.606e-04  7.444e-11  4.059e-07 
  4.790e-06  7.444e-11  4.356e-02  1.946e-10 
  3.246e-11  4.059e-07  1.946e-10  1.788e-03 
 PARAMETER  CORRELATION COEFFICIENTS  
       NO.  GLOBAL      1      2      3      4
        1  0.00057   1.000  0.000  0.001  0.000
        2  0.00051   0.000  1.000  0.000  0.001
        3  0.00057   0.001  0.000  1.000  0.000
        4  0.00051   0.000  0.001  0.000  1.000
66 ; 0.370829 ; 2.2014
[#1] INFO:Plotting -- RooAbsPdf::plotOn(modelMRS) directly selected PDF components: (modelBkg)
[#1] INFO:Plotting -- RooAbsPdf::plotOn(modelMRS) indirectly selected PDF components: (pdfD0BG_n,poly_n)
[#1] INFO:NumericIntegration -- RooRealIntegral::init([pdfD0BG_n_X_poly_n]_Norm[x]_denominator_Int[x]) using numeric integrator RooIntegrator1D to calculate Int(x)
[#1] INFO:Plotting -- RooAbsPdf::plotOn(modelMRS) directly selected PDF components: (modelSig)
[#1] INFO:Plotting -- RooAbsPdf::plotOn(modelMRS) indirectly selected PDF components: ()
[#1] INFO:NumericIntegration -- RooRealIntegral::init([pdfD0BG_n_X_poly_n]_Norm[x]_denominator_Int[x]) using numeric integrator RooIntegrator1D to calculate Int(x)
[#1] INFO:NumericIntegration -- RooRealIntegral::init([pdfD0BG_n_X_poly_n]_Norm[x]_denominator_Int[x]) using numeric integrator RooIntegrator1D to calculate Int(x)
[#1] INFO:Plotting -- RooAbsPdf::plotOn(modelPRS) directly selected PDF components: (modelBkg)
[#1] INFO:Plotting -- RooAbsPdf::plotOn(modelPRS) indirectly selected PDF components: (pdfD0BG_n,poly_n)
[#1] INFO:NumericIntegration -- RooRealIntegral::init([pdfD0BG_n_X_poly_n]_Norm[x]_denominator_Int[x]) using numeric integrator RooIntegrator1D to calculate Int(x)
[#1] INFO:Plotting -- RooAbsPdf::plotOn(modelPRS) directly selected PDF components: (modelSig)
[#1] INFO:Plotting -- RooAbsPdf::plotOn(modelPRS) indirectly selected PDF components: ()
[#1] INFO:NumericIntegration -- RooRealIntegral::init([pdfD0BG_n_X_poly_n]_Norm[x]_denominator_Int[x]) using numeric integrator RooIntegrator1D to calculate Int(x)
[#1] INFO:NumericIntegration -- RooRealIntegral::init([pdfD0BG_n_X_poly_n]_Norm[x]_denominator_Int[x]) using numeric integrator RooIntegrator1D to calculate Int(x)
PRS chi2: 0.374592 ; MPS chi2: 2.2704
