   ------------------------------------------------------------------
  | Welcome to ROOT 6.24/08                        https://root.cern |
  | (c) 1995-2021, The ROOT Team; conception: R. Brun, F. Rademakers |
  | Built for linuxx8664gcc on Sep 29 2022, 13:04:57                 |
  | From tags/v6-24-08@v6-24-08                                      |
  | With c++ (GCC) 4.8.5 20150623 (Red Hat 4.8.5-44)                 |
  | Try '.help', '.demo', '.license', '.credits', '.quit'/'.q'       |
   ------------------------------------------------------------------


Processing full.C(5,1,"Down","2016")...

[1mRooFit v3.60 -- Developed by Wouter Verkerke and David Kirkby[0m 
                Copyright (C) 2000-2013 NIKHEF, University of California & Stanford University
                All rights reserved, please read http://roofit.sourceforge.net/license.txt

-------------------------
Set LHCb Style - May 2021
-------------------------
../fulltempt/PARAMs/FullMom_5_1.txt
[#0] WARNING:InputArguments -- The parameter 'sigma3' with range [0, 10] of the RooGaussian 'sig_pdf2' exceeds the safe range of (0, inf). Advise to limit its range.
[#0] ERROR:Integration --  RooNumIntFactory::Init : libRooFitMore cannot be loaded. GSL integrators will not beavailable ! 
[#1] INFO:Fitting -- RooAddition::defaultErrorLevel(nll) Summation contains a RooNLLVar, using its error level
 **********
 **   13 **MIGRAD        4500           1
 **********
 FIRST CALL TO USER FUNCTION AT NEW START POINT, WITH IFLAG=4.
 START MIGRAD MINIMIZATION.  STRATEGY  1.  CONVERGENCE WHEN EDM .LT. 1.00e-03
 FCN=-4151.97 FROM MIGRAD    STATUS=INITIATE       36 CALLS          37 TOTAL
                     EDM= unknown      STRATEGY= 1      NO ERROR MATRIX       
  EXT PARAMETER               CURRENT GUESS       STEP         FIRST   
  NO.   NAME      VALUE            ERROR          SIZE      DERIVATIVE 
   1  NbkgMRS      1.29200e+02   6.46000e+01   2.57889e-01  -2.04678e+01
   2  NbkgPRS      1.25200e+02   6.26000e+01   2.57889e-01  -5.06689e+01
   3  NsigMRS      5.16800e+02   6.46000e+01   2.57889e-01   5.11570e+00
   4  NsigPRS      5.00800e+02   6.26000e+01   2.57889e-01   1.26659e+01
   5  coeffsig     1.00000e-01   5.00000e-02   1.72186e-01  -1.42128e+01
   6  mean         1.45500e+02   2.10000e+00   2.10680e-01  -2.38995e+02
   7  sigma1       5.00000e-01   2.50000e-01   1.18625e-01   1.44188e+01
   8  sigma2       5.00000e-01   2.50000e-01   1.18625e-01   7.15566e+00
   9  sigma3       1.10000e+00   5.50000e-01   1.81568e-01  -1.96806e+00
                               ERR DEF= 0.5
 MIGRAD MINIMIZATION HAS CONVERGED.
 MIGRAD WILL VERIFY CONVERGENCE AND ERROR MATRIX.
 COVARIANCE MATRIX CALCULATED SUCCESSFULLY
 FCN=-4170.24 FROM MIGRAD    STATUS=CONVERGED     432 CALLS         433 TOTAL
                     EDM=2.84042e-05    STRATEGY= 1      ERROR MATRIX ACCURATE 
  EXT PARAMETER                                   STEP         FIRST   
  NO.   NAME      VALUE            ERROR          SIZE      DERIVATIVE 
   1  NbkgMRS      1.21061e+02   1.32583e+01   2.25001e-03   4.42192e-02
   2  NbkgPRS      1.36522e+02   1.44675e+01   2.34069e-03  -7.06198e-02
   3  NsigMRS      5.24908e+02   2.40365e+01   4.16811e-03  -2.54278e-02
   4  NsigPRS      4.89445e+02   2.36822e+01   3.98446e-03   2.43245e-03
   5  coeffsig     8.02933e-01   4.86510e-02   2.93938e-03   4.60297e-03
   6  mean         1.45441e+02   8.86625e-02   1.52114e-04  -2.13826e-01
   7  sigma1       7.83976e-01   8.22485e-02   6.10175e-04   1.74705e-02
   8  sigma2       9.26546e-01   7.40963e-02   5.97321e-04  -5.54319e-02
   9  sigma3       2.49447e+00   3.59870e-01   2.43007e-03  -1.57223e-02
                               ERR DEF= 0.5
 EXTERNAL ERROR MATRIX.    NDIM=  25    NPAR=  9    ERR DEF=0.5
  1.759e+02  1.492e+01 -5.471e+01 -1.491e+01  3.227e-02 -3.506e-02 -3.182e-02  8.625e-03 -6.366e-01 
  1.492e+01  2.095e+02 -1.490e+01 -7.289e+01  1.457e-02 -6.533e-02 -8.190e-02  1.233e-02 -1.055e+00 
 -5.471e+01 -1.490e+01  5.795e+02  1.489e+01 -3.211e-02  3.508e-02  3.187e-02 -8.632e-03  6.365e-01 
 -1.491e+01 -7.289e+01  1.489e+01  5.624e+02 -1.444e-02  6.535e-02  8.193e-02 -1.233e-02  1.056e+00 
  3.227e-02  1.457e-02 -3.211e-02 -1.444e-02  2.379e-03  4.303e-04  2.046e-03  1.352e-03  1.235e-02 
 -3.506e-02 -6.533e-02  3.508e-02  6.535e-02  4.303e-04  7.861e-03  5.637e-03 -4.688e-03  4.736e-03 
 -3.182e-02 -8.190e-02  3.187e-02  8.193e-02  2.046e-03  5.637e-03  6.767e-03 -1.849e-03  1.331e-02 
  8.625e-03  1.233e-02 -8.632e-03 -1.233e-02  1.352e-03 -4.688e-03 -1.849e-03  5.491e-03  5.868e-03 
 -6.366e-01 -1.055e+00  6.365e-01  1.056e+00  1.235e-02  4.736e-03  1.331e-02  5.868e-03  1.298e-01 
 PARAMETER  CORRELATION COEFFICIENTS  
       NO.  GLOBAL      1      2      3      4      5      6      7      8      9
        1  0.28572   1.000  0.078 -0.171 -0.047  0.050 -0.030 -0.029  0.009 -0.133
        2  0.35052   0.078  1.000 -0.043 -0.212  0.021 -0.051 -0.069  0.011 -0.202
        3  0.19730  -0.171 -0.043  1.000  0.026 -0.027  0.016  0.016 -0.005  0.073
        4  0.24989  -0.047 -0.212  0.026  1.000 -0.012  0.031  0.042 -0.007  0.124
        5  0.84263   0.050  0.021 -0.027 -0.012  1.000  0.100  0.510  0.374  0.703
        6  0.92237  -0.030 -0.051  0.016  0.031  0.100  1.000  0.773 -0.714  0.148
        7  0.89405  -0.029 -0.069  0.016  0.042  0.510  0.773  1.000 -0.303  0.449
        8  0.85101   0.009  0.011 -0.005 -0.007  0.374 -0.714 -0.303  1.000  0.220
        9  0.76127  -0.133 -0.202  0.073  0.124  0.703  0.148  0.449  0.220  1.000
 **********
 **   18 **HESSE        4500
 **********
 COVARIANCE MATRIX CALCULATED SUCCESSFULLY
 FCN=-4170.24 FROM HESSE     STATUS=OK             73 CALLS         506 TOTAL
                     EDM=2.83926e-05    STRATEGY= 1      ERROR MATRIX ACCURATE 
  EXT PARAMETER                                INTERNAL      INTERNAL  
  NO.   NAME      VALUE            ERROR       STEP SIZE       VALUE   
   1  NbkgMRS      1.21061e+02   1.32634e+01   4.50003e-04  -6.75387e-01
   2  NbkgPRS      1.36522e+02   1.44788e+01   4.68138e-04  -5.99012e-01
   3  NsigMRS      5.24908e+02   2.40407e+01   8.33622e-04   6.75261e-01
   4  NsigPRS      4.89445e+02   2.36911e+01   1.59378e-04   5.98885e-01
   5  coeffsig     8.02933e-01   4.88821e-02   5.87876e-04   6.50854e-01
   6  mean         1.45441e+02   8.91981e-02   3.04227e-05  -2.95572e-01
   7  sigma1       7.83976e-01   8.27534e-02   2.44070e-05  -1.00322e+00
   8  sigma2       9.26546e-01   7.44254e-02   1.19464e-04  -9.52196e-01
   9  sigma3       2.49447e+00   3.61725e-01   9.72028e-05  -5.24877e-01
                               ERR DEF= 0.5
 EXTERNAL ERROR MATRIX.    NDIM=  25    NPAR=  9    ERR DEF=0.5
  1.761e+02  1.511e+01 -5.496e+01 -1.511e+01  3.059e-02 -3.629e-02 -3.407e-02  8.223e-03 -6.523e-01 
  1.511e+01  2.099e+02 -1.510e+01 -7.337e+01  1.216e-02 -6.729e-02 -8.529e-02  1.188e-02 -1.078e+00 
 -5.496e+01 -1.510e+01  5.797e+02  1.510e+01 -3.055e-02  3.628e-02  3.407e-02 -8.222e-03  6.521e-01 
 -1.511e+01 -7.337e+01  1.510e+01  5.628e+02 -1.214e-02  6.732e-02  8.533e-02 -1.188e-02  1.079e+00 
  3.059e-02  1.216e-02 -3.055e-02 -1.214e-02  2.402e-03  4.477e-04  2.079e-03  1.359e-03  1.252e-02 
 -3.629e-02 -6.729e-02  3.628e-02  6.732e-02  4.477e-04  7.957e-03  5.717e-03 -4.746e-03  4.886e-03 
 -3.407e-02 -8.529e-02  3.407e-02  8.533e-02  2.079e-03  5.717e-03  6.850e-03 -1.881e-03  1.357e-02 
  8.223e-03  1.188e-02 -8.222e-03 -1.188e-02  1.359e-03 -4.746e-03 -1.881e-03  5.540e-03  5.901e-03 
 -6.523e-01 -1.078e+00  6.521e-01  1.079e+00  1.252e-02  4.886e-03  1.357e-02  5.901e-03  1.312e-01 
 PARAMETER  CORRELATION COEFFICIENTS  
       NO.  GLOBAL      1      2      3      4      5      6      7      8      9
        1  0.28695   1.000  0.079 -0.172 -0.048  0.047 -0.031 -0.031  0.008 -0.136
        2  0.35247   0.079  1.000 -0.043 -0.213  0.017 -0.052 -0.071  0.011 -0.206
        3  0.19814  -0.172 -0.043  1.000  0.026 -0.026  0.017  0.017 -0.005  0.075
        4  0.25129  -0.048 -0.213  0.026  1.000 -0.010  0.032  0.043 -0.007  0.126
        5  0.84426   0.047  0.017 -0.026 -0.010  1.000  0.102  0.513  0.373  0.705
        6  0.92334  -0.031 -0.052  0.017  0.032  0.102  1.000  0.774 -0.715  0.151
        7  0.89541  -0.031 -0.071  0.017  0.043  0.513  0.774  1.000 -0.305  0.453
        8  0.85244   0.008  0.011 -0.005 -0.007  0.373 -0.715 -0.305  1.000  0.219
        9  0.76410  -0.136 -0.206  0.075  0.126  0.705  0.151  0.453  0.219  1.000
75 ; 1.14119 ; 0.578985
[#1] INFO:Plotting -- RooAbsPdf::plotOn(modelMRS) directly selected PDF components: (modelBkg)
[#1] INFO:Plotting -- RooAbsPdf::plotOn(modelMRS) indirectly selected PDF components: ()
[#1] INFO:Plotting -- RooAbsPdf::plotOn(modelMRS) directly selected PDF components: (modelSig)
[#1] INFO:Plotting -- RooAbsPdf::plotOn(modelMRS) indirectly selected PDF components: (sig_pdf1,sig_pdf2)
[#1] INFO:Plotting -- RooAbsPdf::plotOn(modelPRS) directly selected PDF components: (modelBkg)
[#1] INFO:Plotting -- RooAbsPdf::plotOn(modelPRS) indirectly selected PDF components: ()
[#1] INFO:Plotting -- RooAbsPdf::plotOn(modelPRS) directly selected PDF components: (modelSig)
[#1] INFO:Plotting -- RooAbsPdf::plotOn(modelPRS) indirectly selected PDF components: (sig_pdf1,sig_pdf2)
PRS chi2: 0.599421 ; MPS chi2: 0.416881
