   ------------------------------------------------------------------
  | Welcome to ROOT 6.24/08                        https://root.cern |
  | (c) 1995-2021, The ROOT Team; conception: R. Brun, F. Rademakers |
  | Built for linuxx8664gcc on Sep 29 2022, 13:04:57                 |
  | From tags/v6-24-08@v6-24-08                                      |
  | With c++ (GCC) 4.8.5 20150623 (Red Hat 4.8.5-44)                 |
  | Try '.help', '.demo', '.license', '.credits', '.quit'/'.q'       |
   ------------------------------------------------------------------


Processing full.C(0,0,"Up","2017")...

[1mRooFit v3.60 -- Developed by Wouter Verkerke and David Kirkby[0m 
                Copyright (C) 2000-2013 NIKHEF, University of California & Stanford University
                All rights reserved, please read http://roofit.sourceforge.net/license.txt

-------------------------
Set LHCb Style - May 2021
-------------------------
../fulltempt/PARAMs/FullMom_0_0.txt
[#0] WARNING:InputArguments -- The parameter 'sigma3' with range [0, 10] of the RooGaussian 'sig_pdf2' exceeds the safe range of (0, inf). Advise to limit its range.
[#0] ERROR:Integration --  RooNumIntFactory::Init : libRooFitMore cannot be loaded. GSL integrators will not beavailable ! 
[#1] INFO:Fitting -- RooAddition::defaultErrorLevel(nll) Summation contains a RooNLLVar, using its error level
 **********
 **   13 **MIGRAD        4500           1
 **********
 FIRST CALL TO USER FUNCTION AT NEW START POINT, WITH IFLAG=4.
 START MIGRAD MINIMIZATION.  STRATEGY  1.  CONVERGENCE WHEN EDM .LT. 1.00e-03
 FCN=-484156 FROM MIGRAD    STATUS=INITIATE       69 CALLS          70 TOTAL
                     EDM= unknown      STRATEGY= 1      NO ERROR MATRIX       
  EXT PARAMETER               CURRENT GUESS       STEP         FIRST   
  NO.   NAME      VALUE            ERROR          SIZE      DERIVATIVE 
   1  NbkgMRS      6.32220e+03   3.16110e+03   0.00000e+00   3.63441e+03
   2  NbkgPRS      5.84560e+03   2.92280e+03   0.00000e+00   3.21833e+03
   3  NsigMRS      2.52888e+04   3.16110e+03   0.00000e+00  -9.08719e+02
   4  NsigPRS      2.33824e+04   2.92280e+03   0.00000e+00  -8.04700e+02
   5  coeffsig     8.42297e-01   5.00000e-02   3.31484e+00   9.08716e+02
   6  mean         1.45500e+02   2.10000e+00   0.00000e+00   4.60554e+04
   7  sigma1       5.00000e-01   2.50000e-01   0.00000e+00   3.47794e+02
   8  sigma2       5.00000e-01   2.50000e-01   0.00000e+00   1.04219e+04
   9  sigma3       1.10000e+00   5.50000e-01   0.00000e+00   2.38671e+03
                               ERR DEF= 0.5
 MIGRAD MINIMIZATION HAS CONVERGED.
 MIGRAD WILL VERIFY CONVERGENCE AND ERROR MATRIX.
 COVARIANCE MATRIX CALCULATED SUCCESSFULLY
 FCN=-485421 FROM MIGRAD    STATUS=CONVERGED     423 CALLS         424 TOTAL
                     EDM=8.90138e-05    STRATEGY= 1      ERROR MATRIX ACCURATE 
  EXT PARAMETER                                   STEP         FIRST   
  NO.   NAME      VALUE            ERROR          SIZE      DERIVATIVE 
   1  NbkgMRS      3.44412e+03   7.59349e+01   3.49292e-03   5.85818e-01
   2  NbkgPRS      3.28758e+03   7.40508e+01   3.64136e-03   3.16423e-01
   3  NsigMRS      2.81675e+04   1.74574e+02   8.36321e-03   1.35428e-01
   4  NsigPRS      2.59409e+04   1.67703e+02   8.57709e-03   1.46211e-01
   5  coeffsig     7.10787e-01   1.71890e-02   4.86330e-03  -1.40195e-01
   6  mean         1.45443e+02   7.80230e-03   1.19486e-04   1.46584e+01
   7  sigma1       4.15490e-01   6.87537e-03   7.06181e-04  -3.41693e+00
   8  sigma2       4.59087e-01   1.02326e-02   7.45260e-04   8.32840e-01
   9  sigma3       9.65006e-01   2.34036e-02   1.41322e-03   1.00180e+00
                               ERR DEF= 0.5
 EXTERNAL ERROR MATRIX.    NDIM=  25    NPAR=  9    ERR DEF=0.5
  5.766e+03  5.203e+02 -2.309e+03 -5.185e+02  2.098e-01  1.834e-02 -5.560e-02 -8.534e-02 -4.461e-01 
  5.203e+02  5.484e+03 -5.184e+02 -2.183e+03  1.972e-01  1.595e-02 -5.349e-02 -7.949e-02 -4.215e-01 
 -2.309e+03 -5.184e+02  3.048e+04  5.167e+02 -2.095e-01 -1.834e-02  5.547e-02  8.518e-02  4.449e-01 
 -5.185e+02 -2.183e+03  5.167e+02  2.813e+04 -1.970e-01 -1.595e-02  5.337e-02  7.936e-02  4.205e-01 
  2.098e-01  1.972e-01 -2.095e-01 -1.970e-01  2.956e-04  5.140e-05 -5.597e-05 -1.363e-04 -3.677e-04 
  1.834e-02  1.595e-02 -1.834e-02 -1.595e-02  5.140e-05  6.088e-05  2.816e-05 -6.354e-05 -5.857e-05 
 -5.560e-02 -5.349e-02  5.547e-02  5.337e-02 -5.597e-05  2.816e-05  4.727e-05 -1.093e-06  7.109e-05 
 -8.534e-02 -7.949e-02  8.518e-02  7.936e-02 -1.363e-04 -6.354e-05 -1.093e-06  1.047e-04  1.603e-04 
 -4.461e-01 -4.215e-01  4.449e-01  4.205e-01 -3.677e-04 -5.857e-05  7.109e-05  1.603e-04  5.477e-04 
 PARAMETER  CORRELATION COEFFICIENTS  
       NO.  GLOBAL      1      2      3      4      5      6      7      8      9
        1  0.33616   1.000  0.093 -0.174 -0.041  0.161  0.031 -0.106 -0.110 -0.251
        2  0.33012   0.093  1.000 -0.040 -0.176  0.155  0.028 -0.105 -0.105 -0.243
        3  0.19334  -0.174 -0.040  1.000  0.018 -0.070 -0.013  0.046  0.048  0.109
        4  0.19446  -0.041 -0.176  0.018  1.000 -0.068 -0.012  0.046  0.046  0.107
        5  0.96382   0.161  0.155 -0.070 -0.068  1.000  0.383 -0.474 -0.775 -0.914
        6  0.94750   0.031  0.028 -0.013 -0.012  0.383  1.000  0.525 -0.796 -0.321
        7  0.90472  -0.106 -0.105  0.046  0.046 -0.474  0.525  1.000 -0.016  0.442
        8  0.94850  -0.110 -0.105  0.048  0.046 -0.775 -0.796 -0.016  1.000  0.669
        9  0.92876  -0.251 -0.243  0.109  0.107 -0.914 -0.321  0.442  0.669  1.000
 **********
 **   18 **HESSE        4500
 **********
 COVARIANCE MATRIX CALCULATED SUCCESSFULLY
 FCN=-485421 FROM HESSE     STATUS=OK             73 CALLS         497 TOTAL
                     EDM=8.85958e-05    STRATEGY= 1      ERROR MATRIX ACCURATE 
  EXT PARAMETER                                INTERNAL      INTERNAL  
  NO.   NAME      VALUE            ERROR       STEP SIZE       VALUE   
   1  NbkgMRS      3.44412e+03   7.59917e+01   1.39717e-04  -8.98018e-01
   2  NbkgPRS      3.28758e+03   7.41051e+01   1.45655e-04  -8.86777e-01
   3  NsigMRS      2.81675e+04   1.74632e+02   3.34529e-04   8.98078e-01
   4  NsigPRS      2.59409e+04   1.67760e+02   3.43083e-04   8.86833e-01
   5  coeffsig     7.10787e-01   1.74155e-02   9.72659e-04   2.70641e+00
   6  mean         1.45443e+02   7.92788e-03   2.38972e-05  -2.95466e-01
   7  sigma1       4.15490e-01   6.94844e-03   2.82472e-05  -1.16025e+00
   8  sigma2       4.59087e-01   1.04616e-02   2.98104e-05  -1.13892e+00
   9  sigma3       9.65006e-01   2.34852e-02   5.65286e-05  -9.39052e-01
                               ERR DEF= 0.5
 EXTERNAL ERROR MATRIX.    NDIM=  25    NPAR=  9    ERR DEF=0.5
  5.775e+03  5.271e+02 -2.330e+03 -5.271e+02  2.124e-01  1.881e-02 -5.672e-02 -8.729e-02 -4.489e-01 
  5.271e+02  5.492e+03 -5.270e+02 -2.204e+03  1.996e-01  1.633e-02 -5.457e-02 -8.125e-02 -4.241e-01 
 -2.330e+03 -5.270e+02  3.050e+04  5.270e+02 -2.124e-01 -1.881e-02  5.672e-02  8.728e-02  4.488e-01 
 -5.271e+02 -2.204e+03  5.270e+02  2.815e+04 -1.996e-01 -1.633e-02  5.457e-02  8.125e-02  4.241e-01 
  2.124e-01  1.996e-01 -2.124e-01 -1.996e-01  3.034e-04  5.400e-05 -5.753e-05 -1.421e-04 -3.740e-04 
  1.881e-02  1.633e-02 -1.881e-02 -1.633e-02  5.400e-05  6.285e-05  2.861e-05 -6.628e-05 -6.098e-05 
 -5.672e-02 -5.457e-02  5.672e-02  5.457e-02 -5.753e-05  2.861e-05  4.828e-05 -7.971e-07  7.253e-05 
 -8.729e-02 -8.125e-02  8.728e-02  8.125e-02 -1.421e-04 -6.628e-05 -7.971e-07  1.094e-04  1.657e-04 
 -4.489e-01 -4.241e-01  4.488e-01  4.241e-01 -3.740e-04 -6.098e-05  7.253e-05  1.657e-04  5.516e-04 
 PARAMETER  CORRELATION COEFFICIENTS  
       NO.  GLOBAL      1      2      3      4      5      6      7      8      9
        1  0.33811   1.000  0.094 -0.176 -0.041  0.160  0.031 -0.107 -0.110 -0.252
        2  0.33208   0.094  1.000 -0.041 -0.177  0.155  0.028 -0.106 -0.105 -0.244
        3  0.19490  -0.176 -0.041  1.000  0.018 -0.070 -0.014  0.047  0.048  0.109
        4  0.19604  -0.041 -0.177  0.018  1.000 -0.068 -0.012  0.047  0.046  0.108
        5  0.96477   0.160  0.155 -0.070 -0.068  1.000  0.391 -0.475 -0.780 -0.914
        6  0.94920   0.031  0.028 -0.014 -0.012  0.391  1.000  0.519 -0.799 -0.327
        7  0.90682  -0.107 -0.106  0.047  0.047 -0.475  0.519  1.000 -0.011  0.444
        8  0.95079  -0.110 -0.105  0.048  0.046 -0.780 -0.799 -0.011  1.000  0.675
        9  0.92927  -0.252 -0.244  0.109  0.108 -0.914 -0.327  0.444  0.675  1.000
75 ; 2.57431 ; 3.10841
[#1] INFO:Plotting -- RooAbsPdf::plotOn(modelMRS) directly selected PDF components: (modelBkg)
[#1] INFO:Plotting -- RooAbsPdf::plotOn(modelMRS) indirectly selected PDF components: ()
[#1] INFO:Plotting -- RooAbsPdf::plotOn(modelMRS) directly selected PDF components: (modelSig)
[#1] INFO:Plotting -- RooAbsPdf::plotOn(modelMRS) indirectly selected PDF components: (sig_pdf1,sig_pdf2)
[#1] INFO:Plotting -- RooAbsPdf::plotOn(modelPRS) directly selected PDF components: (modelBkg)
[#1] INFO:Plotting -- RooAbsPdf::plotOn(modelPRS) indirectly selected PDF components: ()
[#1] INFO:Plotting -- RooAbsPdf::plotOn(modelPRS) directly selected PDF components: (modelSig)
[#1] INFO:Plotting -- RooAbsPdf::plotOn(modelPRS) indirectly selected PDF components: (sig_pdf1,sig_pdf2)
PRS chi2: 2.35067 ; MPS chi2: 3.08487
