   ------------------------------------------------------------------
  | Welcome to ROOT 6.24/08                        https://root.cern |
  | (c) 1995-2021, The ROOT Team; conception: R. Brun, F. Rademakers |
  | Built for linuxx8664gcc on Sep 29 2022, 13:04:57                 |
  | From tags/v6-24-08@v6-24-08                                      |
  | With c++ (GCC) 4.8.5 20150623 (Red Hat 4.8.5-44)                 |
  | Try '.help', '.demo', '.license', '.credits', '.quit'/'.q'       |
   ------------------------------------------------------------------


Processing full.C(1,0,"Down","2018")...

[1mRooFit v3.60 -- Developed by Wouter Verkerke and David Kirkby[0m 
                Copyright (C) 2000-2013 NIKHEF, University of California & Stanford University
                All rights reserved, please read http://roofit.sourceforge.net/license.txt

-------------------------
Set LHCb Style - May 2021
-------------------------
../fulltempt/PARAMs/FullMom_1_0.txt
[#0] WARNING:InputArguments -- The parameter 'sigma3' with range [0, 10] of the RooGaussian 'sig_pdf2' exceeds the safe range of (0, inf). Advise to limit its range.
[#0] ERROR:Integration --  RooNumIntFactory::Init : libRooFitMore cannot be loaded. GSL integrators will not beavailable ! 
[#1] INFO:Fitting -- RooAddition::defaultErrorLevel(nll) Summation contains a RooNLLVar, using its error level
 **********
 **   13 **MIGRAD        4500           1
 **********
 FIRST CALL TO USER FUNCTION AT NEW START POINT, WITH IFLAG=4.
 START MIGRAD MINIMIZATION.  STRATEGY  1.  CONVERGENCE WHEN EDM .LT. 1.00e-03
 FCN=-261256 FROM MIGRAD    STATUS=INITIATE       79 CALLS          80 TOTAL
                     EDM= unknown      STRATEGY= 1      NO ERROR MATRIX       
  EXT PARAMETER               CURRENT GUESS       STEP         FIRST   
  NO.   NAME      VALUE            ERROR          SIZE      DERIVATIVE 
   1  NbkgMRS      3.82240e+03   1.91120e+03   0.00000e+00  -7.45519e+02
   2  NbkgPRS      3.66700e+03   1.83350e+03   0.00000e+00  -7.63547e+02
   3  NsigMRS      1.52896e+04   1.91120e+03   0.00000e+00   1.86305e+02
   4  NsigPRS      1.46680e+04   1.83350e+03   0.00000e+00   1.90812e+02
   5  coeffsig     5.32236e-01   5.00000e-02   9.91811e-01  -8.04842e+01
   6  mean         1.45500e+02   2.10000e+00   0.00000e+00  -1.28127e+04
   7  sigma1       5.00000e-01   2.50000e-01   0.00000e+00   3.40952e+02
   8  sigma2       5.00000e-01   2.50000e-01   0.00000e+00  -2.00973e+03
   9  sigma3       1.10000e+00   5.50000e-01   0.00000e+00   4.60412e+02
                               ERR DEF= 0.5
 MIGRAD MINIMIZATION HAS CONVERGED.
 MIGRAD WILL VERIFY CONVERGENCE AND ERROR MATRIX.
 COVARIANCE MATRIX CALCULATED SUCCESSFULLY
 FCN=-261445 FROM MIGRAD    STATUS=CONVERGED     515 CALLS         516 TOTAL
                     EDM=8.67555e-06    STRATEGY= 1      ERROR MATRIX ACCURATE 
  EXT PARAMETER                                   STEP         FIRST   
  NO.   NAME      VALUE            ERROR          SIZE      DERIVATIVE 
   1  NbkgMRS      4.37280e+03   9.17338e+01   3.59208e-03   1.07357e-01
   2  NbkgPRS      4.22294e+03   8.95924e+01   3.66650e-03  -5.80373e-02
   3  NsigMRS      1.47392e+04   1.37013e+02   5.63497e-03  -1.22314e-02
   4  NsigPRS      1.41123e+04   1.33823e+02   5.73632e-03   1.22954e-01
   5  coeffsig     8.65156e-01   1.08614e-02   5.34723e-03   2.23320e-02
   6  mean         1.45442e+02   1.24664e-02   1.66037e-04   2.03315e+00
   7  sigma1       5.83680e-01   1.05942e-02   7.22749e-04  -1.86318e-01
   8  sigma2       7.16142e-01   1.16688e-02   7.70422e-04   3.87502e-01
   9  sigma3       1.75052e+00   8.25726e-02   4.40462e-03  -1.46475e-02
                               ERR DEF= 0.5
 EXTERNAL ERROR MATRIX.    NDIM=  25    NPAR=  9    ERR DEF=0.5
  8.415e+03  1.257e+03 -4.032e+03 -1.256e+03  3.038e-02 -4.922e-02 -7.463e-02 -2.661e-02 -1.739e+00 
  1.257e+03  8.027e+03 -1.256e+03 -3.794e+03  5.876e-03 -3.968e-02 -7.786e-02 -4.521e-02 -1.776e+00 
 -4.032e+03 -1.256e+03  1.877e+04  1.256e+03 -3.014e-02  4.923e-02  7.465e-02  2.657e-02  1.740e+00 
 -1.256e+03 -3.794e+03  1.256e+03  1.791e+04 -5.678e-03  3.971e-02  7.788e-02  4.513e-02  1.777e+00 
  3.038e-02  5.876e-03 -3.014e-02 -5.678e-03  1.180e-04 -9.963e-06  5.155e-05  6.414e-05  6.627e-04 
 -4.922e-02 -3.968e-02  4.923e-02  3.971e-02 -9.963e-06  1.554e-04  9.575e-05 -1.070e-04  2.238e-05 
 -7.463e-02 -7.786e-02  7.465e-02  7.788e-02  5.155e-05  9.575e-05  1.122e-04 -3.089e-05  3.751e-04 
 -2.661e-02 -4.521e-02  2.657e-02  4.513e-02  6.414e-05 -1.070e-04 -3.089e-05  1.362e-04  3.263e-04 
 -1.739e+00 -1.776e+00  1.740e+00  1.777e+00  6.627e-04  2.238e-05  3.751e-04  3.263e-04  6.819e-03 
 PARAMETER  CORRELATION COEFFICIENTS  
       NO.  GLOBAL      1      2      3      4      5      6      7      8      9
        1  0.45540   1.000  0.153 -0.321 -0.102  0.030 -0.043 -0.077 -0.025 -0.230
        2  0.44654   0.153  1.000 -0.102 -0.316  0.006 -0.036 -0.082 -0.043 -0.240
        3  0.35439  -0.321 -0.102  1.000  0.068 -0.020  0.029  0.051  0.017  0.154
        4  0.34920  -0.102 -0.316  0.068  1.000 -0.004  0.024  0.055  0.029  0.161
        5  0.87936   0.030  0.006 -0.020 -0.004  1.000 -0.074  0.448  0.506  0.739
        6  0.92543  -0.043 -0.036  0.029  0.024 -0.074  1.000  0.725 -0.736  0.022
        7  0.89152  -0.077 -0.082  0.051  0.055  0.448  0.725  1.000 -0.250  0.429
        8  0.87605  -0.025 -0.043  0.017  0.029  0.506 -0.736 -0.250  1.000  0.339
        9  0.81892  -0.230 -0.240  0.154  0.161  0.739  0.022  0.429  0.339  1.000
 **********
 **   18 **HESSE        4500
 **********
 COVARIANCE MATRIX CALCULATED SUCCESSFULLY
 FCN=-261445 FROM HESSE     STATUS=OK             73 CALLS         589 TOTAL
                     EDM=8.72961e-06    STRATEGY= 1      ERROR MATRIX ACCURATE 
  EXT PARAMETER                                INTERNAL      INTERNAL  
  NO.   NAME      VALUE            ERROR       STEP SIZE       VALUE   
   1  NbkgMRS      4.37280e+03   9.19451e+01   1.43683e-04  -5.73295e-01
   2  NbkgPRS      4.22294e+03   8.98041e+01   1.46660e-04  -5.69674e-01
   3  NsigMRS      1.47392e+04   1.37180e+02   2.25399e-04   5.73299e-01
   4  NsigPRS      1.41123e+04   1.33989e+02   2.29453e-04   5.69699e-01
   5  coeffsig     8.65156e-01   1.10264e-02   2.13889e-04   8.18779e-01
   6  mean         1.45442e+02   1.25984e-02   3.32074e-05  -2.95507e-01
   7  sigma1       5.83680e-01   1.07051e-02   2.89100e-05  -1.08278e+00
   8  sigma2       7.16142e-01   1.18112e-02   3.08169e-05  -1.02898e+00
   9  sigma3       1.75052e+00   8.39521e-02   8.80924e-04  -7.07448e-01
                               ERR DEF= 0.5
 EXTERNAL ERROR MATRIX.    NDIM=  25    NPAR=  9    ERR DEF=0.5
  8.454e+03  1.291e+03 -4.081e+03 -1.291e+03  2.114e-02 -5.104e-02 -8.112e-02 -3.039e-02 -1.828e+00 
  1.291e+03  8.065e+03 -1.291e+03 -3.842e+03 -3.493e-03 -4.112e-02 -8.419e-02 -4.939e-02 -1.864e+00 
 -4.081e+03 -1.291e+03  1.882e+04  1.291e+03 -2.112e-02  5.104e-02  8.112e-02  3.039e-02  1.828e+00 
 -1.291e+03 -3.842e+03  1.291e+03  1.795e+04  3.501e-03  4.112e-02  8.419e-02  4.939e-02  1.864e+00 
  2.114e-02 -3.493e-03 -2.112e-02  3.501e-03  1.216e-04 -1.030e-05  5.339e-05  6.643e-05  6.909e-04 
 -5.104e-02 -4.112e-02  5.104e-02  4.112e-02 -1.030e-05  1.587e-04  9.774e-05 -1.097e-04  2.289e-05 
 -8.112e-02 -8.419e-02  8.112e-02  8.419e-02  5.339e-05  9.774e-05  1.146e-04 -3.140e-05  3.914e-04 
 -3.039e-02 -4.939e-02  3.039e-02  4.939e-02  6.643e-05 -1.097e-04 -3.140e-05  1.395e-04  3.415e-04 
 -1.828e+00 -1.864e+00  1.828e+00  1.864e+00  6.909e-04  2.289e-05  3.914e-04  3.415e-04  7.049e-03 
 PARAMETER  CORRELATION COEFFICIENTS  
       NO.  GLOBAL      1      2      3      4      5      6      7      8      9
        1  0.45938   1.000  0.156 -0.324 -0.105  0.021 -0.044 -0.082 -0.028 -0.237
        2  0.45075   0.156  1.000 -0.105 -0.319 -0.004 -0.036 -0.088 -0.047 -0.247
        3  0.35737  -0.324 -0.105  1.000  0.070 -0.014  0.030  0.055  0.019  0.159
        4  0.35230  -0.105 -0.319  0.070  1.000  0.002  0.024  0.059  0.031  0.166
        5  0.88319   0.021 -0.004 -0.014  0.002  1.000 -0.074  0.452  0.510  0.746
        6  0.92705  -0.044 -0.036  0.030  0.024 -0.074  1.000  0.725 -0.738  0.022
        7  0.89389  -0.082 -0.088  0.055  0.059  0.452  0.725  1.000 -0.248  0.435
        8  0.87923  -0.028 -0.047  0.019  0.031  0.510 -0.738 -0.248  1.000  0.344
        9  0.82545  -0.237 -0.247  0.159  0.166  0.746  0.022  0.435  0.344  1.000
75 ; 1.90901 ; 2.02272
[#1] INFO:Plotting -- RooAbsPdf::plotOn(modelMRS) directly selected PDF components: (modelBkg)
[#1] INFO:Plotting -- RooAbsPdf::plotOn(modelMRS) indirectly selected PDF components: ()
[#1] INFO:Plotting -- RooAbsPdf::plotOn(modelMRS) directly selected PDF components: (modelSig)
[#1] INFO:Plotting -- RooAbsPdf::plotOn(modelMRS) indirectly selected PDF components: (sig_pdf1,sig_pdf2)
[#1] INFO:Plotting -- RooAbsPdf::plotOn(modelPRS) directly selected PDF components: (modelBkg)
[#1] INFO:Plotting -- RooAbsPdf::plotOn(modelPRS) indirectly selected PDF components: ()
[#1] INFO:Plotting -- RooAbsPdf::plotOn(modelPRS) directly selected PDF components: (modelSig)
[#1] INFO:Plotting -- RooAbsPdf::plotOn(modelPRS) indirectly selected PDF components: (sig_pdf1,sig_pdf2)
PRS chi2: 1.94032 ; MPS chi2: 1.85246
