   ------------------------------------------------------------------
  | Welcome to ROOT 6.24/08                        https://root.cern |
  | (c) 1995-2021, The ROOT Team; conception: R. Brun, F. Rademakers |
  | Built for linuxx8664gcc on Sep 29 2022, 13:04:57                 |
  | From tags/v6-24-08@v6-24-08                                      |
  | With c++ (GCC) 4.8.5 20150623 (Red Hat 4.8.5-44)                 |
  | Try '.help', '.demo', '.license', '.credits', '.quit'/'.q'       |
   ------------------------------------------------------------------


Processing full.C(2,5,"Up","2018")...

[1mRooFit v3.60 -- Developed by Wouter Verkerke and David Kirkby[0m 
                Copyright (C) 2000-2013 NIKHEF, University of California & Stanford University
                All rights reserved, please read http://roofit.sourceforge.net/license.txt

-------------------------
Set LHCb Style - May 2021
-------------------------
../fulltempt/PARAMs/FullMom_2_5.txt
[#0] WARNING:InputArguments -- The parameter 'sigma3' with range [0, 10] of the RooGaussian 'sig_pdf2' exceeds the safe range of (0, inf). Advise to limit its range.
[#0] ERROR:Integration --  RooNumIntFactory::Init : libRooFitMore cannot be loaded. GSL integrators will not beavailable ! 
[#1] INFO:Fitting -- RooAddition::defaultErrorLevel(nll) Summation contains a RooNLLVar, using its error level
 **********
 **   13 **MIGRAD        4500           1
 **********
 FIRST CALL TO USER FUNCTION AT NEW START POINT, WITH IFLAG=4.
 START MIGRAD MINIMIZATION.  STRATEGY  1.  CONVERGENCE WHEN EDM .LT. 1.00e-03
 FCN=-24929.6 FROM MIGRAD    STATUS=INITIATE       64 CALLS          65 TOTAL
                     EDM= unknown      STRATEGY= 1      NO ERROR MATRIX       
  EXT PARAMETER               CURRENT GUESS       STEP         FIRST   
  NO.   NAME      VALUE            ERROR          SIZE      DERIVATIVE 
   1  NbkgMRS      5.22400e+02   2.61200e+02   0.00000e+00  -7.87987e+01
   2  NbkgPRS      5.12600e+02   2.56300e+02   0.00000e+00  -3.90352e+01
   3  NsigMRS      2.08960e+03   2.61200e+02   0.00000e+00   1.96924e+01
   4  NsigPRS      2.05040e+03   2.56300e+02   0.00000e+00   9.75168e+00
   5  coeffsig     3.20032e-01   5.00000e-02   5.59096e-01  -1.94401e+01
   6  mean         1.45500e+02   2.10000e+00   0.00000e+00   2.49750e+03
   7  sigma1       5.00000e-01   2.50000e-01   0.00000e+00  -2.02086e+02
   8  sigma2       5.00000e-01   2.50000e-01   0.00000e+00   1.78941e+02
   9  sigma3       1.10000e+00   5.50000e-01   0.00000e+00   1.57374e+01
                               ERR DEF= 0.5
 MIGRAD MINIMIZATION HAS CONVERGED.
 MIGRAD WILL VERIFY CONVERGENCE AND ERROR MATRIX.
 COVARIANCE MATRIX CALCULATED SUCCESSFULLY
 FCN=-24971.4 FROM MIGRAD    STATUS=CONVERGED     522 CALLS         523 TOTAL
                     EDM=4.92394e-05    STRATEGY= 1      ERROR MATRIX ACCURATE 
  EXT PARAMETER                                   STEP         FIRST   
  NO.   NAME      VALUE            ERROR          SIZE      DERIVATIVE 
   1  NbkgMRS      4.60334e+02   2.97180e+01   2.87449e-03   1.55469e-01
   2  NbkgPRS      4.22538e+02   2.91451e+01   2.91161e-03  -8.14201e-02
   3  NsigMRS      2.15169e+03   5.07066e+01   5.26962e-03  -2.22242e-02
   4  NsigPRS      2.14040e+03   5.06342e+01   5.50762e-03  -1.21982e-02
   5  coeffsig     7.90705e-01   2.08161e-02   3.37043e-03  -8.02187e-02
   6  mean         1.45372e+02   4.03195e-02   1.64281e-04   2.59352e+00
   7  sigma1       6.89081e-01   3.53157e-02   6.79585e-04  -4.10101e-01
   8  sigma2       8.03415e-01   3.03433e-02   6.52136e-04   3.71593e-01
   9  sigma3       2.42484e+00   1.70622e-01   2.91861e-03   8.94934e-02
                               ERR DEF= 0.5
 EXTERNAL ERROR MATRIX.    NDIM=  25    NPAR=  9    ERR DEF=0.5
  8.834e+02  1.745e+02 -4.218e+02 -1.742e+02  7.928e-02 -1.620e-02 -3.091e-02  1.097e-02 -1.397e+00 
  1.745e+02  8.497e+02 -1.743e+02 -4.259e+02  7.383e-02 -2.506e-02 -3.834e-02  8.516e-03 -1.493e+00 
 -4.218e+02 -1.743e+02  2.573e+03  1.740e+02 -7.900e-02  1.628e-02  3.097e-02 -1.097e-02  1.396e+00 
 -1.742e+02 -4.259e+02  1.740e+02  2.566e+03 -7.354e-02  2.514e-02  3.840e-02 -8.528e-03  1.491e+00 
  7.928e-02  7.383e-02 -7.900e-02 -7.354e-02  4.337e-04  1.841e-04  3.809e-04  1.413e-04  1.944e-03 
 -1.620e-02 -2.506e-02  1.628e-02  2.514e-02  1.841e-04  1.626e-03  1.157e-03 -8.981e-04  1.696e-03 
 -3.091e-02 -3.834e-02  3.097e-02  3.840e-02  3.809e-04  1.157e-03  1.247e-03 -4.289e-04  2.709e-03 
  1.097e-02  8.516e-03 -1.097e-02 -8.528e-03  1.413e-04 -8.981e-04 -4.289e-04  9.208e-04  3.884e-04 
 -1.397e+00 -1.493e+00  1.396e+00  1.491e+00  1.944e-03  1.696e-03  2.709e-03  3.884e-04  2.913e-02 
 PARAMETER  CORRELATION COEFFICIENTS  
       NO.  GLOBAL      1      2      3      4      5      6      7      8      9
        1  0.47114   1.000  0.201 -0.280 -0.116  0.128 -0.014 -0.029  0.012 -0.275
        2  0.49154   0.201  1.000 -0.118 -0.288  0.122 -0.021 -0.037  0.010 -0.300
        3  0.31684  -0.280 -0.118  1.000  0.068 -0.075  0.008  0.017 -0.007  0.161
        4  0.32428  -0.116 -0.288  0.068  1.000 -0.070  0.012  0.021 -0.006  0.173
        5  0.79739   0.128  0.122 -0.075 -0.070  1.000  0.219  0.518  0.224  0.547
        6  0.92733  -0.014 -0.021  0.008  0.012  0.219  1.000  0.813 -0.734  0.246
        7  0.89477  -0.029 -0.037  0.017  0.021  0.518  0.813  1.000 -0.400  0.449
        8  0.84457   0.012  0.010 -0.007 -0.006  0.224 -0.734 -0.400  1.000  0.075
        9  0.74072  -0.275 -0.300  0.161  0.173  0.547  0.246  0.449  0.075  1.000
 **********
 **   18 **HESSE        4500
 **********
 COVARIANCE MATRIX CALCULATED SUCCESSFULLY
 FCN=-24971.4 FROM HESSE     STATUS=OK             73 CALLS         596 TOTAL
                     EDM=4.92993e-05    STRATEGY= 1      ERROR MATRIX ACCURATE 
  EXT PARAMETER                                INTERNAL      INTERNAL  
  NO.   NAME      VALUE            ERROR       STEP SIZE       VALUE   
   1  NbkgMRS      4.60334e+02   2.97744e+01   5.74897e-04  -7.04331e-01
   2  NbkgPRS      4.22538e+02   2.92092e+01   5.82322e-04  -7.34584e-01
   3  NsigMRS      2.15169e+03   5.07505e+01   2.10785e-04   7.04355e-01
   4  NsigPRS      2.14040e+03   5.06838e+01   2.20305e-04   7.34517e-01
   5  coeffsig     7.90705e-01   2.08825e-02   6.74086e-04   6.20461e-01
   6  mean         1.45372e+02   4.07079e-02   3.28562e-05  -3.02473e-01
   7  sigma1       6.89081e-01   3.56072e-02   1.35917e-04  -1.03956e+00
   8  sigma2       8.03415e-01   3.05541e-02   1.30427e-04  -9.96026e-01
   9  sigma3       2.42484e+00   1.71718e-01   1.16744e-04  -5.41044e-01
                               ERR DEF= 0.5
 EXTERNAL ERROR MATRIX.    NDIM=  25    NPAR=  9    ERR DEF=0.5
  8.868e+02  1.778e+02 -4.263e+02 -1.779e+02  7.713e-02 -1.855e-02 -3.452e-02  1.071e-02 -1.435e+00 
  1.778e+02  8.534e+02 -1.778e+02 -4.309e+02  7.151e-02 -2.766e-02 -4.226e-02  8.302e-03 -1.533e+00 
 -4.263e+02 -1.778e+02  2.578e+03  1.779e+02 -7.711e-02  1.856e-02  3.454e-02 -1.072e-02  1.435e+00 
 -1.779e+02 -4.309e+02  1.779e+02  2.571e+03 -7.150e-02  2.769e-02  4.229e-02 -8.308e-03  1.533e+00 
  7.713e-02  7.151e-02 -7.711e-02 -7.150e-02  4.365e-04  1.891e-04  3.868e-04  1.402e-04  1.972e-03 
 -1.855e-02 -2.766e-02  1.856e-02  2.769e-02  1.891e-04  1.657e-03  1.182e-03 -9.170e-04  1.746e-03 
 -3.452e-02 -4.226e-02  3.454e-02  4.229e-02  3.868e-04  1.182e-03  1.268e-03 -4.417e-04  2.768e-03 
  1.071e-02  8.302e-03 -1.072e-02 -8.308e-03  1.402e-04 -9.170e-04 -4.417e-04  9.336e-04  3.776e-04 
 -1.435e+00 -1.533e+00  1.435e+00  1.533e+00  1.972e-03  1.746e-03  2.768e-03  3.776e-04  2.950e-02 
 PARAMETER  CORRELATION COEFFICIENTS  
       NO.  GLOBAL      1      2      3      4      5      6      7      8      9
        1  0.47426   1.000  0.204 -0.282 -0.118  0.124 -0.015 -0.033  0.012 -0.281
        2  0.49491   0.204  1.000 -0.120 -0.291  0.117 -0.023 -0.041  0.009 -0.305
        3  0.31928  -0.282 -0.120  1.000  0.069 -0.073  0.009  0.019 -0.007  0.165
        4  0.32695  -0.118 -0.291  0.069  1.000 -0.067  0.013  0.023 -0.005  0.176
        5  0.79884   0.124  0.117 -0.073 -0.067  1.000  0.222  0.520  0.220  0.550
        6  0.92876  -0.015 -0.023  0.009  0.013  0.222  1.000  0.815 -0.737  0.250
        7  0.89659  -0.033 -0.041  0.019  0.023  0.520  0.815  1.000 -0.406  0.453
        8  0.84690   0.012  0.009 -0.007 -0.005  0.220 -0.737 -0.406  1.000  0.072
        9  0.74460  -0.281 -0.305  0.165  0.176  0.550  0.250  0.453  0.072  1.000
75 ; 1.46509 ; 1.53838
[#1] INFO:Plotting -- RooAbsPdf::plotOn(modelMRS) directly selected PDF components: (modelBkg)
[#1] INFO:Plotting -- RooAbsPdf::plotOn(modelMRS) indirectly selected PDF components: ()
[#1] INFO:Plotting -- RooAbsPdf::plotOn(modelMRS) directly selected PDF components: (modelSig)
[#1] INFO:Plotting -- RooAbsPdf::plotOn(modelMRS) indirectly selected PDF components: (sig_pdf1,sig_pdf2)
[#1] INFO:Plotting -- RooAbsPdf::plotOn(modelPRS) directly selected PDF components: (modelBkg)
[#1] INFO:Plotting -- RooAbsPdf::plotOn(modelPRS) indirectly selected PDF components: ()
[#1] INFO:Plotting -- RooAbsPdf::plotOn(modelPRS) directly selected PDF components: (modelSig)
[#1] INFO:Plotting -- RooAbsPdf::plotOn(modelPRS) indirectly selected PDF components: (sig_pdf1,sig_pdf2)
PRS chi2: 1.08959 ; MPS chi2: 1.27556
