   ------------------------------------------------------------------
  | Welcome to ROOT 6.24/08                        https://root.cern |
  | (c) 1995-2021, The ROOT Team; conception: R. Brun, F. Rademakers |
  | Built for linuxx8664gcc on Sep 29 2022, 13:04:57                 |
  | From tags/v6-24-08@v6-24-08                                      |
  | With c++ (GCC) 4.8.5 20150623 (Red Hat 4.8.5-44)                 |
  | Try '.help', '.demo', '.license', '.credits', '.quit'/'.q'       |
   ------------------------------------------------------------------


Processing part.C(5,"Down","2017")...

[1mRooFit v3.60 -- Developed by Wouter Verkerke and David Kirkby[0m 
                Copyright (C) 2000-2013 NIKHEF, University of California & Stanford University
                All rights reserved, please read http://roofit.sourceforge.net/license.txt

-------------------------
Set LHCb Style - May 2021
-------------------------
../parttempt/PARAMs/PartMom_5.txt
====>34421
[#0] ERROR:Integration --  RooNumIntFactory::Init : libRooFitMore cannot be loaded. GSL integrators will not beavailable ! 
[#1] INFO:NumericIntegration -- RooRealIntegral::init(modelSig_d_clone_Int[x]) using numeric integrator RooIntegrator1D to calculate Int(x)
[#1] INFO:NumericIntegration -- RooRealIntegral::init([pdfD0BG_X_poly]_Norm[x]_denominator_Int[x]) using numeric integrator RooIntegrator1D to calculate Int(x)
[#1] INFO:NumericIntegration -- RooRealIntegral::init(modelSig_d_clone_Int[x]) using numeric integrator RooIntegrator1D to calculate Int(x)
[#1] INFO:NumericIntegration -- RooRealIntegral::init([pdfD0BG_X_poly]_Norm[x]_denominator_Int[x]) using numeric integrator RooIntegrator1D to calculate Int(x)
[#1] INFO:Fitting -- RooAddition::defaultErrorLevel(nll_d) Summation contains a RooNLLVar, using its error level
 **********
 **   13 **MIGRAD        3500           1
 **********
 FIRST CALL TO USER FUNCTION AT NEW START POINT, WITH IFLAG=4.
 START MIGRAD MINIMIZATION.  STRATEGY  1.  CONVERGENCE WHEN EDM .LT. 1.00e-03
 FCN=-423494 FROM MIGRAD    STATUS=INITIATE       32 CALLS          33 TOTAL
                     EDM= unknown      STRATEGY= 1      NO ERROR MATRIX       
  EXT PARAMETER               CURRENT GUESS       STEP         FIRST   
  NO.   NAME      VALUE            ERROR          SIZE      DERIVATIVE 
   1  NbkgMRS_d    9.10884e+03   3.50340e+03   2.31984e-01  -1.25748e+03
   2  NbkgPRS_d    8.82856e+03   3.39560e+03   2.31984e-01  -1.41136e+03
   3  NsigMRS_d    2.59252e+04   3.50340e+03   2.31984e-01   4.41615e+02
   4  NsigPRS_d    2.51274e+04   3.39560e+03   2.31984e-01   4.95679e+02
   5  mean         1.42000e+02   9.00000e-01   2.14402e-01   2.43869e+03
   6  sigma        2.00000e+00   3.50000e-01   2.03565e-01  -7.34000e+02
   7  sigma2       7.20000e+00   1.00000e-01   1.72186e-01   3.58732e+01
                               ERR DEF= 0.5
 MIGRAD FAILS TO FIND IMPROVEMENT
 MIGRAD MINIMIZATION HAS CONVERGED.
 MIGRAD WILL VERIFY CONVERGENCE AND ERROR MATRIX.
 COVARIANCE MATRIX CALCULATED SUCCESSFULLY
 FCN=-423946 FROM MIGRAD    STATUS=CONVERGED     324 CALLS         325 TOTAL
                     EDM=0.000299794    STRATEGY= 1      ERROR MATRIX ACCURATE 
  EXT PARAMETER                                   STEP         FIRST   
  NO.   NAME      VALUE            ERROR          SIZE      DERIVATIVE 
   1  NbkgMRS_d    1.14450e+04   1.66063e+02   3.85012e-03  -1.89187e-01
   2  NbkgPRS_d    1.13807e+04   1.64080e+02   3.91720e-03   8.05556e-01
   3  NsigMRS_d    2.35889e+04   1.99242e+02   4.71260e-03  -6.57224e-03
   4  NsigPRS_d    2.25767e+04   1.95186e+02   4.74222e-03   5.87331e-01
   5  mean         1.41413e+02   8.95751e-02   4.54905e-03  -9.12384e-02
   6  sigma        2.30954e+00   1.64107e-01   2.70278e-02   1.78173e-01
   7  sigma2       7.13289e+00   6.01987e-02   2.92399e-02  -1.11817e-03
                               ERR DEF= 0.5
 EXTERNAL ERROR MATRIX.    NDIM=  36    NPAR=  7    ERR DEF=0.5
  2.758e+04  3.073e+03 -1.610e+04 -3.074e+03  2.046e+00  2.111e+00 -3.013e+00 
  3.073e+03  2.692e+04 -3.073e+03 -1.551e+04  1.966e+00  2.070e+00 -2.861e+00 
 -1.610e+04 -3.073e+03  3.970e+04  3.073e+03 -2.046e+00 -2.112e+00  3.013e+00 
 -3.074e+03 -1.551e+04  3.073e+03  3.810e+04 -1.967e+00 -2.071e+00  2.861e+00 
  2.046e+00  1.966e+00 -2.046e+00 -1.967e+00  8.025e-03  1.117e-02 -4.282e-03 
  2.111e+00  2.070e+00 -2.112e+00 -2.071e+00  1.117e-02  2.701e-02 -5.248e-03 
 -3.013e+00 -2.861e+00  3.013e+00  2.861e+00 -4.282e-03 -5.248e-03  3.642e-03 
 PARAMETER  CORRELATION COEFFICIENTS  
       NO.  GLOBAL      1      2      3      4      5      6      7
        1  0.53117   1.000  0.113 -0.487 -0.095  0.138  0.077 -0.301
        2  0.52506   0.113  1.000 -0.094 -0.484  0.134  0.077 -0.289
        3  0.50287  -0.487 -0.094  1.000  0.079 -0.115 -0.064  0.251
        4  0.49997  -0.095 -0.484  0.079  1.000 -0.112 -0.065  0.243
        5  0.89284   0.138  0.134 -0.115 -0.112  1.000  0.759 -0.792
        6  0.76828   0.077  0.077 -0.064 -0.065  0.759  1.000 -0.529
        7  0.84340  -0.301 -0.289  0.251  0.243 -0.792 -0.529  1.000
 **********
 **   18 **HESSE        3500
 **********
 COVARIANCE MATRIX CALCULATED SUCCESSFULLY
 FCN=-423946 FROM HESSE     STATUS=OK             52 CALLS         377 TOTAL
                     EDM=0.000310051    STRATEGY= 1      ERROR MATRIX ACCURATE 
  EXT PARAMETER                                INTERNAL      INTERNAL  
  NO.   NAME      VALUE            ERROR       STEP SIZE       VALUE   
   1  NbkgMRS_d    1.14450e+04   1.65346e+02   1.54005e-04  -3.53984e-01
   2  NbkgPRS_d    1.13807e+04   1.63430e+02   7.83440e-04  -3.35963e-01
   3  NsigMRS_d    2.35889e+04   1.98700e+02   1.88504e-04   3.53975e-01
   4  NsigPRS_d    2.25767e+04   1.94693e+02   1.89689e-04   3.36051e-01
   5  mean         1.41413e+02   8.86825e-02   1.81962e-04  -4.82233e-01
   6  sigma        2.30954e+00   1.67022e-01   1.08111e-03   3.40306e-02
   7  sigma2       7.13289e+00   5.82011e-02   1.16960e-03  -1.04937e+00
                               ERR DEF= 0.5
 EXTERNAL ERROR MATRIX.    NDIM=  36    NPAR=  7    ERR DEF=0.5
  2.734e+04  2.805e+03 -1.589e+04 -2.806e+03  1.643e+00  1.660e+00 -2.717e+00 
  2.805e+03  2.671e+04 -2.805e+03 -1.533e+04  1.586e+00  1.647e+00 -2.580e+00 
 -1.589e+04 -2.805e+03  3.948e+04  2.806e+03 -1.643e+00 -1.660e+00  2.717e+00 
 -2.806e+03 -1.533e+04  2.806e+03  3.791e+04 -1.586e+00 -1.647e+00  2.581e+00 
  1.643e+00  1.586e+00 -1.643e+00 -1.586e+00  7.866e-03  1.140e-02 -4.022e-03 
  1.660e+00  1.647e+00 -1.660e+00 -1.647e+00  1.140e-02  2.798e-02 -5.115e-03 
 -2.717e+00 -2.580e+00  2.717e+00  2.581e+00 -4.022e-03 -5.115e-03  3.403e-03 
 PARAMETER  CORRELATION COEFFICIENTS  
       NO.  GLOBAL      1      2      3      4      5      6      7
        1  0.52527   1.000  0.104 -0.484 -0.087  0.112  0.060 -0.282
        2  0.51953   0.104  1.000 -0.086 -0.482  0.109  0.060 -0.271
        3  0.49880  -0.484 -0.086  1.000  0.073 -0.093 -0.050  0.234
        4  0.49615  -0.087 -0.482  0.073  1.000 -0.092 -0.051  0.227
        5  0.89070   0.112  0.109 -0.093 -0.092  1.000  0.768 -0.777
        6  0.77699   0.060  0.060 -0.050 -0.051  0.768  1.000 -0.524
        7  0.83127  -0.282 -0.271  0.234  0.227 -0.777 -0.524  1.000
[#1] INFO:NumericIntegration -- RooRealIntegral::init([pdfD0BG_X_poly]_Norm[x]_denominator_Int[x]) using numeric integrator RooIntegrator1D to calculate Int(x)
[#1] INFO:NumericIntegration -- RooRealIntegral::init([pdfD0BG_X_poly]_Norm[x]_denominator_Int[x]) using numeric integrator RooIntegrator1D to calculate Int(x)
aaaa0 ; 279 ; 35
aaaa1 ; 408 ; 95
aaaa2 ; 685 ; 116
aaaa3 ; 852 ; 177
aaaa4 ; 1028 ; 185
aaaa5 ; 1056 ; 155
aaaa6 ; 1095 ; 199
aaaa7 ; 1172 ; 208
aaaa8 ; 1134 ; 204
aaaa9 ; 1188 ; 182
aaaa10 ; 1134 ; 182
aaaa11 ; 1158 ; 171
aaaa12 ; 1020 ; 155
aaaa13 ; 1064 ; 166
aaaa14 ; 987 ; 159
aaaa15 ; 998 ; 143
aaaa16 ; 986 ; 136
aaaa17 ; 889 ; 171
aaaa18 ; 880 ; 154
aaaa19 ; 841 ; 151
aaaa20 ; 805 ; 149
aaaa21 ; 798 ; 162
aaaa22 ; 754 ; 143
aaaa23 ; 675 ; 171
aaaa24 ; 633 ; 132
aaaa25 ; 637 ; 152
aaaa26 ; 607 ; 126
aaaa27 ; 537 ; 137
aaaa28 ; 506 ; 154
aaaa29 ; 485 ; 145
aaaa30 ; 432 ; 155
aaaa31 ; 384 ; 139
aaaa32 ; 363 ; 148
aaaa33 ; 332 ; 148
aaaa34 ; 306 ; 174
aaaa35 ; 277 ; 153
aaaa36 ; 260 ; 144
aaaa37 ; 216 ; 156
aaaa38 ; 221 ; 141
aaaa39 ; 212 ; 118
aaaa40 ; 206 ; 147
aaaa41 ; 199 ; 133
aaaa42 ; 162 ; 150
aaaa43 ; 172 ; 148
aaaa44 ; 190 ; 145
aaaa45 ; 169 ; 164
aaaa46 ; 156 ; 133
aaaa47 ; 166 ; 153
aaaa48 ; 158 ; 137
aaaa49 ; 166 ; 159
aaaa50 ; 149 ; 155
aaaa51 ; 183 ; 170
aaaa52 ; 180 ; 167
aaaa53 ; 179 ; 180
aaaa54 ; 158 ; 171
aaaa55 ; 184 ; 138
aaaa56 ; 177 ; 195
aaaa57 ; 170 ; 194
aaaa58 ; 205 ; 189
aaaa59 ; 175 ; 185
aaaa60 ; 186 ; 219
aaaa61 ; 193 ; 188
aaaa62 ; 242 ; 209
aaaa63 ; 202 ; 211
aaaa64 ; 204 ; 207
aaaa65 ; 222 ; 190
aaaa66 ; 210 ; 207
aaaa67 ; 240 ; 227
aaaa68 ; 232 ; 225
aaaa69 ; 227 ; 193
[#0] WARNING:Plotting -- RooHist::addBin(signal_hist_plot__x) WARNING: negative entry set to zero when Poisson error bars are requested
[#0] WARNING:Plotting -- RooHist::addBin(signal_hist_plot__x) WARNING: negative entry set to zero when Poisson error bars are requested
[#0] WARNING:Plotting -- RooHist::addBin(signal_hist_plot__x) WARNING: negative entry set to zero when Poisson error bars are requested
[#0] WARNING:Plotting -- RooHist::addBin(signal_hist_plot__x) WARNING: negative entry set to zero when Poisson error bars are requested
[#0] WARNING:Plotting -- RooHist::addBin(signal_hist_plot__x) WARNING: negative entry set to zero when Poisson error bars are requested
[#0] WARNING:Plotting -- RooHist::addBin(signal_hist_plot__x) WARNING: negative entry set to zero when Poisson error bars are requested
[#0] WARNING:Plotting -- RooHist::addBin(signal_hist_plot__x) WARNING: negative entry set to zero when Poisson error bars are requested
[#0] WARNING:Plotting -- RooHist::addBin(signal_hist_plot__x) WARNING: negative entry set to zero when Poisson error bars are requested
[#0] WARNING:Plotting -- RooHist::addBin(signal_hist_plot__x) WARNING: negative entry set to zero when Poisson error bars are requested
[#1] INFO:NumericIntegration -- RooRealIntegral::init([pdfD0BG_n_X_poly_n]_Norm[x]_denominator_Int[x]) using numeric integrator RooIntegrator1D to calculate Int(x)
[#1] INFO:NumericIntegration -- RooRealIntegral::init([pdfD0BG_n_X_poly_n]_Norm[x]_denominator_Int[x]) using numeric integrator RooIntegrator1D to calculate Int(x)
[#1] INFO:NumericIntegration -- RooRealIntegral::init([pdfD0BG_n_X_poly_n]_Norm[x]_denominator_Int[x]) using numeric integrator RooIntegrator1D to calculate Int(x)
[#1] INFO:NumericIntegration -- RooRealIntegral::init([pdfD0BG_n_X_poly_n]_Norm[x]_denominator_Int[x]) using numeric integrator RooIntegrator1D to calculate Int(x)
[#1] INFO:Fitting -- RooAddition::defaultErrorLevel(nll) Summation contains a RooNLLVar, using its error level
 **********
 **   13 **MIGRAD        2000           1
 **********
 FIRST CALL TO USER FUNCTION AT NEW START POINT, WITH IFLAG=4.
 START MIGRAD MINIMIZATION.  STRATEGY  1.  CONVERGENCE WHEN EDM .LT. 1.00e-03
 FCN=-424158 FROM MIGRAD    STATUS=INITIATE       16 CALLS          17 TOTAL
                     EDM= unknown      STRATEGY= 1      NO ERROR MATRIX       
  EXT PARAMETER               CURRENT GUESS       STEP         FIRST   
  NO.   NAME      VALUE            ERROR          SIZE      DERIVATIVE 
   1  NbkgMRS      1.14450e+04   2.00000e+01   2.01358e-01   7.13720e-01
   2  NbkgPRS      1.13807e+04   2.00000e+01   2.01358e-01   9.45897e-01
   3  NsigMRS      2.35889e+04   2.50000e+01   2.57889e-01  -3.76759e-01
   4  NsigPRS      2.25767e+04   2.50000e+01   2.57889e-01  -5.01940e-01
                               ERR DEF= 0.5
 MIGRAD MINIMIZATION HAS CONVERGED.
 MIGRAD WILL VERIFY CONVERGENCE AND ERROR MATRIX.
 COVARIANCE MATRIX CALCULATED SUCCESSFULLY
 FCN=-424160 FROM MIGRAD    STATUS=CONVERGED      76 CALLS          77 TOTAL
                     EDM=2.84218e-05    STRATEGY= 1      ERROR MATRIX ACCURATE 
  EXT PARAMETER                                   STEP         FIRST   
  NO.   NAME      VALUE            ERROR          SIZE      DERIVATIVE 
   1  NbkgMRS      1.13450e+04   1.54877e+02   5.00000e-01  -2.78034e-03
   2  NbkgPRS      1.12807e+04   1.36297e+02   5.00000e-01** at limit **
   3  NsigMRS      2.36389e+04   1.78811e+02   5.00000e-01  -1.74397e-03
   4  NsigPRS      2.26267e+04   1.67243e+02   5.00000e-01** at limit **
                               ERR DEF= 0.5
 EXTERNAL ERROR MATRIX.    NDIM=  25    NPAR=  4    ERR DEF=0.5
  1.840e+00 -4.969e-11  2.776e-02 -8.991e-13 
 -4.969e-11  5.368e-03 -1.201e-12  4.565e-05 
  2.776e-02 -1.201e-12  4.398e-01 -7.559e-12 
 -8.991e-13  4.565e-05 -7.559e-12  7.629e-04 
 PARAMETER  CORRELATION COEFFICIENTS  
       NO.  GLOBAL      1      2      3      4
        1  0.03086   1.000 -0.000  0.031 -0.000
        2  0.02256  -0.000  1.000 -0.000  0.023
        3  0.03086   0.031 -0.000  1.000 -0.000
        4  0.02256  -0.000  0.023 -0.000  1.000
 **********
 **   18 **HESSE        2000
 **********
 COVARIANCE MATRIX CALCULATED SUCCESSFULLY
 FCN=-424160 FROM HESSE     STATUS=OK             27 CALLS         104 TOTAL
                     EDM=2.79956e-05    STRATEGY= 1      ERROR MATRIX ACCURATE 
  EXT PARAMETER                                INTERNAL      INTERNAL  
  NO.   NAME      VALUE            ERROR       STEP SIZE       VALUE   
   1  NbkgMRS      1.13450e+04   1.54838e+02   5.00000e-01  -1.57897e+00
   2  NbkgPRS      1.12807e+04   1.37247e+02   2.00000e-02  -1.57136e+00
                                 WARNING -   - ABOVE PARAMETER IS AT LIMIT.
   3  NsigMRS      2.36389e+04   1.80806e+02   2.00000e-02   1.56708e+00
   4  NsigPRS      2.26267e+04   1.68368e+02   2.00000e-02   1.57062e+00
                                 WARNING -   - ABOVE PARAMETER IS AT LIMIT.
                               ERR DEF= 0.5
 EXTERNAL ERROR MATRIX.    NDIM=  25    NPAR=  4    ERR DEF=0.5
  1.839e+00 -1.302e-09  7.555e-04 -4.710e-10 
 -1.302e-09  5.533e-03 -1.406e-08  7.526e-08 
  7.555e-04 -1.406e-08  4.598e-01 -5.088e-09 
 -4.710e-10  7.526e-08 -5.088e-09  7.864e-04 
 PARAMETER  CORRELATION COEFFICIENTS  
       NO.  GLOBAL      1      2      3      4
        1  0.00082   1.000 -0.000  0.001 -0.000
        2  0.00004  -0.000  1.000 -0.000  0.000
        3  0.00082   0.001 -0.000  1.000 -0.000
        4  0.00004  -0.000  0.000 -0.000  1.000
66 ; 0.533155 ; 2.28353
[#1] INFO:Plotting -- RooAbsPdf::plotOn(modelMRS) directly selected PDF components: (modelBkg)
[#1] INFO:Plotting -- RooAbsPdf::plotOn(modelMRS) indirectly selected PDF components: (pdfD0BG_n,poly_n)
[#1] INFO:NumericIntegration -- RooRealIntegral::init([pdfD0BG_n_X_poly_n]_Norm[x]_denominator_Int[x]) using numeric integrator RooIntegrator1D to calculate Int(x)
[#1] INFO:Plotting -- RooAbsPdf::plotOn(modelMRS) directly selected PDF components: (modelSig)
[#1] INFO:Plotting -- RooAbsPdf::plotOn(modelMRS) indirectly selected PDF components: ()
[#1] INFO:NumericIntegration -- RooRealIntegral::init([pdfD0BG_n_X_poly_n]_Norm[x]_denominator_Int[x]) using numeric integrator RooIntegrator1D to calculate Int(x)
[#1] INFO:NumericIntegration -- RooRealIntegral::init([pdfD0BG_n_X_poly_n]_Norm[x]_denominator_Int[x]) using numeric integrator RooIntegrator1D to calculate Int(x)
[#1] INFO:Plotting -- RooAbsPdf::plotOn(modelPRS) directly selected PDF components: (modelBkg)
[#1] INFO:Plotting -- RooAbsPdf::plotOn(modelPRS) indirectly selected PDF components: (pdfD0BG_n,poly_n)
[#1] INFO:NumericIntegration -- RooRealIntegral::init([pdfD0BG_n_X_poly_n]_Norm[x]_denominator_Int[x]) using numeric integrator RooIntegrator1D to calculate Int(x)
[#1] INFO:Plotting -- RooAbsPdf::plotOn(modelPRS) directly selected PDF components: (modelSig)
[#1] INFO:Plotting -- RooAbsPdf::plotOn(modelPRS) indirectly selected PDF components: ()
[#1] INFO:NumericIntegration -- RooRealIntegral::init([pdfD0BG_n_X_poly_n]_Norm[x]_denominator_Int[x]) using numeric integrator RooIntegrator1D to calculate Int(x)
[#1] INFO:NumericIntegration -- RooRealIntegral::init([pdfD0BG_n_X_poly_n]_Norm[x]_denominator_Int[x]) using numeric integrator RooIntegrator1D to calculate Int(x)
PRS chi2: 0.549267 ; MPS chi2: 2.33866
