   ------------------------------------------------------------------
  | Welcome to ROOT 6.24/08                        https://root.cern |
  | (c) 1995-2021, The ROOT Team; conception: R. Brun, F. Rademakers |
  | Built for linuxx8664gcc on Sep 29 2022, 13:04:57                 |
  | From tags/v6-24-08@v6-24-08                                      |
  | With c++ (GCC) 4.8.5 20150623 (Red Hat 4.8.5-44)                 |
  | Try '.help', '.demo', '.license', '.credits', '.quit'/'.q'       |
   ------------------------------------------------------------------


Processing full.C(2,2,"Up","2016")...

[1mRooFit v3.60 -- Developed by Wouter Verkerke and David Kirkby[0m 
                Copyright (C) 2000-2013 NIKHEF, University of California & Stanford University
                All rights reserved, please read http://roofit.sourceforge.net/license.txt

-------------------------
Set LHCb Style - May 2021
-------------------------
../fulltempt/PARAMs/FullMom_2_2.txt
[#0] WARNING:InputArguments -- The parameter 'sigma3' with range [0, 10] of the RooGaussian 'sig_pdf2' exceeds the safe range of (0, inf). Advise to limit its range.
[#0] ERROR:Integration --  RooNumIntFactory::Init : libRooFitMore cannot be loaded. GSL integrators will not beavailable ! 
[#1] INFO:Fitting -- RooAddition::defaultErrorLevel(nll) Summation contains a RooNLLVar, using its error level
 **********
 **   13 **MIGRAD        4500           1
 **********
 FIRST CALL TO USER FUNCTION AT NEW START POINT, WITH IFLAG=4.
 START MIGRAD MINIMIZATION.  STRATEGY  1.  CONVERGENCE WHEN EDM .LT. 1.00e-03
 FCN=-831916 FROM MIGRAD    STATUS=INITIATE       48 CALLS          49 TOTAL
                     EDM= unknown      STRATEGY= 1      NO ERROR MATRIX       
  EXT PARAMETER               CURRENT GUESS       STEP         FIRST   
  NO.   NAME      VALUE            ERROR          SIZE      DERIVATIVE 
   1  NbkgMRS      1.00976e+04   5.04880e+03   2.57889e-01   8.92746e+03
   2  NbkgPRS      9.67100e+03   4.83550e+03   2.57889e-01   8.50792e+03
   3  NsigMRS      4.03904e+04   5.04880e+03   2.57889e-01  -2.23218e+03
   4  NsigPRS      3.86840e+04   4.83550e+03   2.57889e-01  -2.12729e+03
   5  coeffsig     7.00000e-01   1.00000e-01   2.21072e-01  -6.27310e+03
   6  mean         1.45500e+02   2.10000e+00   2.10680e-01   4.88147e+04
   7  sigma1       5.00000e-01   2.50000e-01   1.18625e-01  -8.79999e+03
   8  sigma2       5.00000e-01   2.50000e-01   1.18625e-01   4.01884e+03
   9  sigma3       1.50000e+00   7.50000e-01   2.16811e-01   2.09330e+04
                               ERR DEF= 0.5
 MIGRAD MINIMIZATION HAS CONVERGED.
 MIGRAD WILL VERIFY CONVERGENCE AND ERROR MATRIX.
 COVARIANCE MATRIX CALCULATED SUCCESSFULLY
 FCN=-838823 FROM HESSE     STATUS=OK             87 CALLS         384 TOTAL
                     EDM=0.000917167    STRATEGY= 1      ERROR MATRIX ACCURATE 
  EXT PARAMETER                                   STEP         FIRST   
  NO.   NAME      VALUE            ERROR          SIZE      DERIVATIVE 
   1  NbkgMRS      2.60609e+03   7.27165e+01   3.84912e-03  -2.18474e-01
   2  NbkgPRS      2.53587e+03   7.11735e+01   3.92784e-03  -1.67454e-01
   3  NsigMRS      4.78840e+04   2.24805e+02   1.25597e-02   4.97204e-01
   4  NsigPRS      4.58219e+04   2.19849e+02   1.27004e-02   6.69076e-01
   5  coeffsig     7.07213e-01   1.27390e-02   4.78916e-03   1.22201e+00
   6  mean         1.45473e+02   7.43026e-03   1.45591e-04  -2.01593e+01
   7  sigma1       5.33411e-01   6.96750e-03   7.84769e-04   1.44799e+00
   8  sigma2       5.42799e-01   9.05200e-03   8.12527e-04   3.20425e+00
   9  sigma3       1.15959e+00   1.93047e-02   1.40250e-03  -3.21676e+00
                               ERR DEF= 0.5
 MIGRAD MINIMIZATION HAS CONVERGED.
 FCN=-838823 FROM MIGRAD    STATUS=CONVERGED     403 CALLS         404 TOTAL
                     EDM=4.00335e-06    STRATEGY= 1  ERROR MATRIX UNCERTAINTY   1.2 per cent
  EXT PARAMETER                                   STEP         FIRST   
  NO.   NAME      VALUE            ERROR          SIZE      DERIVATIVE 
   1  NbkgMRS      2.60664e+03   7.28534e+01   4.87824e-05  -4.86049e-02
   2  NbkgPRS      2.53638e+03   7.12942e+01   4.72700e-05  -5.06416e-02
   3  NsigMRS      4.78813e+04   2.23102e+02  -2.45287e-04  -9.40903e-02
   4  NsigPRS      4.58185e+04   2.17571e+02  -3.22111e-04  -1.03124e-01
   5  coeffsig     7.06761e-01   1.31005e-02  -9.93576e-04  -2.64758e-02
   6  mean         1.45473e+02   7.53921e-03   2.07077e-05   6.88193e-01
   7  sigma1       5.33384e-01   6.97063e-03  -1.19649e-05  -1.15586e-01
   8  sigma2       5.42441e-01   9.33553e-03  -1.58189e-04   4.16438e-02
   9  sigma3       1.15902e+00   1.97275e-02  -1.79069e-04   2.21179e-01
                               ERR DEF= 0.5
 EXTERNAL ERROR MATRIX.    NDIM=  25    NPAR=  9    ERR DEF=0.5
  5.308e+03  5.560e+02 -2.618e+03 -5.105e+02 -1.919e-01  1.600e-02 -6.066e-02 -9.056e-02 -4.143e-01 
  5.560e+02  5.083e+03 -5.014e+02 -2.479e+03 -1.729e-01  1.173e-02 -5.676e-02 -7.982e-02 -3.795e-01 
 -2.618e+03 -5.014e+02  4.978e+04 -4.049e+02  1.379e-01  9.948e-03  5.758e-02  4.671e-02  3.478e-01 
 -5.105e+02 -2.479e+03 -4.049e+02  4.734e+04  1.257e-01  1.175e-02  5.432e-02  4.072e-02  3.230e-01 
 -1.919e-01 -1.729e-01  1.379e-01  1.257e-01  1.717e-04 -2.813e-05  4.399e-05  9.080e-05  2.377e-04 
  1.600e-02  1.173e-02  9.948e-03  1.175e-02 -2.813e-05  5.684e-05  3.176e-05 -5.452e-05 -3.709e-05 
 -6.066e-02 -5.676e-02  5.758e-02  5.432e-02  4.399e-05  3.176e-05  4.859e-05 -4.439e-06  5.959e-05 
 -9.056e-02 -7.982e-02  4.671e-02  4.072e-02  9.080e-05 -5.452e-05 -4.439e-06  8.715e-05  1.210e-04 
 -4.143e-01 -3.795e-01  3.478e-01  3.230e-01  2.377e-04 -3.709e-05  5.959e-05  1.210e-04  3.892e-04 
 PARAMETER  CORRELATION COEFFICIENTS  
       NO.  GLOBAL      1      2      3      4      5      6      7      8      9
        1  0.35864   1.000  0.107 -0.161 -0.032 -0.201  0.029 -0.119 -0.133 -0.288
        2  0.34343   0.107  1.000 -0.032 -0.160 -0.185  0.022 -0.114 -0.120 -0.270
        3  0.17133  -0.161 -0.032  1.000 -0.008  0.047  0.006  0.037  0.022  0.079
        4  0.16991  -0.032 -0.160 -0.008  1.000  0.044  0.007  0.036  0.020  0.075
        5  0.96470  -0.201 -0.185  0.047  0.044  1.000 -0.285  0.482  0.742  0.920
        6  0.95171   0.029  0.022  0.006  0.007 -0.285  1.000  0.604 -0.775 -0.249
        7  0.91650  -0.119 -0.114  0.037  0.036  0.482  0.604  1.000 -0.068  0.433
        8  0.95012  -0.133 -0.120  0.022  0.020  0.742 -0.775 -0.068  1.000  0.657
        9  0.93319  -0.288 -0.270  0.079  0.075  0.920 -0.249  0.433  0.657  1.000
 **********
 **   18 **HESSE        4500
 **********
 COVARIANCE MATRIX CALCULATED SUCCESSFULLY
 FCN=-838823 FROM HESSE     STATUS=OK             91 CALLS         495 TOTAL
                     EDM=1.67824e-06    STRATEGY= 1      ERROR MATRIX ACCURATE 
  EXT PARAMETER                                INTERNAL      INTERNAL  
  NO.   NAME      VALUE            ERROR       STEP SIZE       VALUE   
   1  NbkgMRS      2.60664e+03   7.28520e+01   1.53965e-03  -1.11235e+00
   2  NbkgPRS      2.53638e+03   7.12938e+01   1.57114e-03  -1.10864e+00
   3  NsigMRS      4.78813e+04   2.24852e+02   5.02389e-03   1.11234e+00
   4  NsigPRS      4.58185e+04   2.19868e+02   5.08017e-03   1.10863e+00
   5  coeffsig     7.06761e-01   1.29626e-02   4.78972e-03   4.26319e-01
   6  mean         1.45473e+02   7.52610e-03   1.45588e-04  -2.92445e-01
   7  sigma1       5.33384e-01   7.04190e-03   3.13908e-04  -1.10469e+00
   8  sigma2       5.42441e-01   9.21831e-03   3.25011e-04  -1.10067e+00
   9  sigma3       1.15902e+00   1.95406e-02   5.61001e-04  -8.76018e-01
                               ERR DEF= 0.5
 EXTERNAL ERROR MATRIX.    NDIM=  25    NPAR=  9    ERR DEF=0.5
  5.307e+03  5.547e+02 -2.688e+03 -5.524e+02 -1.874e-01  1.173e-02 -6.217e-02 -8.537e-02 -4.091e-01 
  5.547e+02  5.083e+03 -5.524e+02 -2.534e+03 -1.687e-01  7.695e-03 -5.819e-02 -7.489e-02 -3.746e-01 
 -2.688e+03 -5.524e+02  5.057e+04  5.501e+02  1.867e-01 -1.171e-02  6.194e-02  8.508e-02  4.075e-01 
 -5.524e+02 -2.534e+03  5.501e+02  4.835e+04  1.681e-01 -7.684e-03  5.798e-02  7.464e-02  3.732e-01 
 -1.874e-01 -1.687e-01  1.867e-01  1.681e-01  1.681e-04 -2.562e-05  4.464e-05  8.750e-05  2.326e-04 
  1.173e-02  7.695e-03 -1.171e-02 -7.684e-03 -2.562e-05  5.664e-05  3.263e-05 -5.336e-05 -3.361e-05 
 -6.217e-02 -5.819e-02  6.194e-02  5.798e-02  4.464e-05  3.263e-05  4.959e-05 -4.823e-06  6.040e-05 
 -8.537e-02 -7.489e-02  8.508e-02  7.464e-02  8.750e-05 -5.336e-05 -4.823e-06  8.498e-05  1.164e-04 
 -4.091e-01 -3.746e-01  4.075e-01  3.732e-01  2.326e-04 -3.361e-05  6.040e-05  1.164e-04  3.818e-04 
 PARAMETER  CORRELATION COEFFICIENTS  
       NO.  GLOBAL      1      2      3      4      5      6      7      8      9
        1  0.35918   1.000  0.107 -0.164 -0.034 -0.198  0.021 -0.121 -0.127 -0.287
        2  0.34389   0.107  1.000 -0.034 -0.162 -0.182  0.014 -0.116 -0.114 -0.269
        3  0.17350  -0.164 -0.034  1.000  0.011  0.064 -0.007  0.039  0.041  0.093
        4  0.17048  -0.034 -0.162  0.011  1.000  0.059 -0.005  0.037  0.037  0.087
        5  0.96398  -0.198 -0.182  0.064  0.059  1.000 -0.263  0.489  0.732  0.918
        6  0.95154   0.021  0.014 -0.007 -0.005 -0.263  1.000  0.616 -0.769 -0.229
        7  0.91817  -0.121 -0.116  0.039  0.037  0.489  0.616  1.000 -0.074  0.439
        8  0.94879  -0.127 -0.114  0.041  0.037  0.732 -0.769 -0.074  1.000  0.646
        9  0.93191  -0.287 -0.269  0.093  0.087  0.918 -0.229  0.439  0.646  1.000
75 ; 2.69303 ; 3.24586
[#1] INFO:Plotting -- RooAbsPdf::plotOn(modelMRS) directly selected PDF components: (modelBkg)
[#1] INFO:Plotting -- RooAbsPdf::plotOn(modelMRS) indirectly selected PDF components: ()
[#1] INFO:Plotting -- RooAbsPdf::plotOn(modelMRS) directly selected PDF components: (modelSig)
[#1] INFO:Plotting -- RooAbsPdf::plotOn(modelMRS) indirectly selected PDF components: (sig_pdf1,sig_pdf2)
[#1] INFO:Plotting -- RooAbsPdf::plotOn(modelPRS) directly selected PDF components: (modelBkg)
[#1] INFO:Plotting -- RooAbsPdf::plotOn(modelPRS) indirectly selected PDF components: ()
[#1] INFO:Plotting -- RooAbsPdf::plotOn(modelPRS) directly selected PDF components: (modelSig)
[#1] INFO:Plotting -- RooAbsPdf::plotOn(modelPRS) indirectly selected PDF components: (sig_pdf1,sig_pdf2)
PRS chi2: 2.61629 ; MPS chi2: 2.97554
