   ------------------------------------------------------------------
  | Welcome to ROOT 6.24/08                        https://root.cern |
  | (c) 1995-2021, The ROOT Team; conception: R. Brun, F. Rademakers |
  | Built for linuxx8664gcc on Sep 29 2022, 13:04:57                 |
  | From tags/v6-24-08@v6-24-08                                      |
  | With c++ (GCC) 4.8.5 20150623 (Red Hat 4.8.5-44)                 |
  | Try '.help', '.demo', '.license', '.credits', '.quit'/'.q'       |
   ------------------------------------------------------------------


Processing full.C(1,3,"Down","2016")...

[1mRooFit v3.60 -- Developed by Wouter Verkerke and David Kirkby[0m 
                Copyright (C) 2000-2013 NIKHEF, University of California & Stanford University
                All rights reserved, please read http://roofit.sourceforge.net/license.txt

-------------------------
Set LHCb Style - May 2021
-------------------------
../fulltempt/PARAMs/FullMom_1_3.txt
[#0] WARNING:InputArguments -- The parameter 'sigma3' with range [0, 50] of the RooGaussian 'sig_pdf2' exceeds the safe range of (0, inf). Advise to limit its range.
[#0] ERROR:Integration --  RooNumIntFactory::Init : libRooFitMore cannot be loaded. GSL integrators will not beavailable ! 
[#1] INFO:Fitting -- RooAddition::defaultErrorLevel(nll) Summation contains a RooNLLVar, using its error level
 **********
 **   13 **MIGRAD        4000           1
 **********
 FIRST CALL TO USER FUNCTION AT NEW START POINT, WITH IFLAG=4.
 START MIGRAD MINIMIZATION.  STRATEGY  1.  CONVERGENCE WHEN EDM .LT. 1.00e-03
 FCN=-60934.9 FROM MIGRAD    STATUS=INITIATE       34 CALLS          35 TOTAL
                     EDM= unknown      STRATEGY= 1      NO ERROR MATRIX       
  EXT PARAMETER               CURRENT GUESS       STEP         FIRST   
  NO.   NAME      VALUE            ERROR          SIZE      DERIVATIVE 
   1  NbkgMRS      1.13420e+03   5.67100e+02   2.57889e-01  -4.00641e+02
   2  NbkgPRS      1.08540e+03   5.42700e+02   2.57889e-01  -3.05376e+02
   3  NsigMRS      4.53680e+03   5.67100e+02   2.57889e-01   1.00140e+02
   4  NsigPRS      4.34160e+03   5.42700e+02   2.57889e-01   7.63244e+01
   5  coeffsig     9.00000e-01   5.00000e-02   1.72186e-01   6.90236e+02
   6  mean         1.45500e+02   2.10000e+00   2.10680e-01   1.04750e+03
   7  sigma1       7.00000e-01   3.50000e-01   1.41802e-01  -1.72656e+03
   8  sigma2       7.00000e-01   3.50000e-01   1.41802e-01  -1.63295e+03
                               ERR DEF= 0.5
 MIGRAD MINIMIZATION HAS CONVERGED.
 FCN=-61065.6 FROM MIGRAD    STATUS=CONVERGED     195 CALLS         196 TOTAL
                     EDM=4.07507e-07    STRATEGY= 1  ERROR MATRIX UNCERTAINTY   2.9 per cent
  EXT PARAMETER                                   STEP         FIRST   
  NO.   NAME      VALUE            ERROR          SIZE      DERIVATIVE 
   1  NbkgMRS      1.21992e+03   4.91980e+01  -4.82296e-06  -3.31412e-03
   2  NbkgPRS      1.09381e+03   4.78189e+01   1.46588e-04   4.73242e-03
   3  NsigMRS      4.45110e+03   7.50521e+01  -2.06346e-04  -2.10268e-03
   4  NsigPRS      4.33325e+03   7.51428e+01   1.74053e-05   1.38222e-02
   5  coeffsig     8.02314e-01   1.07924e-02  -7.90076e-05  -2.34344e-02
   6  mean         1.45432e+02   2.69103e-02   1.68850e-06  -4.76572e-02
   7  sigma1       6.86474e-01   2.08792e-02   1.04092e-05   6.68089e-02
   8  sigma2       7.65520e-01   2.01508e-02   7.62697e-08   5.35194e-02
                               ERR DEF= 0.5
 EXTERNAL ERROR MATRIX.    NDIM=  25    NPAR=  8    ERR DEF=0.5
  2.421e+03  4.041e+02 -1.189e+03 -4.292e+02  2.098e-01  4.404e-02  6.203e-02  2.468e-02 
  4.041e+02  2.287e+03 -3.954e+02 -1.227e+03  2.118e-01  4.079e-02  5.182e-02  2.631e-02 
 -1.189e+03 -3.954e+02  5.635e+03  4.278e+02 -2.066e-01 -3.361e-02 -5.468e-02 -2.959e-02 
 -4.292e+02 -1.227e+03  4.278e+02  5.649e+03 -2.188e-01 -3.697e-02 -4.654e-02 -2.760e-02 
  2.098e-01  2.118e-01 -2.066e-01 -2.188e-01  1.165e-04  2.232e-05  5.724e-05  3.265e-05 
  4.404e-02  4.079e-02 -3.361e-02 -3.697e-02  2.232e-05  7.242e-04  4.664e-04 -4.407e-04 
  6.203e-02  5.182e-02 -5.468e-02 -4.654e-02  5.724e-05  4.664e-04  4.360e-04 -2.402e-04 
  2.468e-02  2.631e-02 -2.959e-02 -2.760e-02  3.265e-05 -4.407e-04 -2.402e-04  4.061e-04 
 PARAMETER  CORRELATION COEFFICIENTS  
       NO.  GLOBAL      1      2      3      4      5      6      7      8
        1  0.46294   1.000  0.172 -0.322 -0.116  0.395  0.033  0.060  0.025
        2  0.48353   0.172  1.000 -0.110 -0.341  0.410  0.032  0.052  0.027
        3  0.35254  -0.322 -0.110  1.000  0.076 -0.255 -0.017 -0.035 -0.020
        4  0.37283  -0.116 -0.341  0.076  1.000 -0.270 -0.018 -0.030 -0.018
        5  0.66674   0.395  0.410 -0.255 -0.270  1.000  0.077  0.254  0.150
        6  0.92731   0.033  0.032 -0.017 -0.018  0.077  1.000  0.830 -0.813
        7  0.86235   0.060  0.052 -0.035 -0.030  0.254  0.830  1.000 -0.571
        8  0.84959   0.025  0.027 -0.020 -0.018  0.150 -0.813 -0.571  1.000
 **********
 **   18 **HESSE        4000
 **********
 COVARIANCE MATRIX CALCULATED SUCCESSFULLY
 FCN=-61065.6 FROM HESSE     STATUS=OK             75 CALLS         271 TOTAL
                     EDM=1.64786e-06    STRATEGY= 1      ERROR MATRIX ACCURATE 
  EXT PARAMETER                                INTERNAL      INTERNAL  
  NO.   NAME      VALUE            ERROR       STEP SIZE       VALUE   
   1  NbkgMRS      1.21992e+03   4.87539e+01   3.18169e-03  -6.06224e-01
   2  NbkgPRS      1.09381e+03   4.71244e+01   3.26994e-03  -6.39632e-01
   3  NsigMRS      4.45110e+03   7.48579e+01   5.14297e-03   6.06235e-01
   4  NsigPRS      4.33325e+03   7.38596e+01   5.41998e-03   6.39661e-01
   5  coeffsig     8.02314e-01   1.06162e-02   3.43073e-03   6.49298e-01
   6  mean         1.45432e+02   2.57674e-02   1.70863e-04  -2.96512e-01
   7  sigma1       6.86474e-01   2.00853e-02   7.11874e-04  -1.04059e+00
   8  sigma2       7.65520e-01   1.96321e-02   6.81493e-04  -1.01012e+00
                               ERR DEF= 0.5
 EXTERNAL ERROR MATRIX.    NDIM=  25    NPAR=  8    ERR DEF=0.5
  2.377e+03  3.701e+02 -1.154e+03 -3.694e+02  1.995e-01  2.683e-02  5.101e-02  3.142e-02 
  3.701e+02  2.221e+03 -3.696e+02 -1.124e+03  1.976e-01  2.252e-02  4.291e-02  3.683e-02 
 -1.154e+03 -3.696e+02  5.606e+03  3.689e+02 -1.992e-01 -2.675e-02 -5.097e-02 -3.146e-02 
 -3.694e+02 -1.124e+03  3.689e+02  5.457e+03 -1.973e-01 -2.245e-02 -4.289e-02 -3.684e-02 
  1.995e-01  1.976e-01 -1.992e-01 -1.973e-01  1.127e-04  1.368e-05  5.154e-05  3.693e-05 
  2.683e-02  2.252e-02 -2.675e-02 -2.245e-02  1.368e-05  6.640e-04  4.224e-04 -4.061e-04 
  5.101e-02  4.291e-02 -5.097e-02 -4.289e-02  5.154e-05  4.224e-04  4.034e-04 -2.155e-04 
  3.142e-02  3.683e-02 -3.146e-02 -3.684e-02  3.693e-05 -4.061e-04 -2.155e-04  3.854e-04 
 PARAMETER  CORRELATION COEFFICIENTS  
       NO.  GLOBAL      1      2      3      4      5      6      7      8
        1  0.45378   1.000  0.161 -0.316 -0.103  0.385  0.021  0.052  0.033
        2  0.46502   0.161  1.000 -0.105 -0.323  0.395  0.019  0.045  0.040
        3  0.34741  -0.316 -0.105  1.000  0.067 -0.251 -0.014 -0.034 -0.021
        4  0.35178  -0.103 -0.323  0.067  1.000 -0.252 -0.012 -0.029 -0.025
        5  0.65673   0.385  0.395 -0.251 -0.252  1.000  0.050  0.242  0.177
        6  0.92072   0.021  0.019 -0.014 -0.012  0.050  1.000  0.816 -0.803
        7  0.85098   0.052  0.045 -0.034 -0.029  0.242  0.816  1.000 -0.547
        8  0.84109   0.033  0.040 -0.021 -0.025  0.177 -0.803 -0.547  1.000
76 ; 2.0317 ; 2.29479
[#1] INFO:Plotting -- RooAbsPdf::plotOn(modelMRS) directly selected PDF components: (modelBkg)
[#1] INFO:Plotting -- RooAbsPdf::plotOn(modelMRS) indirectly selected PDF components: ()
[#1] INFO:Plotting -- RooAbsPdf::plotOn(modelMRS) directly selected PDF components: (modelSig)
[#1] INFO:Plotting -- RooAbsPdf::plotOn(modelMRS) indirectly selected PDF components: (sig_pdf1,sig_pdf2)
[#1] INFO:Plotting -- RooAbsPdf::plotOn(modelPRS) directly selected PDF components: (modelBkg)
[#1] INFO:Plotting -- RooAbsPdf::plotOn(modelPRS) indirectly selected PDF components: ()
[#1] INFO:Plotting -- RooAbsPdf::plotOn(modelPRS) directly selected PDF components: (modelSig)
[#1] INFO:Plotting -- RooAbsPdf::plotOn(modelPRS) indirectly selected PDF components: (sig_pdf1,sig_pdf2)
PRS chi2: 1.58396 ; MPS chi2: 1.96453
