   ------------------------------------------------------------------
  | Welcome to ROOT 6.24/08                        https://root.cern |
  | (c) 1995-2021, The ROOT Team; conception: R. Brun, F. Rademakers |
  | Built for linuxx8664gcc on Sep 29 2022, 13:04:57                 |
  | From tags/v6-24-08@v6-24-08                                      |
  | With c++ (GCC) 4.8.5 20150623 (Red Hat 4.8.5-44)                 |
  | Try '.help', '.demo', '.license', '.credits', '.quit'/'.q'       |
   ------------------------------------------------------------------


Processing part.C(2,"Down","2016")...

[1mRooFit v3.60 -- Developed by Wouter Verkerke and David Kirkby[0m 
                Copyright (C) 2000-2013 NIKHEF, University of California & Stanford University
                All rights reserved, please read http://roofit.sourceforge.net/license.txt

-------------------------
Set LHCb Style - May 2021
-------------------------
../parttempt/PARAMs/PartMom_2.txt
====>197171
[#0] ERROR:Integration --  RooNumIntFactory::Init : libRooFitMore cannot be loaded. GSL integrators will not beavailable ! 
[#1] INFO:NumericIntegration -- RooRealIntegral::init(modelSig_clone_Int[x]) using numeric integrator RooIntegrator1D to calculate Int(x)
[#1] INFO:NumericIntegration -- RooRealIntegral::init([pdfD0BG_X_poly]_Norm[x]_denominator_Int[x]) using numeric integrator RooIntegrator1D to calculate Int(x)
[#1] INFO:NumericIntegration -- RooRealIntegral::init(modelSig_clone_Int[x]) using numeric integrator RooIntegrator1D to calculate Int(x)
[#1] INFO:NumericIntegration -- RooRealIntegral::init([pdfD0BG_X_poly]_Norm[x]_denominator_Int[x]) using numeric integrator RooIntegrator1D to calculate Int(x)
[#1] INFO:NumericIntegration -- RooRealIntegral::init(modelSig_clone_Int[x]) using numeric integrator RooIntegrator1D to calculate Int(x)
[#1] INFO:NumericIntegration -- RooRealIntegral::init([pdfD0BG_X_poly]_Norm[x]_denominator_Int[x]) using numeric integrator RooIntegrator1D to calculate Int(x)
[#1] INFO:NumericIntegration -- RooRealIntegral::init(modelSig_clone_Int[x]) using numeric integrator RooIntegrator1D to calculate Int(x)
[#1] INFO:NumericIntegration -- RooRealIntegral::init([pdfD0BG_X_poly]_Norm[x]_denominator_Int[x]) using numeric integrator RooIntegrator1D to calculate Int(x)
[#1] INFO:Fitting -- RooAddition::defaultErrorLevel(nll) Summation contains a RooNLLVar, using its error level
 **********
 **   13 **MIGRAD        3500           1
 **********
 FIRST CALL TO USER FUNCTION AT NEW START POINT, WITH IFLAG=4.
 START MIGRAD MINIMIZATION.  STRATEGY  1.  CONVERGENCE WHEN EDM .LT. 1.00e-03
 FCN=-3.13833e+06 FROM MIGRAD    STATUS=INITIATE       66 CALLS          67 TOTAL
                     EDM= unknown      STRATEGY= 1      NO ERROR MATRIX       
  EXT PARAMETER               CURRENT GUESS       STEP         FIRST   
  NO.   NAME      VALUE            ERROR          SIZE      DERIVATIVE 
   1  NbkgMRS      5.21076e+04   2.00414e+04   0.00000e+00   1.36921e+03
   2  NbkgPRS      5.07055e+04   1.95021e+04   0.00000e+00   9.73536e+02
   3  NsigMRS      1.48306e+05   2.00414e+04   0.00000e+00  -4.81837e+02
   4  NsigPRS      1.44316e+05   1.95021e+04   0.00000e+00  -3.42820e+02
   5  mean         1.41000e+02   3.50000e+00   0.00000e+00  -2.18931e+04
   6  sigma        1.17535e+00   5.00000e-02  -1.67824e+00   2.44757e+03
   7  sigma2       7.10000e+00   2.00000e+00   0.00000e+00   2.65404e+04
                               ERR DEF= 0.5
 MIGRAD MINIMIZATION HAS CONVERGED.
 MIGRAD WILL VERIFY CONVERGENCE AND ERROR MATRIX.
 COVARIANCE MATRIX CALCULATED SUCCESSFULLY
 FCN=-3.14051e+06 FROM MIGRAD    STATUS=CONVERGED     282 CALLS         283 TOTAL
                     EDM=0.000492041    STRATEGY= 1      ERROR MATRIX ACCURATE 
  EXT PARAMETER                                   STEP         FIRST   
  NO.   NAME      VALUE            ERROR          SIZE      DERIVATIVE 
   1  NbkgMRS      5.43748e+04   3.31993e+02   4.14126e-03   2.36045e+00
   2  NbkgPRS      5.33889e+04   3.28539e+02   4.20209e-03  -5.65838e-01
   3  NsigMRS      1.46041e+05   4.49179e+02   5.69127e-03   2.27622e-01
   4  NsigPRS      1.41635e+05   4.42802e+02   5.74907e-03   1.85364e+00
   5  mean         1.42682e+02   2.79248e-02   8.84474e-04  -6.36124e-01
   6  sigma        2.19027e+00   3.00484e-02   9.71266e-03   1.15905e+00
   7  sigma2       5.96188e+00   1.65768e-02   1.19513e-03  -1.28218e+00
                               ERR DEF= 0.5
 EXTERNAL ERROR MATRIX.    NDIM=  36    NPAR=  7    ERR DEF=0.5
  1.102e+05  7.003e+03 -5.568e+04 -6.999e+03  9.594e-01  6.573e-01 -1.213e+00 
  7.003e+03  1.079e+05 -6.999e+03 -5.439e+04  9.279e-01  6.329e-01 -1.178e+00 
 -5.568e+04 -6.999e+03  2.018e+05  6.995e+03 -9.592e-01 -6.573e-01  1.212e+00 
 -6.999e+03 -5.439e+04  6.995e+03  1.961e+05 -9.278e-01 -6.330e-01  1.178e+00 
  9.594e-01  9.279e-01 -9.592e-01 -9.278e-01  7.798e-04  7.086e-04 -3.759e-04 
  6.573e-01  6.329e-01 -6.573e-01 -6.330e-01  7.086e-04  9.030e-04 -3.122e-04 
 -1.213e+00 -1.178e+00  1.212e+00  1.178e+00 -3.759e-04 -3.122e-04  2.748e-04 
 PARAMETER  CORRELATION COEFFICIENTS  
       NO.  GLOBAL      1      2      3      4      5      6      7
        1  0.41826   1.000  0.064 -0.373 -0.048  0.103  0.066 -0.220
        2  0.41707   0.064  1.000 -0.047 -0.374  0.101  0.064 -0.216
        3  0.38568  -0.373 -0.047  1.000  0.035 -0.076 -0.049  0.163
        4  0.38588  -0.048 -0.374  0.035  1.000 -0.075 -0.048  0.160
        5  0.92082   0.103  0.101 -0.076 -0.075  1.000  0.844 -0.812
        6  0.85051   0.066  0.064 -0.049 -0.048  0.844  1.000 -0.627
        7  0.84231  -0.220 -0.216  0.163  0.160 -0.812 -0.627  1.000
 **********
 **   18 **HESSE        3500
 **********
 COVARIANCE MATRIX CALCULATED SUCCESSFULLY
 FCN=-3.14051e+06 FROM HESSE     STATUS=OK             50 CALLS         333 TOTAL
                     EDM=0.00051879    STRATEGY= 1      ERROR MATRIX ACCURATE 
  EXT PARAMETER                                INTERNAL      INTERNAL  
  NO.   NAME      VALUE            ERROR       STEP SIZE       VALUE   
   1  NbkgMRS      5.43748e+04   3.32486e+02   1.65650e-04  -4.75042e-01
   2  NbkgPRS      5.33889e+04   3.29021e+02   1.68083e-04  -4.69544e-01
   3  NsigMRS      1.46041e+05   4.49673e+02   2.27651e-04   4.75062e-01
   4  NsigPRS      1.41635e+05   4.43289e+02   2.29963e-04   4.69575e-01
   5  mean         1.42682e+02   2.90565e-02   3.53789e-05   8.92123e-01
   6  sigma        2.19027e+00   3.11729e-02   3.88506e-04   9.52778e-02
   7  sigma2       5.96188e+00   1.70391e-02   4.78054e-05  -4.15679e-01
                               ERR DEF= 0.5
 EXTERNAL ERROR MATRIX.    NDIM=  36    NPAR=  7    ERR DEF=0.5
  1.105e+05  7.204e+03 -5.616e+04 -7.204e+03  1.034e+00  7.282e-01 -1.258e+00 
  7.204e+03  1.083e+05 -7.203e+03 -5.486e+04  1.000e+00  7.013e-01 -1.222e+00 
 -5.616e+04 -7.203e+03  2.022e+05  7.204e+03 -1.034e+00 -7.282e-01  1.258e+00 
 -7.204e+03 -5.486e+04  7.204e+03  1.965e+05 -1.001e+00 -7.013e-01  1.222e+00 
  1.034e+00  1.000e+00 -1.034e+00 -1.001e+00  8.443e-04  7.756e-04 -4.073e-04 
  7.282e-01  7.013e-01 -7.282e-01 -7.013e-01  7.756e-04  9.718e-04 -3.444e-04 
 -1.258e+00 -1.222e+00  1.258e+00  1.222e+00 -4.073e-04 -3.444e-04  2.903e-04 
 PARAMETER  CORRELATION COEFFICIENTS  
       NO.  GLOBAL      1      2      3      4      5      6      7
        1  0.42117   1.000  0.066 -0.376 -0.049  0.107  0.070 -0.222
        2  0.41997   0.066  1.000 -0.049 -0.376  0.105  0.068 -0.218
        3  0.38809  -0.376 -0.049  1.000  0.036 -0.079 -0.052  0.164
        4  0.38829  -0.049 -0.376  0.036  1.000 -0.078 -0.051  0.162
        5  0.92711   0.107  0.105 -0.079 -0.078  1.000  0.856 -0.823
        6  0.86192   0.070  0.068 -0.052 -0.051  0.856  1.000 -0.648
        7  0.85149  -0.222 -0.218  0.164  0.162 -0.823 -0.648  1.000
63 ; 1.46837 ; 1.86197
[#1] INFO:Plotting -- RooAbsPdf::plotOn(modelMRS) directly selected PDF components: (modelBkg)
[#1] INFO:Plotting -- RooAbsPdf::plotOn(modelMRS) indirectly selected PDF components: (pdfD0BG,poly)
[#1] INFO:NumericIntegration -- RooRealIntegral::init(modelSig_clone_Int[x]) using numeric integrator RooIntegrator1D to calculate Int(x)
[#1] INFO:NumericIntegration -- RooRealIntegral::init([pdfD0BG_X_poly]_Norm[x]_denominator_Int[x]) using numeric integrator RooIntegrator1D to calculate Int(x)
[#1] INFO:Plotting -- RooAbsPdf::plotOn(modelMRS) directly selected PDF components: (modelSig)
[#1] INFO:Plotting -- RooAbsPdf::plotOn(modelMRS) indirectly selected PDF components: (gaubifur,acc)
[#1] INFO:NumericIntegration -- RooRealIntegral::init(modelSig_clone_Int[x]) using numeric integrator RooIntegrator1D to calculate Int(x)
[#1] INFO:NumericIntegration -- RooRealIntegral::init([pdfD0BG_X_poly]_Norm[x]_denominator_Int[x]) using numeric integrator RooIntegrator1D to calculate Int(x)
[#1] INFO:NumericIntegration -- RooRealIntegral::init(modelSig_clone_Int[x]) using numeric integrator RooIntegrator1D to calculate Int(x)
[#1] INFO:NumericIntegration -- RooRealIntegral::init([pdfD0BG_X_poly]_Norm[x]_denominator_Int[x]) using numeric integrator RooIntegrator1D to calculate Int(x)
[#1] INFO:Plotting -- RooAbsPdf::plotOn(modelPRS) directly selected PDF components: (modelBkg)
[#1] INFO:Plotting -- RooAbsPdf::plotOn(modelPRS) indirectly selected PDF components: (pdfD0BG,poly)
[#1] INFO:NumericIntegration -- RooRealIntegral::init(modelSig_clone_Int[x]) using numeric integrator RooIntegrator1D to calculate Int(x)
[#1] INFO:NumericIntegration -- RooRealIntegral::init([pdfD0BG_X_poly]_Norm[x]_denominator_Int[x]) using numeric integrator RooIntegrator1D to calculate Int(x)
[#1] INFO:Plotting -- RooAbsPdf::plotOn(modelPRS) directly selected PDF components: (modelSig)
[#1] INFO:Plotting -- RooAbsPdf::plotOn(modelPRS) indirectly selected PDF components: (gaubifur,acc)
[#1] INFO:NumericIntegration -- RooRealIntegral::init(modelSig_clone_Int[x]) using numeric integrator RooIntegrator1D to calculate Int(x)
[#1] INFO:NumericIntegration -- RooRealIntegral::init([pdfD0BG_X_poly]_Norm[x]_denominator_Int[x]) using numeric integrator RooIntegrator1D to calculate Int(x)
[#1] INFO:NumericIntegration -- RooRealIntegral::init(modelSig_clone_Int[x]) using numeric integrator RooIntegrator1D to calculate Int(x)
[#1] INFO:NumericIntegration -- RooRealIntegral::init([pdfD0BG_X_poly]_Norm[x]_denominator_Int[x]) using numeric integrator RooIntegrator1D to calculate Int(x)
PRS chi2: 1.4476 ; MPS chi2: 1.8376
