   ------------------------------------------------------------------
  | Welcome to ROOT 6.24/08                        https://root.cern |
  | (c) 1995-2021, The ROOT Team; conception: R. Brun, F. Rademakers |
  | Built for linuxx8664gcc on Sep 29 2022, 13:04:57                 |
  | From tags/v6-24-08@v6-24-08                                      |
  | With c++ (GCC) 4.8.5 20150623 (Red Hat 4.8.5-44)                 |
  | Try '.help', '.demo', '.license', '.credits', '.quit'/'.q'       |
   ------------------------------------------------------------------


Processing part.C(2,"Up","2016")...

[1mRooFit v3.60 -- Developed by Wouter Verkerke and David Kirkby[0m 
                Copyright (C) 2000-2013 NIKHEF, University of California & Stanford University
                All rights reserved, please read http://roofit.sourceforge.net/license.txt

-------------------------
Set LHCb Style - May 2021
-------------------------
../parttempt/PARAMs/PartMom_2.txt
====>148479
[#0] ERROR:Integration --  RooNumIntFactory::Init : libRooFitMore cannot be loaded. GSL integrators will not beavailable ! 
[#1] INFO:NumericIntegration -- RooRealIntegral::init(modelSig_clone_Int[x]) using numeric integrator RooIntegrator1D to calculate Int(x)
[#1] INFO:NumericIntegration -- RooRealIntegral::init([pdfD0BG_X_poly]_Norm[x]_denominator_Int[x]) using numeric integrator RooIntegrator1D to calculate Int(x)
[#1] INFO:NumericIntegration -- RooRealIntegral::init(modelSig_clone_Int[x]) using numeric integrator RooIntegrator1D to calculate Int(x)
[#1] INFO:NumericIntegration -- RooRealIntegral::init([pdfD0BG_X_poly]_Norm[x]_denominator_Int[x]) using numeric integrator RooIntegrator1D to calculate Int(x)
[#1] INFO:NumericIntegration -- RooRealIntegral::init(modelSig_clone_Int[x]) using numeric integrator RooIntegrator1D to calculate Int(x)
[#1] INFO:NumericIntegration -- RooRealIntegral::init([pdfD0BG_X_poly]_Norm[x]_denominator_Int[x]) using numeric integrator RooIntegrator1D to calculate Int(x)
[#1] INFO:NumericIntegration -- RooRealIntegral::init(modelSig_clone_Int[x]) using numeric integrator RooIntegrator1D to calculate Int(x)
[#1] INFO:NumericIntegration -- RooRealIntegral::init([pdfD0BG_X_poly]_Norm[x]_denominator_Int[x]) using numeric integrator RooIntegrator1D to calculate Int(x)
[#1] INFO:Fitting -- RooAddition::defaultErrorLevel(nll) Summation contains a RooNLLVar, using its error level
 **********
 **   13 **MIGRAD        3500           1
 **********
 FIRST CALL TO USER FUNCTION AT NEW START POINT, WITH IFLAG=4.
 START MIGRAD MINIMIZATION.  STRATEGY  1.  CONVERGENCE WHEN EDM .LT. 1.00e-03
 FCN=-2.29255e+06 FROM MIGRAD    STATUS=INITIATE       67 CALLS          68 TOTAL
                     EDM= unknown      STRATEGY= 1      NO ERROR MATRIX       
  EXT PARAMETER               CURRENT GUESS       STEP         FIRST   
  NO.   NAME      VALUE            ERROR          SIZE      DERIVATIVE 
   1  NbkgMRS      3.94420e+04   1.51700e+04   0.00000e+00   2.95092e+03
   2  NbkgPRS      3.82260e+04   1.47023e+04   0.00000e+00   2.52822e+03
   3  NsigMRS      1.12258e+05   1.51700e+04   0.00000e+00  -1.03736e+03
   4  NsigPRS      1.08797e+05   1.47023e+04   0.00000e+00  -8.88843e+02
   5  mean         1.41000e+02   3.50000e+00   0.00000e+00  -1.22349e+04
   6  sigma        1.19468e+00   5.00000e-02  -1.66766e+00   1.61864e+03
   7  sigma2       7.10000e+00   2.00000e+00   0.00000e+00   2.66277e+04
                               ERR DEF= 0.5
 MIGRAD MINIMIZATION HAS CONVERGED.
 MIGRAD WILL VERIFY CONVERGENCE AND ERROR MATRIX.
 COVARIANCE MATRIX CALCULATED SUCCESSFULLY
 FCN=-2.29472e+06 FROM MIGRAD    STATUS=CONVERGED     303 CALLS         304 TOTAL
                     EDM=0.000333851    STRATEGY= 1      ERROR MATRIX ACCURATE 
  EXT PARAMETER                                   STEP         FIRST   
  NO.   NAME      VALUE            ERROR          SIZE      DERIVATIVE 
   1  NbkgMRS      3.86346e+04   2.79478e+02   4.04495e-03  -4.12866e-01
   2  NbkgPRS      3.79458e+04   2.76552e+02   4.11309e-03   1.18346e+00
   3  NsigMRS      1.13067e+05   3.90452e+02   5.73780e-03   1.13816e+00
   4  NsigPRS      1.09077e+05   3.84078e+02   5.79548e-03  -5.27702e-01
   5  mean         1.42803e+02   2.27340e-02   8.08249e-04   8.24076e-01
   6  sigma        2.32406e+00   2.92138e-02   1.01095e-02   1.04234e+00
   7  sigma2       5.87901e+00   1.53145e-02   1.14257e-03   1.54026e+00
                               ERR DEF= 0.5
 EXTERNAL ERROR MATRIX.    NDIM=  36    NPAR=  7    ERR DEF=0.5
  7.811e+04  4.515e+03 -3.936e+04 -4.511e+03  4.736e-01  2.575e-01 -9.236e-01 
  4.515e+03  7.648e+04 -4.511e+03 -3.842e+04  4.623e-01  2.496e-01 -9.010e-01 
 -3.936e+04 -4.511e+03  1.525e+05  4.508e+03 -4.734e-01 -2.575e-01  9.229e-01 
 -4.511e+03 -3.842e+04  4.508e+03  1.475e+05 -4.622e-01 -2.497e-01  9.004e-01 
  4.736e-01  4.623e-01 -4.734e-01 -4.622e-01  5.168e-04  4.959e-04 -2.477e-04 
  2.575e-01  2.496e-01 -2.575e-01 -2.497e-01  4.959e-04  8.535e-04 -1.977e-04 
 -9.236e-01 -9.010e-01  9.229e-01  9.004e-01 -2.477e-04 -1.977e-04  2.345e-04 
 PARAMETER  CORRELATION COEFFICIENTS  
       NO.  GLOBAL      1      2      3      4      5      6      7
        1  0.40464   1.000  0.058 -0.361 -0.042  0.075  0.032 -0.216
        2  0.40410   0.058  1.000 -0.042 -0.362  0.074  0.031 -0.213
        3  0.37148  -0.361 -0.042  1.000  0.030 -0.053 -0.023  0.154
        4  0.37234  -0.042 -0.362  0.030  1.000 -0.053 -0.022  0.153
        5  0.86199   0.075  0.074 -0.053 -0.053  1.000  0.747 -0.711
        6  0.75737   0.032  0.031 -0.023 -0.022  0.747  1.000 -0.442
        7  0.76006  -0.216 -0.213  0.154  0.153 -0.711 -0.442  1.000
 **********
 **   18 **HESSE        3500
 **********
 COVARIANCE MATRIX CALCULATED SUCCESSFULLY
 FCN=-2.29472e+06 FROM HESSE     STATUS=OK             50 CALLS         354 TOTAL
                     EDM=0.000342061    STRATEGY= 1      ERROR MATRIX ACCURATE 
  EXT PARAMETER                                INTERNAL      INTERNAL  
  NO.   NAME      VALUE            ERROR       STEP SIZE       VALUE   
   1  NbkgMRS      3.86346e+04   2.79792e+02   1.61798e-04  -5.12829e-01
   2  NbkgPRS      3.79458e+04   2.76862e+02   1.64524e-04  -5.05005e-01
   3  NsigMRS      1.13067e+05   3.90791e+02   2.29512e-04   5.12855e-01
   4  NsigPRS      1.09077e+05   3.84414e+02   2.31819e-04   5.05002e-01
   5  mean         1.42803e+02   2.31474e-02   3.23300e-05   9.00229e-01
   6  sigma        2.32406e+00   2.96818e-02   4.04379e-04   1.62747e-01
   7  sigma2       5.87901e+00   1.54713e-02   4.57029e-05  -4.24757e-01
                               ERR DEF= 0.5
 EXTERNAL ERROR MATRIX.    NDIM=  36    NPAR=  7    ERR DEF=0.5
  7.828e+04  4.607e+03 -3.965e+04 -4.607e+03  4.904e-01  2.713e-01 -9.394e-01 
  4.607e+03  7.665e+04 -4.607e+03 -3.870e+04  4.787e-01  2.629e-01 -9.164e-01 
 -3.965e+04 -4.607e+03  1.527e+05  4.607e+03 -4.905e-01 -2.713e-01  9.394e-01 
 -4.607e+03 -3.870e+04  4.607e+03  1.478e+05 -4.786e-01 -2.629e-01  9.164e-01 
  4.904e-01  4.787e-01 -4.905e-01 -4.786e-01  5.358e-04  5.191e-04 -2.570e-04 
  2.713e-01  2.629e-01 -2.713e-01 -2.629e-01  5.191e-04  8.811e-04 -2.085e-04 
 -9.394e-01 -9.164e-01  9.394e-01  9.164e-01 -2.570e-04 -2.085e-04  2.394e-04 
 PARAMETER  CORRELATION COEFFICIENTS  
       NO.  GLOBAL      1      2      3      4      5      6      7
        1  0.40694   1.000  0.059 -0.363 -0.043  0.076  0.033 -0.217
        2  0.40641   0.059  1.000 -0.043 -0.364  0.075  0.032 -0.214
        3  0.37348  -0.363 -0.043  1.000  0.031 -0.054 -0.023  0.155
        4  0.37435  -0.043 -0.364  0.031  1.000 -0.054 -0.023  0.154
        5  0.86725   0.076  0.075 -0.054 -0.054  1.000  0.755 -0.717
        6  0.76605   0.033  0.032 -0.023 -0.023  0.755  1.000 -0.454
        7  0.76564  -0.217 -0.214  0.155  0.154 -0.717 -0.454  1.000
63 ; 1.58183 ; 1.80108
[#1] INFO:Plotting -- RooAbsPdf::plotOn(modelMRS) directly selected PDF components: (modelBkg)
[#1] INFO:Plotting -- RooAbsPdf::plotOn(modelMRS) indirectly selected PDF components: (pdfD0BG,poly)
[#1] INFO:NumericIntegration -- RooRealIntegral::init(modelSig_clone_Int[x]) using numeric integrator RooIntegrator1D to calculate Int(x)
[#1] INFO:NumericIntegration -- RooRealIntegral::init([pdfD0BG_X_poly]_Norm[x]_denominator_Int[x]) using numeric integrator RooIntegrator1D to calculate Int(x)
[#1] INFO:Plotting -- RooAbsPdf::plotOn(modelMRS) directly selected PDF components: (modelSig)
[#1] INFO:Plotting -- RooAbsPdf::plotOn(modelMRS) indirectly selected PDF components: (gaubifur,acc)
[#1] INFO:NumericIntegration -- RooRealIntegral::init(modelSig_clone_Int[x]) using numeric integrator RooIntegrator1D to calculate Int(x)
[#1] INFO:NumericIntegration -- RooRealIntegral::init([pdfD0BG_X_poly]_Norm[x]_denominator_Int[x]) using numeric integrator RooIntegrator1D to calculate Int(x)
[#1] INFO:NumericIntegration -- RooRealIntegral::init(modelSig_clone_Int[x]) using numeric integrator RooIntegrator1D to calculate Int(x)
[#1] INFO:NumericIntegration -- RooRealIntegral::init([pdfD0BG_X_poly]_Norm[x]_denominator_Int[x]) using numeric integrator RooIntegrator1D to calculate Int(x)
[#1] INFO:Plotting -- RooAbsPdf::plotOn(modelPRS) directly selected PDF components: (modelBkg)
[#1] INFO:Plotting -- RooAbsPdf::plotOn(modelPRS) indirectly selected PDF components: (pdfD0BG,poly)
[#1] INFO:NumericIntegration -- RooRealIntegral::init(modelSig_clone_Int[x]) using numeric integrator RooIntegrator1D to calculate Int(x)
[#1] INFO:NumericIntegration -- RooRealIntegral::init([pdfD0BG_X_poly]_Norm[x]_denominator_Int[x]) using numeric integrator RooIntegrator1D to calculate Int(x)
[#1] INFO:Plotting -- RooAbsPdf::plotOn(modelPRS) directly selected PDF components: (modelSig)
[#1] INFO:Plotting -- RooAbsPdf::plotOn(modelPRS) indirectly selected PDF components: (gaubifur,acc)
[#1] INFO:NumericIntegration -- RooRealIntegral::init(modelSig_clone_Int[x]) using numeric integrator RooIntegrator1D to calculate Int(x)
[#1] INFO:NumericIntegration -- RooRealIntegral::init([pdfD0BG_X_poly]_Norm[x]_denominator_Int[x]) using numeric integrator RooIntegrator1D to calculate Int(x)
[#1] INFO:NumericIntegration -- RooRealIntegral::init(modelSig_clone_Int[x]) using numeric integrator RooIntegrator1D to calculate Int(x)
[#1] INFO:NumericIntegration -- RooRealIntegral::init([pdfD0BG_X_poly]_Norm[x]_denominator_Int[x]) using numeric integrator RooIntegrator1D to calculate Int(x)
PRS chi2: 1.54167 ; MPS chi2: 1.79827
