   ------------------------------------------------------------------
  | Welcome to ROOT 6.24/08                        https://root.cern |
  | (c) 1995-2021, The ROOT Team; conception: R. Brun, F. Rademakers |
  | Built for linuxx8664gcc on Sep 29 2022, 13:04:57                 |
  | From tags/v6-24-08@v6-24-08                                      |
  | With c++ (GCC) 4.8.5 20150623 (Red Hat 4.8.5-44)                 |
  | Try '.help', '.demo', '.license', '.credits', '.quit'/'.q'       |
   ------------------------------------------------------------------


Processing full.C(3,4,"Up","2017")...

[1mRooFit v3.60 -- Developed by Wouter Verkerke and David Kirkby[0m 
                Copyright (C) 2000-2013 NIKHEF, University of California & Stanford University
                All rights reserved, please read http://roofit.sourceforge.net/license.txt

-------------------------
Set LHCb Style - May 2021
-------------------------
../fulltempt/PARAMs/FullMom_3_4.txt
../../../../selection/promptD/results/2017MagUpFullRS.root/DecayTree
[#0] WARNING:InputArguments -- The parameter 'sigma3' with range [0, 10] of the RooGaussian 'sig_pdf2' exceeds the safe range of (0, inf). Advise to limit its range.
[#0] ERROR:Integration --  RooNumIntFactory::Init : libRooFitMore cannot be loaded. GSL integrators will not beavailable ! 
[#1] INFO:NumericIntegration -- RooRealIntegral::init(modelBkg_Int[x]) using numeric integrator RooIntegrator1D to calculate Int(x)
[#1] INFO:NumericIntegration -- RooRealIntegral::init(modelBkg_Int[x]) using numeric integrator RooIntegrator1D to calculate Int(x)
[#1] INFO:NumericIntegration -- RooRealIntegral::init(modelBkg_Int[x]) using numeric integrator RooIntegrator1D to calculate Int(x)
[#1] INFO:NumericIntegration -- RooRealIntegral::init(modelBkg_Int[x]) using numeric integrator RooIntegrator1D to calculate Int(x)
[#1] INFO:Fitting -- RooAddition::defaultErrorLevel(nll) Summation contains a RooNLLVar, using its error level
 **********
 **   13 **MIGRAD        6500           1
 **********
 FIRST CALL TO USER FUNCTION AT NEW START POINT, WITH IFLAG=4.
 START MIGRAD MINIMIZATION.  STRATEGY  1.  CONVERGENCE WHEN EDM .LT. 1.00e-03
 FCN=-97979.2 FROM MIGRAD    STATUS=INITIATE       95 CALLS          96 TOTAL
                     EDM= unknown      STRATEGY= 1      NO ERROR MATRIX       
  EXT PARAMETER               CURRENT GUESS       STEP         FIRST   
  NO.   NAME      VALUE            ERROR          SIZE      DERIVATIVE 
   1  NbkgMRS      7.73300e+02   3.86650e+02   0.00000e+00   4.16656e+02
   2  NbkgPRS      7.54700e+02   3.77350e+02   0.00000e+00   4.10284e+02
   3  NsigMRS      6.95970e+03   3.86650e+02   0.00000e+00  -4.63280e+01
   4  NsigPRS      6.79230e+03   3.77350e+02   0.00000e+00  -4.56199e+01
   5  am          -2.00000e+00   2.00000e+00   0.00000e+00   3.51053e+01
   6  bm          -4.94427e+00   1.90000e+00  -1.38697e-01   2.18774e+01
   7  cm           4.00000e+00   7.00000e+00   0.00000e+00   4.28251e+02
   8  coeffsig     8.00000e-01   1.00000e-01   0.00000e+00  -1.93190e+02
   9  dm0          1.39400e+02   2.00000e+00   0.00000e+00  -2.11436e+01
  10  mean         1.45500e+02   2.10000e+00   0.00000e+00   2.19079e+04
  11  sigma1       7.00000e-01   3.50000e-01   0.00000e+00  -3.12455e+03
  12  sigma2       7.00000e-01   3.50000e-01   0.00000e+00   3.77469e+03
  13  sigma3       1.50000e+00   7.50000e-01   0.00000e+00   5.36245e+02
                               ERR DEF= 0.5
 MIGRAD MINIMIZATION HAS CONVERGED.
 FCN=-98177.3 FROM MIGRAD    STATUS=CONVERGED     943 CALLS         944 TOTAL
                     EDM=8.10091e-05    STRATEGY= 1  ERROR MATRIX UNCERTAINTY   6.1 per cent
  EXT PARAMETER                                   STEP         FIRST   
  NO.   NAME      VALUE            ERROR          SIZE      DERIVATIVE 
   1  NbkgMRS      4.50490e+02   4.34412e+01   1.00579e-04   1.38909e-01
   2  NbkgPRS      4.33349e+02   4.29125e+01   3.17856e-04  -1.38739e-01
   3  NsigMRS      7.28232e+03   8.12492e+01  -4.56956e-04  -1.03377e-01
   4  NsigPRS      7.11399e+03   7.58535e+01  -1.26875e-04   4.38462e-02
   5  am          -1.25412e+00   2.63667e-01  -1.15270e-04   2.22140e-02
   6  bm          -4.44328e+00   1.58234e-01   1.10037e-04  -1.92477e-01
   7  cm           3.96609e+00   6.81478e-01  -1.84407e-04   3.48106e-01
   8  coeffsig     8.01426e-01   2.21260e-02  -8.05956e-04  -2.30069e-02
   9  dm0          1.39254e+02   2.72877e-02  -3.47388e-05  -3.31022e+00
  10  mean         1.45359e+02   1.78671e-02  -2.49961e-05  -1.28199e+00
  11  sigma1       6.71190e-01   1.83129e-02  -1.41683e-04   4.44269e-01
  12  sigma2       7.12310e-01   1.69772e-02   8.09126e-06   3.90877e-02
  13  sigma3       1.56615e+00   9.79160e-02  -3.63172e-04  -2.07504e-02
                               ERR DEF= 0.5
 EXTERNAL ERROR MATRIX.    NDIM=  28    NPAR= 13    ERR DEF=0.5
 ELEMENTS ABOVE DIAGONAL ARE NOT PRINTED.
  1.887e+03 
  9.916e+02  1.842e+03 
 -1.254e+03 -1.260e+03  6.606e+03 
 -1.188e+03 -1.275e+03  1.634e+03  5.757e+03 
 -6.485e+00 -6.549e+00  6.177e+00  6.927e+00  6.954e-02 
 -2.122e+00 -2.083e+00  1.271e+00  2.483e+00  2.027e-02  2.504e-02 
 -1.706e+01 -1.724e+01  2.034e+01  1.640e+01  8.865e-02  8.205e-03  4.644e-01 
 -3.405e-01 -3.218e-01  4.250e-01  1.901e-01  1.284e-03 -2.859e-04  7.740e-03  4.901e-04 
 -1.277e-01 -2.617e-02 -8.018e-02  1.262e-01 -3.638e-06 -4.842e-04  3.707e-04  9.302e-05  7.446e-04 
 -3.596e-02 -1.997e-03  1.087e-01 -1.391e-02 -4.826e-04 -1.217e-03  3.777e-03  2.684e-05  1.185e-04  3.192e-04 
 -2.259e-01 -1.916e-01  3.577e-01  1.612e-01  4.675e-04 -9.334e-04  7.123e-03  2.582e-04  1.319e-04  2.216e-04  3.354e-04 
 -1.359e-01 -1.605e-01  1.449e-01  1.145e-01  9.631e-04  7.636e-04  1.201e-03  2.009e-04 -5.165e-05 -2.028e-04 -1.772e-05 
 -1.359e-01 -1.605e-01  1.449e-01  1.145e-01  9.631e-04  7.636e-04  1.201e-03  2.009e-04 -5.165e-05 -2.028e-04 -1.772e-05  2.882e-04 
 -2.629e+00 -2.551e+00  2.744e+00  2.245e+00  1.257e-02  2.049e-03  4.517e-02  1.818e-03  4.341e-04  1.589e-04  1.019e-03 
 -2.629e+00 -2.551e+00  2.744e+00  2.245e+00  1.257e-02  2.049e-03  4.517e-02  1.818e-03  4.341e-04  1.589e-04  1.019e-03  6.945e-04  9.590e-03 
 PARAMETER  CORRELATION COEFFICIENTS  
       NO.  GLOBAL      1      2      3      4      5      6      7      8      9     10     11     12     13
        1  0.74228   1.000  0.532 -0.355 -0.360 -0.566 -0.309 -0.576 -0.354 -0.108 -0.046 -0.284 -0.184 -0.618
        2  0.74977   0.532  1.000 -0.361 -0.392 -0.579 -0.307 -0.590 -0.339 -0.022 -0.003 -0.244 -0.220 -0.607
        3  0.45492  -0.355 -0.361  1.000  0.265  0.288  0.099  0.367  0.236 -0.036  0.075  0.240  0.105  0.345
        4  0.47475  -0.360 -0.392  0.265  1.000  0.346  0.207  0.317  0.113  0.061 -0.010  0.116  0.089  0.302
        5  0.73290  -0.566 -0.579  0.288  0.346  1.000  0.486  0.493  0.220 -0.001 -0.102  0.097  0.215  0.487
        6  0.66647  -0.309 -0.307  0.099  0.207  0.486  1.000  0.076 -0.082 -0.112 -0.430 -0.322  0.284  0.132
        7  0.80600  -0.576 -0.590  0.367  0.317  0.493  0.076  1.000  0.513  0.020  0.310  0.571  0.104  0.677
        8  0.93783  -0.354 -0.339  0.236  0.113  0.220 -0.082  0.513  1.000  0.154  0.068  0.637  0.535  0.839
        9  0.39161  -0.108 -0.022 -0.036  0.061 -0.001 -0.112  0.020  0.154  1.000  0.243  0.264 -0.111  0.162
       10  0.92812  -0.046 -0.003  0.075 -0.010 -0.102 -0.430  0.310  0.068  0.243  1.000  0.677 -0.669  0.091
       11  0.91266  -0.284 -0.244  0.240  0.116  0.097 -0.322  0.571  0.637  0.264  0.677  1.000 -0.057  0.568
       12  0.89597  -0.184 -0.220  0.105  0.089  0.215  0.284  0.104  0.535 -0.111 -0.669 -0.057  1.000  0.418
       13  0.93701  -0.618 -0.607  0.345  0.302  0.487  0.132  0.677  0.839  0.162  0.091  0.568  0.418  1.000
 **********
 **   18 **HESSE        6500
 **********
 EIGENVALUES OF SECOND-DERIVATIVE MATRIX:
        -4.6915e-03  5.1819e-02  8.3771e-02  9.1487e-02  2.9264e-01  7.8407e-01  8.5277e-01  9.9035e-01  1.0986e+00  1.1474e+00  2.1219e+00  2.1795e+00  3.3104e+00
 MINUIT WARNING IN HESSE   
 ============== MATRIX FORCED POS-DEF BY ADDING 0.008002 TO DIAGONAL.
 FCN=-98177.3 FROM HESSE     STATUS=NOT POSDEF    155 CALLS        1099 TOTAL
                     EDM=0.37032    STRATEGY= 1      ERR MATRIX NOT POS-DEF
  EXT PARAMETER                APPROXIMATE     INTERNAL      INTERNAL  
  NO.   NAME      VALUE            ERROR       STEP SIZE       VALUE   
   1  NbkgMRS      4.50490e+02   1.22682e+02   3.38102e-03  -1.08326e+00
   2  NbkgPRS      4.33349e+02   1.25015e+02   3.45047e-03  -1.08684e+00
   3  NsigMRS      7.28232e+03   1.46286e+02   1.03438e-02   1.08316e+00
   4  NsigPRS      7.11399e+03   1.47748e+02   1.05456e-02   1.08703e+00
   5  am          -1.25412e+00   1.18370e+00   7.36265e-03  -1.25743e-01
   6  bm          -4.44328e+00   6.72112e-01   7.18221e-03   5.89171e-01
   7  cm           3.96609e+00   8.61364e+00   2.81024e-03  -1.04913e+00
   8  coeffsig     8.01426e-01   2.15538e-02   4.21038e-03   6.47070e-01
   9  dm0          1.39254e+02   8.69092e-01   2.03292e-03  -7.46533e-02
  10  mean         1.45359e+02   2.06501e-02   1.53921e-04  -3.03819e-01
  11  sigma1       6.71190e-01   1.92882e-02   6.82401e-04  -1.04667e+00
  12  sigma2       7.12310e-01   1.81770e-02   6.62414e-04  -1.03046e+00
  13  sigma3       1.56615e+00   1.84301e-01   1.99500e-03  -7.57036e-01
                               ERR DEF= 0.5
 EXTERNAL ERROR MATRIX.    NDIM=  28    NPAR= 13    ERR DEF=0.5
 ELEMENTS ABOVE DIAGONAL ARE NOT PRINTED.
  1.507e+04 
  1.456e+04  1.566e+04 
 -1.442e+04 -1.435e+04  2.145e+04 
 -1.436e+04 -1.502e+04  1.416e+04  2.188e+04 
  9.019e+01  9.205e+01 -8.892e+01 -9.080e+01  1.408e+00 
  1.673e+01  1.707e+01 -1.650e+01 -1.684e+01 -2.934e-01  4.527e-01 
 -1.009e+03 -1.030e+03  9.947e+02  1.016e+03 -7.286e+00 -1.460e+00  7.487e+01 
 -9.181e-01 -9.371e-01  9.058e-01  9.250e-01 -4.022e-03 -5.216e-04  5.456e-02  4.650e-04 
  1.007e+02  1.028e+02 -9.926e+01 -1.014e+02  7.121e-01  1.439e-01 -7.462e+00 -5.132e-03  7.572e-01 
  9.469e-01  9.658e-01 -9.334e-01 -9.526e-01  7.453e-03  1.758e-03 -7.443e-02  9.579e-06  7.366e-03  4.264e-04 
 -4.550e-01 -4.628e-01  4.490e-01  4.569e-01 -1.232e-03  8.032e-05  2.293e-02  2.649e-04 -2.192e-03  2.448e-04  3.720e-04 
 -1.061e+00 -1.082e+00  1.046e+00  1.068e+00 -6.727e-03 -1.345e-03  7.457e-02  1.978e-04 -7.295e-03 -2.737e-04 -2.793e-05 
 -1.061e+00 -1.082e+00  1.046e+00  1.068e+00 -6.727e-03 -1.345e-03  7.457e-02  1.978e-04 -7.295e-03 -2.737e-04 -2.793e-05  3.304e-04 
 -2.077e+01 -2.121e+01  2.048e+01  2.093e+01 -1.240e-01 -2.236e-02  1.418e+00  2.459e-03 -1.403e-01 -1.134e-03  1.306e-03 
 -2.077e+01 -2.121e+01  2.048e+01  2.093e+01 -1.240e-01 -2.236e-02  1.418e+00  2.459e-03 -1.403e-01 -1.134e-03  1.306e-03  1.838e-03  3.400e-02 
ERR MATRIX NOT POS-DEF
 PARAMETER  CORRELATION COEFFICIENTS  
       NO.  GLOBAL      1      2      3      4      5      6      7      8      9     10     11     12     13
        1  0.97329   1.000  0.948 -0.802 -0.791  0.619  0.203 -0.950 -0.347  0.942  0.373 -0.192 -0.476 -0.918
        2  0.97484   0.948  1.000 -0.783 -0.811  0.620  0.203 -0.951 -0.347  0.944  0.374 -0.192 -0.476 -0.920
        3  0.80864  -0.802 -0.783  1.000  0.654 -0.512 -0.167  0.785  0.287 -0.779 -0.309  0.159  0.393  0.759
        4  0.81750  -0.791 -0.811  0.654  1.000 -0.517 -0.169  0.793  0.290 -0.788 -0.312  0.160  0.397  0.767
        5  0.95901   0.619  0.620 -0.512 -0.517  1.000 -0.367 -0.710 -0.157  0.690  0.304 -0.054 -0.312 -0.567
        6  0.91277   0.203  0.203 -0.167 -0.169 -0.367  1.000 -0.251 -0.036  0.246  0.127  0.006 -0.110 -0.180
        7  0.99696  -0.950 -0.951  0.785  0.793 -0.710 -0.251  1.000  0.292 -0.991 -0.417  0.137  0.474  0.889
        8  0.93344  -0.347 -0.347  0.287  0.290 -0.157 -0.036  0.292  1.000 -0.273  0.022  0.637  0.505  0.618
        9  0.99237   0.942  0.944 -0.779 -0.788  0.690  0.246 -0.991 -0.273  1.000  0.410 -0.131 -0.461 -0.874
       10  0.93905   0.373  0.374 -0.309 -0.312  0.304  0.127 -0.417  0.022  0.410  1.000  0.615 -0.729 -0.298
       11  0.91313  -0.192 -0.192  0.159  0.160 -0.054  0.006  0.137  0.637 -0.131  0.615  1.000 -0.080  0.367
       12  0.90204  -0.476 -0.476  0.393  0.397 -0.312 -0.110  0.474  0.505 -0.461 -0.729 -0.080  1.000  0.548
       13  0.98352  -0.918 -0.920  0.759  0.767 -0.567 -0.180  0.889  0.618 -0.874 -0.298  0.367  0.548  1.000
 ERR MATRIX NOT POS-DEF
71 ; 1.21434 ; 0.960276
[#1] INFO:Plotting -- RooAbsPdf::plotOn(modelMRS) directly selected PDF components: (modelBkg)
[#1] INFO:Plotting -- RooAbsPdf::plotOn(modelMRS) indirectly selected PDF components: ()
[#1] INFO:NumericIntegration -- RooRealIntegral::init(modelBkg_Int[x]) using numeric integrator RooIntegrator1D to calculate Int(x)
[#1] INFO:Plotting -- RooAbsPdf::plotOn(modelMRS) directly selected PDF components: (modelSig)
[#1] INFO:Plotting -- RooAbsPdf::plotOn(modelMRS) indirectly selected PDF components: (sig_pdf1,sig_pdf2)
[#1] INFO:NumericIntegration -- RooRealIntegral::init(modelBkg_Int[x]) using numeric integrator RooIntegrator1D to calculate Int(x)
[#1] INFO:NumericIntegration -- RooRealIntegral::init(modelBkg_Int[x]) using numeric integrator RooIntegrator1D to calculate Int(x)
[#1] INFO:Plotting -- RooAbsPdf::plotOn(modelPRS) directly selected PDF components: (modelBkg)
[#1] INFO:Plotting -- RooAbsPdf::plotOn(modelPRS) indirectly selected PDF components: ()
[#1] INFO:NumericIntegration -- RooRealIntegral::init(modelBkg_Int[x]) using numeric integrator RooIntegrator1D to calculate Int(x)
[#1] INFO:Plotting -- RooAbsPdf::plotOn(modelPRS) directly selected PDF components: (modelSig)
[#1] INFO:Plotting -- RooAbsPdf::plotOn(modelPRS) indirectly selected PDF components: (sig_pdf1,sig_pdf2)
[#1] INFO:NumericIntegration -- RooRealIntegral::init(modelBkg_Int[x]) using numeric integrator RooIntegrator1D to calculate Int(x)
[#1] INFO:NumericIntegration -- RooRealIntegral::init(modelBkg_Int[x]) using numeric integrator RooIntegrator1D to calculate Int(x)
PRS chi2: 1.09364 ; MPS chi2: 0.780801
