   ------------------------------------------------------------------
  | Welcome to ROOT 6.24/08                        https://root.cern |
  | (c) 1995-2021, The ROOT Team; conception: R. Brun, F. Rademakers |
  | Built for linuxx8664gcc on Sep 29 2022, 13:04:57                 |
  | From tags/v6-24-08@v6-24-08                                      |
  | With c++ (GCC) 4.8.5 20150623 (Red Hat 4.8.5-44)                 |
  | Try '.help', '.demo', '.license', '.credits', '.quit'/'.q'       |
   ------------------------------------------------------------------


Processing part.C(6,"Up","2018")...

[1mRooFit v3.60 -- Developed by Wouter Verkerke and David Kirkby[0m 
                Copyright (C) 2000-2013 NIKHEF, University of California & Stanford University
                All rights reserved, please read http://roofit.sourceforge.net/license.txt

-------------------------
Set LHCb Style - May 2021
-------------------------
../parttempt/PARAMs/PartMom_6.txt
====>56509
[#0] ERROR:Integration --  RooNumIntFactory::Init : libRooFitMore cannot be loaded. GSL integrators will not beavailable ! 
[#1] INFO:NumericIntegration -- RooRealIntegral::init(modelSig_d_clone_Int[x]) using numeric integrator RooIntegrator1D to calculate Int(x)
[#1] INFO:NumericIntegration -- RooRealIntegral::init([pdfD0BG_X_poly]_Norm[x]_denominator_Int[x]) using numeric integrator RooIntegrator1D to calculate Int(x)
[#1] INFO:NumericIntegration -- RooRealIntegral::init(modelSig_d_clone_Int[x]) using numeric integrator RooIntegrator1D to calculate Int(x)
[#1] INFO:NumericIntegration -- RooRealIntegral::init([pdfD0BG_X_poly]_Norm[x]_denominator_Int[x]) using numeric integrator RooIntegrator1D to calculate Int(x)
[#1] INFO:Fitting -- RooAddition::defaultErrorLevel(nll_d) Summation contains a RooNLLVar, using its error level
 **********
 **   13 **MIGRAD        3500           1
 **********
 FIRST CALL TO USER FUNCTION AT NEW START POINT, WITH IFLAG=4.
 START MIGRAD MINIMIZATION.  STRATEGY  1.  CONVERGENCE WHEN EDM .LT. 1.00e-03
 FCN=-734773 FROM MIGRAD    STATUS=INITIATE       51 CALLS          52 TOTAL
                     EDM= unknown      STRATEGY= 1      NO ERROR MATRIX       
  EXT PARAMETER               CURRENT GUESS       STEP         FIRST   
  NO.   NAME      VALUE            ERROR          SIZE      DERIVATIVE 
   1  NbkgMRS_d    1.47771e+04   5.68350e+03   0.00000e+00  -6.06666e+03
   2  NbkgPRS_d    1.44435e+04   5.55520e+03   0.00000e+00  -6.16678e+03
   3  NsigMRS_d    4.20579e+04   5.68350e+03   0.00000e+00   2.13131e+03
   4  NsigPRS_d    4.11085e+04   5.55520e+03   0.00000e+00   2.16649e+03
   5  mean         1.42288e+02   9.00000e-01   3.16224e-01   1.38344e+00
   6  sigma        2.30000e+00   9.00000e-01   0.00000e+00  -5.31823e+02
   7  sigma2       7.00000e+00   4.00000e-01   0.00000e+00  -2.28235e+03
                               ERR DEF= 0.5
 MIGRAD MINIMIZATION HAS CONVERGED.
 MIGRAD WILL VERIFY CONVERGENCE AND ERROR MATRIX.
 COVARIANCE MATRIX CALCULATED SUCCESSFULLY
 FCN=-737476 FROM MIGRAD    STATUS=CONVERGED     443 CALLS         444 TOTAL
                     EDM=5.19233e-05    STRATEGY= 1      ERROR MATRIX ACCURATE 
  EXT PARAMETER                                   STEP         FIRST   
  NO.   NAME      VALUE            ERROR          SIZE      DERIVATIVE 
   1  NbkgMRS_d    2.30302e+04   2.20378e+02   4.00298e-03  -2.27017e-01
   2  NbkgPRS_d    2.28417e+04   2.18802e+02   4.06269e-03  -5.56246e-01
   3  NsigMRS_d    3.38045e+04   2.43580e+02   4.47996e-03  -1.17820e-01
   4  NsigPRS_d    3.27098e+04   2.40282e+02   4.51040e-03  -4.40997e-02
   5  mean         1.41272e+02   3.00735e-02   2.63326e-03  -1.13262e+00
   6  sigma        1.40536e+00   3.21698e-02   4.29428e-03   6.34383e-01
   7  sigma2       7.39631e+00   4.37565e-02   1.01733e-02  -3.01064e-01
                               ERR DEF= 0.5
 EXTERNAL ERROR MATRIX.    NDIM=  36    NPAR=  7    ERR DEF=0.5
  4.857e+04  5.766e+03 -2.550e+04 -5.771e+03  4.255e-01  7.527e-02 -3.245e+00 
  5.766e+03  4.788e+04 -5.771e+03 -2.500e+04  4.153e-01  6.560e-02 -3.170e+00 
 -2.550e+04 -5.771e+03  5.933e+04  5.775e+03 -4.258e-01 -7.543e-02  3.248e+00 
 -5.771e+03 -2.500e+04  5.775e+03  5.774e+04 -4.156e-01 -6.578e-02  3.173e+00 
  4.255e-01  4.153e-01 -4.258e-01 -4.156e-01  9.044e-04  7.441e-04 -5.711e-04 
  7.527e-02  6.560e-02 -7.543e-02 -6.578e-02  7.441e-04  1.035e-03 -3.128e-04 
 -3.245e+00 -3.170e+00  3.248e+00  3.173e+00 -5.711e-04 -3.128e-04  1.915e-03 
 PARAMETER  CORRELATION COEFFICIENTS  
       NO.  GLOBAL      1      2      3      4      5      6      7
        1  0.51912   1.000  0.120 -0.475 -0.109  0.064  0.011 -0.337
        2  0.51763   0.120  1.000 -0.108 -0.475  0.063  0.009 -0.331
        3  0.50128  -0.475 -0.108  1.000  0.099 -0.058 -0.010  0.305
        4  0.50140  -0.109 -0.475  0.099  1.000 -0.058 -0.009  0.302
        5  0.81733   0.064  0.063 -0.058 -0.058  1.000  0.769 -0.434
        6  0.77905   0.011  0.009 -0.010 -0.009  0.769  1.000 -0.222
        7  0.64106  -0.337 -0.331  0.305  0.302 -0.434 -0.222  1.000
 **********
 **   18 **HESSE        3500
 **********
 COVARIANCE MATRIX CALCULATED SUCCESSFULLY
 FCN=-737476 FROM HESSE     STATUS=OK             50 CALLS         494 TOTAL
                     EDM=5.18703e-05    STRATEGY= 1      ERROR MATRIX ACCURATE 
  EXT PARAMETER                                INTERNAL      INTERNAL  
  NO.   NAME      VALUE            ERROR       STEP SIZE       VALUE   
   1  NbkgMRS_d    2.30302e+04   2.20874e+02   1.60119e-04  -1.90731e-01
   2  NbkgPRS_d    2.28417e+04   2.19292e+02   1.62508e-04  -1.78594e-01
   3  NsigMRS_d    3.38045e+04   2.44047e+02   1.79198e-04   1.90719e-01
   4  NsigPRS_d    3.27098e+04   2.40743e+02   1.80416e-04   1.78575e-01
   5  mean         1.41272e+02   3.02157e-02   1.05330e-04  -5.18080e-01
   6  sigma        1.40536e+00   3.23158e-02   1.71771e-04  -9.43127e-01
   7  sigma2       7.39631e+00   4.39273e-02   4.06931e-04   1.99474e-01
                               ERR DEF= 0.5
 EXTERNAL ERROR MATRIX.    NDIM=  36    NPAR=  7    ERR DEF=0.5
  4.879e+04  5.914e+03 -2.575e+04 -5.914e+03  4.278e-01  6.787e-02 -3.296e+00 
  5.914e+03  4.809e+04 -5.914e+03 -2.525e+04  4.173e-01  5.799e-02 -3.220e+00 
 -2.575e+04 -5.914e+03  5.956e+04  5.914e+03 -4.278e-01 -6.788e-02  3.296e+00 
 -5.914e+03 -2.525e+04  5.914e+03  5.796e+04 -4.173e-01 -5.799e-02  3.220e+00 
  4.278e-01  4.173e-01 -4.278e-01 -4.173e-01  9.130e-04  7.531e-04 -5.781e-04 
  6.787e-02  5.799e-02 -6.788e-02 -5.799e-02  7.531e-04  1.044e-03 -3.176e-04 
 -3.296e+00 -3.220e+00  3.296e+00  3.220e+00 -5.781e-04 -3.176e-04  1.930e-03 
 PARAMETER  CORRELATION COEFFICIENTS  
       NO.  GLOBAL      1      2      3      4      5      6      7
        1  0.52227   1.000  0.122 -0.478 -0.111  0.064  0.010 -0.340
        2  0.52077   0.122  1.000 -0.111 -0.478  0.063  0.008 -0.334
        3  0.50412  -0.478 -0.111  1.000  0.101 -0.058 -0.009  0.307
        4  0.50425  -0.111 -0.478  0.101  1.000 -0.057 -0.007  0.304
        5  0.81940   0.064  0.063 -0.058 -0.057  1.000  0.771 -0.436
        6  0.78130   0.010  0.008 -0.009 -0.007  0.771  1.000 -0.224
        7  0.64463  -0.340 -0.334  0.307  0.304 -0.436 -0.224  1.000
[#1] INFO:NumericIntegration -- RooRealIntegral::init([pdfD0BG_X_poly]_Norm[x]_denominator_Int[x]) using numeric integrator RooIntegrator1D to calculate Int(x)
[#1] INFO:NumericIntegration -- RooRealIntegral::init([pdfD0BG_X_poly]_Norm[x]_denominator_Int[x]) using numeric integrator RooIntegrator1D to calculate Int(x)
aaaa0 ; 572 ; 110
aaaa1 ; 1035 ; 242
aaaa2 ; 1370 ; 355
aaaa3 ; 1723 ; 367
aaaa4 ; 1820 ; 360
aaaa5 ; 1914 ; 311
aaaa6 ; 1897 ; 322
aaaa7 ; 1877 ; 309
aaaa8 ; 1834 ; 302
aaaa9 ; 1784 ; 280
aaaa10 ; 1661 ; 287
aaaa11 ; 1546 ; 259
aaaa12 ; 1484 ; 244
aaaa13 ; 1504 ; 260
aaaa14 ; 1382 ; 238
aaaa15 ; 1324 ; 246
aaaa16 ; 1345 ; 242
aaaa17 ; 1209 ; 247
aaaa18 ; 1225 ; 263
aaaa19 ; 1057 ; 239
aaaa20 ; 1085 ; 248
aaaa21 ; 1013 ; 243
aaaa22 ; 972 ; 251
aaaa23 ; 925 ; 240
aaaa24 ; 914 ; 260
aaaa25 ; 825 ; 256
aaaa26 ; 823 ; 263
aaaa27 ; 784 ; 242
aaaa28 ; 727 ; 298
aaaa29 ; 689 ; 287
aaaa30 ; 660 ; 279
aaaa31 ; 643 ; 274
aaaa32 ; 614 ; 299
aaaa33 ; 569 ; 302
aaaa34 ; 508 ; 333
aaaa35 ; 500 ; 320
aaaa36 ; 490 ; 326
aaaa37 ; 431 ; 317
aaaa38 ; 457 ; 332
aaaa39 ; 433 ; 346
aaaa40 ; 382 ; 329
aaaa41 ; 389 ; 368
aaaa42 ; 416 ; 356
aaaa43 ; 378 ; 323
aaaa44 ; 405 ; 370
aaaa45 ; 366 ; 353
aaaa46 ; 364 ; 351
aaaa47 ; 340 ; 371
aaaa48 ; 339 ; 357
aaaa49 ; 364 ; 377
aaaa50 ; 349 ; 334
aaaa51 ; 430 ; 383
aaaa52 ; 382 ; 356
aaaa53 ; 344 ; 379
aaaa54 ; 369 ; 377
aaaa55 ; 402 ; 385
aaaa56 ; 376 ; 398
aaaa57 ; 391 ; 407
aaaa58 ; 404 ; 385
aaaa59 ; 432 ; 395
aaaa60 ; 397 ; 414
aaaa61 ; 399 ; 401
aaaa62 ; 448 ; 400
aaaa63 ; 440 ; 450
aaaa64 ; 394 ; 413
aaaa65 ; 450 ; 437
aaaa66 ; 441 ; 422
aaaa67 ; 415 ; 441
aaaa68 ; 447 ; 443
aaaa69 ; 474 ; 467
[#0] WARNING:Plotting -- RooHist::addBin(signal_hist_plot__x) WARNING: negative entry set to zero when Poisson error bars are requested
[#0] WARNING:Plotting -- RooHist::addBin(signal_hist_plot__x) WARNING: negative entry set to zero when Poisson error bars are requested
[#0] WARNING:Plotting -- RooHist::addBin(signal_hist_plot__x) WARNING: negative entry set to zero when Poisson error bars are requested
[#0] WARNING:Plotting -- RooHist::addBin(signal_hist_plot__x) WARNING: negative entry set to zero when Poisson error bars are requested
[#0] WARNING:Plotting -- RooHist::addBin(signal_hist_plot__x) WARNING: negative entry set to zero when Poisson error bars are requested
[#0] WARNING:Plotting -- RooHist::addBin(signal_hist_plot__x) WARNING: negative entry set to zero when Poisson error bars are requested
[#0] WARNING:Plotting -- RooHist::addBin(signal_hist_plot__x) WARNING: negative entry set to zero when Poisson error bars are requested
[#0] WARNING:Plotting -- RooHist::addBin(signal_hist_plot__x) WARNING: negative entry set to zero when Poisson error bars are requested
[#0] WARNING:Plotting -- RooHist::addBin(signal_hist_plot__x) WARNING: negative entry set to zero when Poisson error bars are requested
[#0] WARNING:Plotting -- RooHist::addBin(signal_hist_plot__x) WARNING: negative entry set to zero when Poisson error bars are requested
[#0] WARNING:Plotting -- RooHist::addBin(signal_hist_plot__x) WARNING: negative entry set to zero when Poisson error bars are requested
[#0] WARNING:Plotting -- RooHist::addBin(signal_hist_plot__x) WARNING: negative entry set to zero when Poisson error bars are requested
[#1] INFO:NumericIntegration -- RooRealIntegral::init([pdfD0BG_n_X_poly_n]_Norm[x]_denominator_Int[x]) using numeric integrator RooIntegrator1D to calculate Int(x)
[#1] INFO:NumericIntegration -- RooRealIntegral::init([pdfD0BG_n_X_poly_n]_Norm[x]_denominator_Int[x]) using numeric integrator RooIntegrator1D to calculate Int(x)
[#1] INFO:NumericIntegration -- RooRealIntegral::init([pdfD0BG_n_X_poly_n]_Norm[x]_denominator_Int[x]) using numeric integrator RooIntegrator1D to calculate Int(x)
[#1] INFO:NumericIntegration -- RooRealIntegral::init([pdfD0BG_n_X_poly_n]_Norm[x]_denominator_Int[x]) using numeric integrator RooIntegrator1D to calculate Int(x)
[#1] INFO:Fitting -- RooAddition::defaultErrorLevel(nll) Summation contains a RooNLLVar, using its error level
 **********
 **   13 **MIGRAD        2000           1
 **********
 FIRST CALL TO USER FUNCTION AT NEW START POINT, WITH IFLAG=4.
 START MIGRAD MINIMIZATION.  STRATEGY  1.  CONVERGENCE WHEN EDM .LT. 1.00e-03
 FCN=-737937 FROM MIGRAD    STATUS=INITIATE       16 CALLS          17 TOTAL
                     EDM= unknown      STRATEGY= 1      NO ERROR MATRIX       
  EXT PARAMETER               CURRENT GUESS       STEP         FIRST   
  NO.   NAME      VALUE            ERROR          SIZE      DERIVATIVE 
   1  NbkgMRS      2.30302e+04   2.00000e+01   2.01358e-01   3.59106e-01
   2  NbkgPRS      2.28417e+04   2.00000e+01   2.01358e-01   4.93755e-01
   3  NsigMRS      3.38045e+04   2.50000e+01   2.57889e-01  -2.65569e-01
   4  NsigPRS      3.27098e+04   2.50000e+01   2.57889e-01  -3.66863e-01
                               ERR DEF= 0.5
 MIGRAD MINIMIZATION HAS CONVERGED.
 MIGRAD WILL VERIFY CONVERGENCE AND ERROR MATRIX.
 COVARIANCE MATRIX CALCULATED SUCCESSFULLY
 FCN=-737938 FROM MIGRAD    STATUS=CONVERGED      74 CALLS          75 TOTAL
                     EDM=2.44768e-06    STRATEGY= 1      ERROR MATRIX ACCURATE 
  EXT PARAMETER                                   STEP         FIRST   
  NO.   NAME      VALUE            ERROR          SIZE      DERIVATIVE 
   1  NbkgMRS      2.29302e+04   1.90287e+02   5.00000e-01   1.54541e-04
   2  NbkgPRS      2.27417e+04   1.63223e+02   5.00000e-01** at limit **
   3  NsigMRS      3.38545e+04   1.99354e+02   5.00000e-01  -7.50704e-04
   4  NsigPRS      3.27598e+04   1.82207e+02   5.00000e-01   4.66645e-04
                               ERR DEF= 0.5
 EXTERNAL ERROR MATRIX.    NDIM=  25    NPAR=  4    ERR DEF=0.5
  7.130e-02  6.278e-11  4.868e-03  3.027e-13 
  6.278e-11  1.199e-02  2.718e-12  4.752e-04 
  4.868e-03  2.718e-12  2.858e-01 -1.283e-10 
  3.027e-13  4.752e-04 -1.283e-10  3.890e-02 
 PARAMETER  CORRELATION COEFFICIENTS  
       NO.  GLOBAL      1      2      3      4
        1  0.03410   1.000  0.000  0.034  0.000
        2  0.02201   0.000  1.000  0.000  0.022
        3  0.03410   0.034  0.000  1.000 -0.000
        4  0.02201   0.000  0.022 -0.000  1.000
 **********
 **   18 **HESSE        2000
 **********
 COVARIANCE MATRIX CALCULATED SUCCESSFULLY
 FCN=-737938 FROM HESSE     STATUS=OK             27 CALLS         102 TOTAL
                     EDM=2.56954e-06    STRATEGY= 1      ERROR MATRIX ACCURATE 
  EXT PARAMETER                                INTERNAL      INTERNAL  
  NO.   NAME      VALUE            ERROR       STEP SIZE       VALUE   
   1  NbkgMRS      2.29302e+04   1.90244e+02   5.00000e-01  -1.56973e+00
   2  NbkgPRS      2.27417e+04   1.64915e+02   2.00000e-02  -1.57020e+00
                                 WARNING -   - ABOVE PARAMETER IS AT LIMIT.
   3  NsigMRS      3.38545e+04   2.01829e+02   2.00000e-02   1.56837e+00
   4  NsigPRS      3.27598e+04   1.83508e+02   2.00000e-02   1.57186e+00
                               ERR DEF= 0.5
 EXTERNAL ERROR MATRIX.    NDIM=  25    NPAR=  4    ERR DEF=0.5
  7.122e-02 -1.629e-09  1.590e-04 -2.349e-09 
 -1.629e-09  1.245e-02 -3.636e-12  9.912e-07 
  1.590e-04 -3.636e-12  2.991e-01 -5.244e-12 
 -2.349e-09  9.912e-07 -5.244e-12  4.000e-02 
 PARAMETER  CORRELATION COEFFICIENTS  
       NO.  GLOBAL      1      2      3      4
        1  0.00109   1.000 -0.000  0.001 -0.000
        2  0.00004  -0.000  1.000 -0.000  0.000
        3  0.00109   0.001 -0.000  1.000 -0.000
        4  0.00004  -0.000  0.000 -0.000  1.000
66 ; 0.464467 ; 2.22194
[#1] INFO:Plotting -- RooAbsPdf::plotOn(modelMRS) directly selected PDF components: (modelBkg)
[#1] INFO:Plotting -- RooAbsPdf::plotOn(modelMRS) indirectly selected PDF components: (pdfD0BG_n,poly_n)
[#1] INFO:NumericIntegration -- RooRealIntegral::init([pdfD0BG_n_X_poly_n]_Norm[x]_denominator_Int[x]) using numeric integrator RooIntegrator1D to calculate Int(x)
[#1] INFO:Plotting -- RooAbsPdf::plotOn(modelMRS) directly selected PDF components: (modelSig)
[#1] INFO:Plotting -- RooAbsPdf::plotOn(modelMRS) indirectly selected PDF components: ()
[#1] INFO:NumericIntegration -- RooRealIntegral::init([pdfD0BG_n_X_poly_n]_Norm[x]_denominator_Int[x]) using numeric integrator RooIntegrator1D to calculate Int(x)
[#1] INFO:NumericIntegration -- RooRealIntegral::init([pdfD0BG_n_X_poly_n]_Norm[x]_denominator_Int[x]) using numeric integrator RooIntegrator1D to calculate Int(x)
[#1] INFO:Plotting -- RooAbsPdf::plotOn(modelPRS) directly selected PDF components: (modelBkg)
[#1] INFO:Plotting -- RooAbsPdf::plotOn(modelPRS) indirectly selected PDF components: (pdfD0BG_n,poly_n)
[#1] INFO:NumericIntegration -- RooRealIntegral::init([pdfD0BG_n_X_poly_n]_Norm[x]_denominator_Int[x]) using numeric integrator RooIntegrator1D to calculate Int(x)
[#1] INFO:Plotting -- RooAbsPdf::plotOn(modelPRS) directly selected PDF components: (modelSig)
[#1] INFO:Plotting -- RooAbsPdf::plotOn(modelPRS) indirectly selected PDF components: ()
[#1] INFO:NumericIntegration -- RooRealIntegral::init([pdfD0BG_n_X_poly_n]_Norm[x]_denominator_Int[x]) using numeric integrator RooIntegrator1D to calculate Int(x)
[#1] INFO:NumericIntegration -- RooRealIntegral::init([pdfD0BG_n_X_poly_n]_Norm[x]_denominator_Int[x]) using numeric integrator RooIntegrator1D to calculate Int(x)
PRS chi2: 0.465637 ; MPS chi2: 2.26675
