   ------------------------------------------------------------------
  | Welcome to ROOT 6.24/08                        https://root.cern |
  | (c) 1995-2021, The ROOT Team; conception: R. Brun, F. Rademakers |
  | Built for linuxx8664gcc on Sep 29 2022, 13:04:57                 |
  | From tags/v6-24-08@v6-24-08                                      |
  | With c++ (GCC) 4.8.5 20150623 (Red Hat 4.8.5-44)                 |
  | Try '.help', '.demo', '.license', '.credits', '.quit'/'.q'       |
   ------------------------------------------------------------------


Processing ws_part.C(3,"Up","2017")...

[1mRooFit v3.60 -- Developed by Wouter Verkerke and David Kirkby[0m 
                Copyright (C) 2000-2013 NIKHEF, University of California & Stanford University
                All rights reserved, please read http://roofit.sourceforge.net/license.txt

-------------------------
Set LHCb Style - May 2021
-------------------------
../parttempt/PARAMs/PartMom_3.txt
[#0] ERROR:Integration --  RooNumIntFactory::Init : libRooFitMore cannot be loaded. GSL integrators will not beavailable ! 
[#1] INFO:NumericIntegration -- RooRealIntegral::init([pdfD0BG_X_poly]_Norm[x]_denominator_Int[x]) using numeric integrator RooIntegrator1D to calculate Int(x)
[#1] INFO:NumericIntegration -- RooRealIntegral::init([pdfD0BG_X_poly]_Norm[x]_denominator_Int[x]) using numeric integrator RooIntegrator1D to calculate Int(x)
[#1] INFO:Fitting -- RooAddition::defaultErrorLevel(nll) Summation contains a RooNLLVar, using its error level
 **********
 **   13 **MIGRAD        4500           1
 **********
 FIRST CALL TO USER FUNCTION AT NEW START POINT, WITH IFLAG=4.
 START MIGRAD MINIMIZATION.  STRATEGY  1.  CONVERGENCE WHEN EDM .LT. 1.00e-03
[#0] WARNING:Minization -- RooMinuitGlue: Minimized function has error status.
Returning maximum FCN so far (-317271) to force MIGRAD to back out of this region. Error log follows
Parameter values: NbkgMWS=27868, NbkgPWS=28140, am=5, bm=-9, cm=2.5, dm0=139.583, poly_a=0.1, poly_b=-0.2, poly_c=-0.2
RooAddition::nll[ nll_modelPWS_dataPWS + nll_modelMWS_dataMWS ]
     function value is NAN @ !set=(nll_modelPWS_dataPWS = -nan,nll_modelMWS_dataMWS = -nan)
RooNLLVar::nll_modelPWS_dataPWS[ paramSet=(NbkgPWS,am,bm,cm,dm0,poly_a,poly_b,poly_c) ]
     function value is NAN @ paramSet=(NbkgPWS = 28140,am = 5,bm = -9,cm = 2.5,dm0 = 139.583,poly_a = 0.1,poly_b = -0.2,poly_c = -0.2)
RooAddPdf::modelPWS[ NbkgPWS * modelBkg ]
     getLogVal() top-level p.d.f evaluates to zero @ !refCoefNorm=(), !pdfs=(modelBkg = 0/1), !coefficients=(NbkgPWS = 28140)
RooNLLVar::nll_modelMWS_dataMWS[ paramSet=(NbkgMWS,am,bm,cm,dm0,poly_a,poly_b,poly_c) ]
     function value is NAN @ paramSet=(NbkgMWS = 27868,am = 5,bm = -9,cm = 2.5,dm0 = 139.583,poly_a = 0.1,poly_b = -0.2,poly_c = -0.2)
RooAddPdf::modelMWS[ NbkgMWS * modelBkg ]
     getLogVal() top-level p.d.f evaluates to zero @ !refCoefNorm=(), !pdfs=(modelBkg = 0/1), !coefficients=(NbkgMWS = 27868)

 FCN=-318020 FROM MIGRAD    STATUS=INITIATE       42 CALLS          43 TOTAL
                     EDM= unknown      STRATEGY= 1      NO ERROR MATRIX       
  EXT PARAMETER               CURRENT GUESS       STEP         FIRST   
  NO.   NAME      VALUE            ERROR          SIZE      DERIVATIVE 
   1  NbkgMWS      2.78680e+04   1.09296e+03   2.01400e-01  -8.41625e-03
   2  NbkgPWS      2.81400e+04   1.12560e+03   2.01358e-01  -1.01284e-02
   3  am           5.00000e+00   1.20000e+00   2.04382e-01  -5.99205e+02
   4  bm          -9.00000e+00   3.00000e+00   2.09401e-01   3.86136e+03
   5  cm           2.50000e+00   2.00000e+00   2.08372e-01   6.93673e+03
   6  dm0          1.39000e+02   1.50000e+00   2.05758e-01   6.97427e+03
   7  poly_a       1.00000e-01   2.00000e-01   2.02430e-01   6.84654e+02
   8  poly_b      -2.00000e-01   2.00000e-01   2.05758e-01  -7.41604e+03
   9  poly_c      -2.00000e-01   2.00000e-01   2.05758e-01  -4.69243e+03
                               ERR DEF= 0.5
 MIGRAD MINIMIZATION HAS CONVERGED.
 MIGRAD WILL VERIFY CONVERGENCE AND ERROR MATRIX.
 EIGENVALUES OF SECOND-DERIVATIVE MATRIX:
        -1.3307e-03  2.0605e-02  1.4146e-01  3.1728e-01  9.0106e-01  1.0000e+00  1.0000e+00  1.2672e+00  4.3537e+00
 MINUIT WARNING IN HESSE   
 ============== MATRIX FORCED POS-DEF BY ADDING 0.005684 TO DIAGONAL.
 FCN=-320418 FROM MIGRAD    STATUS=CONVERGED    1501 CALLS        1502 TOTAL
                     EDM=0.000623511    STRATEGY= 1      ERR MATRIX NOT POS-DEF
  EXT PARAMETER                APPROXIMATE        STEP         FIRST   
  NO.   NAME      VALUE            ERROR          SIZE      DERIVATIVE 
   1  NbkgMWS      2.78680e+04   1.66443e+02   1.19431e-02   8.45092e-03
   2  NbkgPWS      2.81401e+04   1.67254e+02   1.16510e-02   1.01704e-02
   3  am           2.54396e+00   1.78398e-01   1.56224e-03   1.74731e+00
   4  bm          -4.25489e+00   3.14693e-01   1.25194e-03   2.61872e+00
   5  cm           1.00000e+01   1.34740e+00   9.21439e-02** at limit **
   6  dm0          1.38851e+02   3.17844e-02   1.25350e-03   6.93269e-01
   7  poly_a      -6.09968e-01   7.47690e-02   2.94171e-03   7.69125e-01
   8  poly_b       5.63170e-01   6.96741e-03   1.99806e-03   3.79875e-01
   9  poly_c      -1.75775e-01   1.31885e-02   1.56827e-03  -5.71334e-01
                               ERR DEF= 0.5
 EXTERNAL ERROR MATRIX.    NDIM=  25    NPAR=  9    ERR DEF=0.5
  2.771e+04  3.156e-13  9.434e-08  4.913e-08  2.604e-10 -8.492e-10 -3.288e-08  1.824e-09 -5.553e-09 
  3.156e-13  2.798e+04  9.479e-08  4.937e-08  2.617e-10 -8.534e-10 -3.304e-08  1.833e-09 -5.580e-09 
  9.434e-08  9.479e-08  3.184e-02  1.307e-02  4.444e-05 -1.592e-03 -1.072e-02  4.338e-04 -1.704e-03 
  4.913e-08  4.937e-08  1.307e-02  9.905e-02  7.114e-05 -2.595e-03 -1.710e-02  7.771e-04 -2.635e-03 
  2.604e-10  2.617e-10  4.444e-05  7.114e-05  1.270e-06  1.364e-06 -8.513e-06 -1.523e-06 -1.405e-06 
 -8.492e-10 -8.534e-10 -1.592e-03 -2.595e-03  1.364e-06  1.010e-03  6.658e-04  4.062e-05  6.089e-05 
 -3.288e-08 -3.304e-08 -1.072e-02 -1.710e-02 -8.513e-06  6.658e-04  5.607e-03 -2.982e-04  9.128e-04 
  1.824e-09  1.833e-09  4.338e-04  7.771e-04 -1.523e-06  4.062e-05 -2.982e-04  4.855e-05 -6.076e-05 
 -5.553e-09 -5.580e-09 -1.704e-03 -2.635e-03 -1.405e-06  6.089e-05  9.128e-04 -6.076e-05  1.739e-04 
ERR MATRIX NOT POS-DEF
 PARAMETER  CORRELATION COEFFICIENTS  
       NO.  GLOBAL      1      2      3      4      5      6      7      8      9
        1  0.00000   1.000  0.000  0.000  0.000  0.000 -0.000 -0.000  0.000 -0.000
        2  0.00000   0.000  1.000  0.000  0.000  0.000 -0.000 -0.000  0.000 -0.000
        3  0.99150   0.000  0.000  1.000  0.233  0.221 -0.281 -0.802  0.349 -0.724
        4  0.98839   0.000  0.000  0.233  1.000  0.201 -0.259 -0.725  0.354 -0.635
        5  0.88358   0.000  0.000  0.221  0.201  1.000  0.038 -0.101 -0.194 -0.094
        6  0.67008  -0.000 -0.000 -0.281 -0.259  0.038  1.000  0.280  0.183  0.145
        7  0.99684  -0.000 -0.000 -0.802 -0.725 -0.101  0.280  1.000 -0.572  0.924
        8  0.79654   0.000  0.000  0.349  0.354 -0.194  0.183 -0.572  1.000 -0.661
        9  0.95436  -0.000 -0.000 -0.724 -0.635 -0.094  0.145  0.924 -0.661  1.000
 ERR MATRIX NOT POS-DEF
 **********
 **   18 **HESSE        4500
 **********
 EIGENVALUES OF SECOND-DERIVATIVE MATRIX:
        -7.8478e-03  1.7226e-03  2.0557e-02  2.9494e-01  9.0085e-01  1.0000e+00  1.0000e+00  1.2708e+00  4.5190e+00
 MINUIT WARNING IN HESSE   
 ============== MATRIX FORCED POS-DEF BY ADDING 0.012367 TO DIAGONAL.
 FCN=-320418 FROM HESSE     STATUS=NOT POSDEF     77 CALLS        1579 TOTAL
                     EDM=0.00450019    STRATEGY= 1      ERR MATRIX NOT POS-DEF
  EXT PARAMETER                APPROXIMATE     INTERNAL      INTERNAL  
  NO.   NAME      VALUE            ERROR       STEP SIZE       VALUE   
   1  NbkgMWS      2.78680e+04   1.65889e+02   4.77726e-04  -1.99027e-02
   2  NbkgPWS      2.81401e+04   1.66698e+02   4.66038e-04   9.05006e-06
   3  am           2.54396e+00   1.74655e-01   6.24897e-05  -2.45120e-01
   4  bm          -4.25489e+00   5.82876e-01   5.00776e-05   4.96948e-02
   5  cm           1.00000e+01   1.29774e+00   3.75947e-01   1.57058e+00
                                 WARNING -   - ABOVE PARAMETER IS AT LIMIT.
   6  dm0          1.38851e+02   3.22424e-02   5.01398e-05   1.81175e-01
   7  poly_a      -6.09968e-01   4.23846e-02   5.88343e-04  -6.56020e-01
   8  poly_b       5.63170e-01   9.57561e-03   7.99222e-05   5.98217e-01
   9  poly_c      -1.75775e-01   8.58287e-03   6.27310e-05  -1.76692e-01
                               ERR DEF= 0.5
 EXTERNAL ERROR MATRIX.    NDIM=  25    NPAR=  9    ERR DEF=0.5
  2.753e+04 -6.506e-03  5.140e-05 -2.717e-04 -4.163e-07 -1.464e-06  2.876e-06  2.674e-06  1.982e-07 
 -6.506e-03  2.780e+04 -4.518e-05  7.930e-05  5.239e-08  2.532e-06  3.701e-06  2.365e-09  2.378e-07 
  5.140e-05 -4.518e-05  3.051e-02 -6.557e-02 -7.798e-05 -1.357e-03 -3.344e-03  6.006e-04 -5.454e-04 
 -2.717e-04  7.930e-05 -6.557e-02  3.399e-01  5.330e-04  3.898e-03 -3.036e-03 -3.299e-03 -2.525e-04 
 -4.163e-07  5.239e-08 -7.798e-05  5.330e-04  1.223e-06  1.191e-05  6.470e-06 -8.316e-06  1.170e-06 
 -1.464e-06  2.532e-06 -1.357e-03  3.898e-03  1.191e-05  1.040e-03  2.362e-04 -1.509e-05 -5.021e-06 
  2.876e-06  3.701e-06 -3.344e-03 -3.036e-03  6.470e-06  2.362e-04  1.798e-03 -1.492e-04  2.963e-04 
  2.674e-06  2.365e-09  6.006e-04 -3.299e-03 -8.316e-06 -1.509e-05 -1.492e-04  9.170e-05 -3.686e-05 
  1.982e-07  2.378e-07 -5.454e-04 -2.525e-04  1.170e-06 -5.021e-06  2.963e-04 -3.686e-05  7.367e-05 
ERR MATRIX NOT POS-DEF
 PARAMETER  CORRELATION COEFFICIENTS  
       NO.  GLOBAL      1      2      3      4      5      6      7      8      9
        1  0.00000   1.000 -0.000  0.000 -0.000 -0.000 -0.000  0.000  0.000  0.000
        2  0.00000  -0.000  1.000 -0.000  0.000  0.000  0.000  0.000  0.000  0.000
        3  0.99119   0.000 -0.000  1.000 -0.644 -0.404 -0.241 -0.451  0.359 -0.364
        4  0.99665  -0.000  0.000 -0.644  1.000  0.827  0.207 -0.123 -0.591 -0.050
        5  0.99194  -0.000  0.000 -0.404  0.827  1.000  0.334  0.138 -0.785  0.123
        6  0.68411  -0.000  0.000 -0.241  0.207  0.334  1.000  0.173 -0.049 -0.018
        7  0.99019   0.000  0.000 -0.451 -0.123  0.138  0.173  1.000 -0.368  0.814
        8  0.89876   0.000  0.000  0.359 -0.591 -0.785 -0.049 -0.368  1.000 -0.448
        9  0.88926   0.000  0.000 -0.364 -0.050  0.123 -0.018  0.814 -0.448  1.000
 ERR MATRIX NOT POS-DEF
[#1] INFO:NumericIntegration -- RooRealIntegral::init([pdfD0BG_X_poly]_Norm[x]_denominator_Int[x]) using numeric integrator RooIntegrator1D to calculate Int(x)
[#1] INFO:NumericIntegration -- RooRealIntegral::init([pdfD0BG_X_poly]_Norm[x]_denominator_Int[x]) using numeric integrator RooIntegrator1D to calculate Int(x)
