   ------------------------------------------------------------------
  | Welcome to ROOT 6.24/08                        https://root.cern |
  | (c) 1995-2021, The ROOT Team; conception: R. Brun, F. Rademakers |
  | Built for linuxx8664gcc on Sep 29 2022, 13:04:57                 |
  | From tags/v6-24-08@v6-24-08                                      |
  | With c++ (GCC) 4.8.5 20150623 (Red Hat 4.8.5-44)                 |
  | Try '.help', '.demo', '.license', '.credits', '.quit'/'.q'       |
   ------------------------------------------------------------------


Processing full.C(2,1,"Down","2016")...

[1mRooFit v3.60 -- Developed by Wouter Verkerke and David Kirkby[0m 
                Copyright (C) 2000-2013 NIKHEF, University of California & Stanford University
                All rights reserved, please read http://roofit.sourceforge.net/license.txt

-------------------------
Set LHCb Style - May 2021
-------------------------
../fulltempt/PARAMs/FullMom_2_1.txt
../../../../selection/promptD/results/2016MagDownFullRS.root/DecayTree
[#0] WARNING:InputArguments -- The parameter 'sigma3' with range [0, 10] of the RooGaussian 'sig_pdf2' exceeds the safe range of (0, inf). Advise to limit its range.
[#0] ERROR:Integration --  RooNumIntFactory::Init : libRooFitMore cannot be loaded. GSL integrators will not beavailable ! 
[#1] INFO:NumericIntegration -- RooRealIntegral::init(modelBkg_Int[x]) using numeric integrator RooIntegrator1D to calculate Int(x)
[#1] INFO:NumericIntegration -- RooRealIntegral::init(modelBkg_Int[x]) using numeric integrator RooIntegrator1D to calculate Int(x)
[#1] INFO:NumericIntegration -- RooRealIntegral::init(modelBkg_Int[x]) using numeric integrator RooIntegrator1D to calculate Int(x)
[#1] INFO:NumericIntegration -- RooRealIntegral::init(modelBkg_Int[x]) using numeric integrator RooIntegrator1D to calculate Int(x)
[#1] INFO:Fitting -- RooAddition::defaultErrorLevel(nll) Summation contains a RooNLLVar, using its error level
 **********
 **   13 **MIGRAD        6500           1
 **********
 FIRST CALL TO USER FUNCTION AT NEW START POINT, WITH IFLAG=4.
 START MIGRAD MINIMIZATION.  STRATEGY  1.  CONVERGENCE WHEN EDM .LT. 1.00e-03
 FCN=-245770 FROM MIGRAD    STATUS=INITIATE       96 CALLS          97 TOTAL
                     EDM= unknown      STRATEGY= 1      NO ERROR MATRIX       
  EXT PARAMETER               CURRENT GUESS       STEP         FIRST   
  NO.   NAME      VALUE            ERROR          SIZE      DERIVATIVE 
   1  NbkgMRS      1.78570e+03   8.92850e+02   0.00000e+00  -2.01174e+03
   2  NbkgPRS      1.75250e+03   8.76250e+02   0.00000e+00  -2.00468e+03
   3  NsigMRS      1.60713e+04   8.92850e+02   0.00000e+00   2.23414e+02
   4  NsigPRS      1.57725e+04   8.76250e+02   0.00000e+00   2.22630e+02
   5  am           1.00000e+00   2.00000e+00   0.00000e+00  -6.88509e+01
   6  bm          -1.00000e+00   5.00000e-01   0.00000e+00  -1.86043e+01
   7  cm           5.00000e+00   7.50000e+00   0.00000e+00  -7.41737e+02
   8  coeffsig     4.27140e-01   5.00000e-02   7.81055e-01   4.74521e+02
   9  dm0          1.39400e+02   2.00000e+00   0.00000e+00  -1.30027e+02
  10  mean         1.45500e+02   2.10000e+00   0.00000e+00  -2.64183e+04
  11  sigma1       5.00000e-01   2.50000e-01   0.00000e+00   2.93349e+02
  12  sigma2       5.00000e-01   2.50000e-01   0.00000e+00  -2.96883e+03
  13  sigma3       1.10000e+00   5.50000e-01   0.00000e+00  -4.76777e+03
                               ERR DEF= 0.5
 EIGENVALUES OF SECOND-DERIVATIVE MATRIX:
        -3.6798e-01  5.1998e-06  1.6852e-02  6.6221e-02  1.8586e-01  2.5905e-01  5.7005e-01  6.5099e-01  8.8865e-01  1.0483e+00  2.2139e+00  3.2917e+00  4.1764e+00
 MINUIT WARNING IN MIGRAD  
 ============== MATRIX FORCED POS-DEF BY ADDING 0.372156 TO DIAGONAL.
 EIGENVALUES OF SECOND-DERIVATIVE MATRIX:
        -1.7619e-01  4.4450e-05  6.7644e-03  3.1839e-01  3.4449e-01  4.6964e-01  7.6640e-01  8.1522e-01  9.4164e-01  1.0122e+00  1.3138e+00  2.0437e+00  5.1440e+00
 MINUIT WARNING IN MIGRAD  
 ============== MATRIX FORCED POS-DEF BY ADDING 0.181334 TO DIAGONAL.
 EIGENVALUES OF SECOND-DERIVATIVE MATRIX:
        -3.5244e-02  1.9624e-05  4.8058e-03  4.1293e-01  4.4312e-01  5.5655e-01  8.1487e-01  8.5547e-01  9.5774e-01  1.0112e+00  1.2804e+00  1.8957e+00  4.8024e+00
 MINUIT WARNING IN MIGRAD  
 ============== MATRIX FORCED POS-DEF BY ADDING 0.040047 TO DIAGONAL.
 MIGRAD MINIMIZATION HAS CONVERGED.
 FCN=-246420 FROM MIGRAD    STATUS=CONVERGED    3117 CALLS        3118 TOTAL
                     EDM=2.57108e-05    STRATEGY= 1  ERROR MATRIX UNCERTAINTY   3.1 per cent
  EXT PARAMETER                                   STEP         FIRST   
  NO.   NAME      VALUE            ERROR          SIZE      DERIVATIVE 
   1  NbkgMRS      2.76257e+03   1.00743e+02   2.28421e-04   4.47426e-02
   2  NbkgPRS      2.74392e+03   1.01547e+02   2.14182e-04   2.75059e-01
   3  NsigMRS      1.50943e+04   1.39088e+02   3.82889e-04  -1.31169e-01
   4  NsigPRS      1.47814e+04   1.54197e+02  -2.45849e-04  -4.09455e-03
   5  am           2.60767e+00   6.06437e-03   8.73413e-06   1.10978e+03
   6  bm          -5.19473e+00   1.32191e-02  -2.15974e-05   1.14967e+03
   7  cm           2.68127e+01   6.89846e-02  -1.26864e-05  -1.19591e+03
   8  coeffsig     8.24992e-01   1.57030e-02   8.48911e-04  -2.31094e-02
   9  dm0          1.39312e+02   7.82878e-03  -7.61531e-06   2.63407e+01
  10  mean         1.45490e+02   1.59542e-02  -1.08113e-05  -3.38154e+00
  11  sigma1       6.61923e-01   1.29382e-02  -2.51998e-05   7.22230e-01
  12  sigma2       7.64438e-01   1.66152e-02   1.02343e-04  -4.90161e-01
  13  sigma3       1.68703e+00   9.62461e-02   1.63002e-05   3.26716e-02
                               ERR DEF= 0.5
 EXTERNAL ERROR MATRIX.    NDIM=  28    NPAR= 13    ERR DEF=0.5
 ELEMENTS ABOVE DIAGONAL ARE NOT PRINTED.
  1.015e+04 
  5.776e+03  1.031e+04 
 -5.313e+03 -3.706e+03  1.935e+04 
 -5.943e+03 -7.323e+03  3.748e+03  2.378e+04 
  3.526e-01  3.565e-01 -1.254e-01 -3.343e-01  3.678e-05 
 -7.808e-01 -7.886e-01  2.872e-01  7.414e-01 -8.012e-05  1.747e-04 
 -4.098e+00 -4.137e+00  1.528e+00  3.892e+00 -4.177e-04  9.115e-04  4.759e-03 
 -4.339e-01 -3.688e-01  2.782e-01  3.693e-01 -1.446e-05  3.306e-05  1.782e-04  2.467e-04 
 -8.497e-03 -9.236e-03  3.328e-02  8.626e-03  3.021e-06 -6.666e-06 -2.338e-05  6.711e-06  6.129e-05 
  2.821e-02 -6.555e-03 -1.070e-03 -7.235e-02  6.045e-06 -1.372e-05 -7.432e-05 -7.027e-05 -1.668e-06  2.545e-04 
 -3.569e-01 -3.411e-01  2.727e-01  2.649e-01 -1.279e-05  2.856e-05  1.504e-04  8.684e-05  1.569e-06  1.316e-04  1.674e-04 
 -3.603e-01 -3.034e-01  2.154e-01  3.484e-01 -1.737e-05  3.899e-05  2.078e-04  1.802e-04  4.950e-06 -2.069e-04 -3.172e-05 
 -3.603e-01 -3.034e-01  2.154e-01  3.484e-01 -1.737e-05  3.899e-05  2.078e-04  1.802e-04  4.950e-06 -2.069e-04 -3.172e-05  2.761e-04 
 -5.911e+00 -5.667e+00  3.774e+00  5.520e+00 -2.880e-04  6.456e-04  3.420e-03  1.206e-03  3.385e-05 -2.688e-04  5.532e-04 
 -5.911e+00 -5.667e+00  3.774e+00  5.520e+00 -2.880e-04  6.456e-04  3.420e-03  1.206e-03  3.385e-05 -2.688e-04  5.532e-04  8.622e-04  9.265e-03 
 PARAMETER  CORRELATION COEFFICIENTS  
       NO.  GLOBAL      1      2      3      4      5      6      7      8      9     10     11     12     13
        1  0.77887   1.000  0.565 -0.379 -0.383  0.577 -0.586 -0.590 -0.274 -0.011  0.018 -0.274 -0.215 -0.610
        2  0.76494   0.565  1.000 -0.262 -0.468  0.579 -0.587 -0.591 -0.231 -0.012 -0.004 -0.260 -0.180 -0.580
        3  0.44497  -0.379 -0.262  1.000  0.175 -0.149  0.156  0.159  0.127  0.031 -0.000  0.152  0.093  0.282
        4  0.51609  -0.383 -0.468  0.175  1.000 -0.357  0.364  0.366  0.152  0.007 -0.029  0.133  0.136  0.372
        5  0.99997   0.577  0.579 -0.149 -0.357  1.000 -0.999 -0.998 -0.152  0.064  0.062 -0.163 -0.172 -0.493
        6  1.00000  -0.586 -0.587  0.156  0.364 -0.999  1.000  1.000  0.159 -0.064 -0.065  0.167  0.178  0.507
        7  0.99999  -0.590 -0.591  0.159  0.366 -0.998  1.000  1.000  0.164 -0.043 -0.068  0.169  0.181  0.515
        8  0.94740  -0.274 -0.231  0.127  0.152 -0.152  0.159  0.164  1.000  0.055 -0.280  0.427  0.690  0.798
        9  0.97890  -0.011 -0.012  0.031  0.007  0.064 -0.064 -0.043  0.055  1.000 -0.013  0.015  0.038  0.045
       10  0.94548   0.018 -0.004 -0.000 -0.029  0.062 -0.065 -0.068 -0.280 -0.013  1.000  0.638 -0.780 -0.175
       11  0.91248  -0.274 -0.260  0.152  0.133 -0.163  0.167  0.169  0.427  0.015  0.638  1.000 -0.148  0.444
       12  0.92984  -0.215 -0.180  0.093  0.136 -0.172  0.178  0.181  0.690  0.038 -0.780 -0.148  1.000  0.539
       13  0.94956  -0.610 -0.580  0.282  0.372 -0.493  0.507  0.515  0.798  0.045 -0.175  0.444  0.539  1.000
 **********
 **   18 **HESSE        6500
 **********
 EIGENVALUES OF SECOND-DERIVATIVE MATRIX:
        -4.1566e-02  5.2138e-02  7.1762e-02  8.3425e-02  1.0528e-01  2.8344e-01  8.3274e-01  8.3898e-01  1.1204e+00  1.1664e+00  2.1048e+00  2.1611e+00  4.2210e+00
 MINUIT WARNING IN HESSE   
 ============== MATRIX FORCED POS-DEF BY ADDING 0.045787 TO DIAGONAL.
 FCN=-246420 FROM HESSE     STATUS=NOT POSDEF    155 CALLS        3273 TOTAL
                     EDM=0.000204651    STRATEGY= 1      ERR MATRIX NOT POS-DEF
  EXT PARAMETER                APPROXIMATE     INTERNAL      INTERNAL  
  NO.   NAME      VALUE            ERROR       STEP SIZE       VALUE   
   1  NbkgMRS      2.76257e+03   7.92302e+01   3.35819e-03  -7.62304e-01
   2  NbkgPRS      2.74392e+03   8.02327e+01   3.41073e-03  -7.57155e-01
   3  NsigMRS      1.50943e+04   1.34045e+02   6.70873e-03   7.62288e-01
   4  NsigPRS      1.47814e+04   1.33570e+02   6.74741e-03   7.57200e-01
   5  am           2.60767e+00   1.89781e-04   1.56326e-06   2.63817e-01
   6  bm          -5.19473e+00   1.99193e-04   1.44096e-06   5.01255e-01
   7  cm           2.68127e+01   4.02045e-03   1.33391e-06  -7.06799e-01
   8  coeffsig     8.24992e-01   1.21437e-02   4.96249e-03   7.07563e-01
   9  dm0          1.39312e+02   9.33318e-03   5.49159e-05  -6.88640e-02
  10  mean         1.45490e+02   1.19500e-02   1.74443e-04  -2.90745e-01
  11  sigma1       6.61923e-01   1.02291e-02   7.37060e-04  -1.05039e+00
  12  sigma2       7.64438e-01   1.23499e-02   7.90793e-04  -1.01053e+00
  13  sigma3       1.68703e+00   6.68639e-02   2.91890e-03  -7.24278e-01
                               ERR DEF= 0.5
 EXTERNAL ERROR MATRIX.    NDIM=  28    NPAR= 13    ERR DEF=0.5
 ELEMENTS ABOVE DIAGONAL ARE NOT PRINTED.
  6.278e+03 
  2.423e+03  6.438e+03 
 -3.546e+03 -2.388e+03  1.797e+04 
 -2.388e+03 -3.720e+03  2.354e+03  1.784e+04 
 -4.040e-03 -4.080e-03  3.986e-03  4.024e-03  3.602e-08 
 -4.219e-03 -4.274e-03  4.161e-03  4.215e-03  2.426e-08  3.968e-08 
 -8.076e-02 -8.148e-02  7.968e-02  8.038e-02  6.420e-07  7.230e-07  1.616e-05 
 -3.961e-02 -3.183e-02  3.934e-02  3.166e-02  5.907e-07  5.390e-07  1.293e-05  1.475e-04 
 -2.049e-01 -2.079e-01  2.021e-01  2.050e-01  1.241e-06  1.433e-06  3.479e-05  2.516e-05  8.711e-05 
 -3.742e-02 -4.290e-02  3.689e-02  4.229e-02 -1.743e-07 -1.504e-07 -3.897e-06 -2.815e-05 -6.802e-06  1.428e-04 
 -9.542e-02 -9.700e-02  9.415e-02  9.569e-02  2.493e-07  2.426e-07  5.255e-06  5.329e-05  1.158e-05  7.763e-05  1.046e-04 
 -5.962e-02 -5.548e-02  5.881e-02  5.471e-02  3.538e-07  3.312e-07  7.659e-06  8.827e-05  1.564e-05 -1.076e-04 -1.848e-05 
 -5.962e-02 -5.548e-02  5.881e-02  5.471e-02  3.538e-07  3.312e-07  7.659e-06  8.827e-05  1.564e-05 -1.076e-04 -1.848e-05  1.525e-04 
 -2.177e+00 -2.207e+00  2.148e+00  2.177e+00  6.496e-06  6.263e-06  1.369e-04  5.720e-04  2.964e-04 -6.463e-05  2.594e-04 
 -2.177e+00 -2.207e+00  2.148e+00  2.177e+00  6.496e-06  6.263e-06  1.369e-04  5.720e-04  2.964e-04 -6.463e-05  2.594e-04  3.166e-04  4.471e-03 
ERR MATRIX NOT POS-DEF
 PARAMETER  CORRELATION COEFFICIENTS  
       NO.  GLOBAL      1      2      3      4      5      6      7      8      9     10     11     12     13
        1  0.62474   1.000  0.381 -0.334 -0.226 -0.269 -0.267 -0.254 -0.041 -0.277 -0.040 -0.118 -0.061 -0.411
        2  0.63522   0.381  1.000 -0.222 -0.347 -0.268 -0.267 -0.253 -0.033 -0.278 -0.045 -0.118 -0.056 -0.411
        3  0.38547  -0.334 -0.222  1.000  0.131  0.157  0.156  0.148  0.024  0.161  0.023  0.069  0.036  0.240
        4  0.39798  -0.226 -0.347  0.131  1.000  0.159  0.158  0.150  0.020  0.164  0.026  0.070  0.033  0.244
        5  0.97402  -0.269 -0.268  0.157  0.159  1.000  0.642  0.841  0.256  0.701 -0.077  0.128  0.151  0.512
        6  0.98357  -0.267 -0.267  0.156  0.158  0.642  1.000  0.903  0.223  0.771 -0.063  0.119  0.135  0.470
        7  0.99716  -0.254 -0.253  0.148  0.150  0.841  0.903  1.000  0.265  0.927 -0.081  0.128  0.154  0.509
        8  0.89644  -0.041 -0.033  0.024  0.020  0.256  0.223  0.265  1.000  0.222 -0.194  0.429  0.588  0.704
        9  0.98576  -0.277 -0.278  0.161  0.164  0.701  0.771  0.927  0.222  1.000 -0.061  0.121  0.136  0.475
       10  0.90804  -0.040 -0.045  0.023  0.026 -0.077 -0.063 -0.081 -0.194 -0.061  1.000  0.635 -0.729 -0.081
       11  0.85965  -0.118 -0.118  0.069  0.070  0.128  0.119  0.128  0.429  0.121  0.635  1.000 -0.146  0.379
       12  0.87435  -0.061 -0.056  0.036  0.033  0.151  0.135  0.154  0.588  0.136 -0.729 -0.146  1.000  0.383
       13  0.88431  -0.411 -0.411  0.240  0.244  0.512  0.470  0.509  0.704  0.475 -0.081  0.379  0.383  1.000
 ERR MATRIX NOT POS-DEF
71 ; 2.80741 ; 3.11949
[#1] INFO:Plotting -- RooAbsPdf::plotOn(modelMRS) directly selected PDF components: (modelBkg)
[#1] INFO:Plotting -- RooAbsPdf::plotOn(modelMRS) indirectly selected PDF components: ()
[#1] INFO:NumericIntegration -- RooRealIntegral::init(modelBkg_Int[x]) using numeric integrator RooIntegrator1D to calculate Int(x)
[#1] INFO:Plotting -- RooAbsPdf::plotOn(modelMRS) directly selected PDF components: (modelSig)
[#1] INFO:Plotting -- RooAbsPdf::plotOn(modelMRS) indirectly selected PDF components: (sig_pdf1,sig_pdf2)
[#1] INFO:NumericIntegration -- RooRealIntegral::init(modelBkg_Int[x]) using numeric integrator RooIntegrator1D to calculate Int(x)
[#1] INFO:NumericIntegration -- RooRealIntegral::init(modelBkg_Int[x]) using numeric integrator RooIntegrator1D to calculate Int(x)
[#1] INFO:Plotting -- RooAbsPdf::plotOn(modelPRS) directly selected PDF components: (modelBkg)
[#1] INFO:Plotting -- RooAbsPdf::plotOn(modelPRS) indirectly selected PDF components: ()
[#1] INFO:NumericIntegration -- RooRealIntegral::init(modelBkg_Int[x]) using numeric integrator RooIntegrator1D to calculate Int(x)
[#1] INFO:Plotting -- RooAbsPdf::plotOn(modelPRS) directly selected PDF components: (modelSig)
[#1] INFO:Plotting -- RooAbsPdf::plotOn(modelPRS) indirectly selected PDF components: (sig_pdf1,sig_pdf2)
[#1] INFO:NumericIntegration -- RooRealIntegral::init(modelBkg_Int[x]) using numeric integrator RooIntegrator1D to calculate Int(x)
[#1] INFO:NumericIntegration -- RooRealIntegral::init(modelBkg_Int[x]) using numeric integrator RooIntegrator1D to calculate Int(x)
PRS chi2: 2.17159 ; MPS chi2: 2.05159
