   ------------------------------------------------------------------
  | Welcome to ROOT 6.24/08                        https://root.cern |
  | (c) 1995-2021, The ROOT Team; conception: R. Brun, F. Rademakers |
  | Built for linuxx8664gcc on Sep 29 2022, 13:04:57                 |
  | From tags/v6-24-08@v6-24-08                                      |
  | With c++ (GCC) 4.8.5 20150623 (Red Hat 4.8.5-44)                 |
  | Try '.help', '.demo', '.license', '.credits', '.quit'/'.q'       |
   ------------------------------------------------------------------


Processing full.C(3,6,"Down","2017")...

[1mRooFit v3.60 -- Developed by Wouter Verkerke and David Kirkby[0m 
                Copyright (C) 2000-2013 NIKHEF, University of California & Stanford University
                All rights reserved, please read http://roofit.sourceforge.net/license.txt

-------------------------
Set LHCb Style - May 2021
-------------------------
../fulltempt/PARAMs/FullMom_3_6.txt
../../../../selection/promptD/results/2017MagDownFullRS.root/DecayTree
[#0] WARNING:InputArguments -- The parameter 'sigma3' with range [0, 10] of the RooGaussian 'sig_pdf2' exceeds the safe range of (0, inf). Advise to limit its range.
[#0] ERROR:Integration --  RooNumIntFactory::Init : libRooFitMore cannot be loaded. GSL integrators will not beavailable ! 
[#1] INFO:NumericIntegration -- RooRealIntegral::init(modelBkg_Int[x]) using numeric integrator RooIntegrator1D to calculate Int(x)
[#1] INFO:NumericIntegration -- RooRealIntegral::init(modelBkg_Int[x]) using numeric integrator RooIntegrator1D to calculate Int(x)
[#1] INFO:NumericIntegration -- RooRealIntegral::init(modelBkg_Int[x]) using numeric integrator RooIntegrator1D to calculate Int(x)
[#1] INFO:NumericIntegration -- RooRealIntegral::init(modelBkg_Int[x]) using numeric integrator RooIntegrator1D to calculate Int(x)
[#1] INFO:Fitting -- RooAddition::defaultErrorLevel(nll) Summation contains a RooNLLVar, using its error level
 **********
 **   13 **MIGRAD        6500           1
 **********
 FIRST CALL TO USER FUNCTION AT NEW START POINT, WITH IFLAG=4.
 START MIGRAD MINIMIZATION.  STRATEGY  1.  CONVERGENCE WHEN EDM .LT. 1.00e-03
 FCN=-30868.5 FROM MIGRAD    STATUS=INITIATE      135 CALLS         136 TOTAL
                     EDM= unknown      STRATEGY= 1      NO ERROR MATRIX       
  EXT PARAMETER               CURRENT GUESS       STEP         FIRST   
  NO.   NAME      VALUE            ERROR          SIZE      DERIVATIVE 
   1  NbkgMRS      3.19000e+02   1.59500e+02   0.00000e+00  -6.99323e+02
   2  NbkgPRS      2.97300e+02   1.48650e+02   0.00000e+00  -5.41013e+02
   3  NsigMRS      2.87100e+03   1.59500e+02   0.00000e+00   7.76841e+01
   4  NsigPRS      2.67570e+03   1.48650e+02   0.00000e+00   6.00959e+01
   5  am           2.00000e+00   2.00000e+00   0.00000e+00  -2.59436e+02
   6  bm          -6.84270e+00   1.75000e+00   0.00000e+00  -2.03852e+02
   7  cm           7.04380e-01   7.50000e+00  -8.56276e-02   3.23616e+02
   8  coeffsig     1.00000e-01   5.00000e-02   0.00000e+00  -1.29865e+02
   9  dm0          1.39400e+02   2.00000e+00   0.00000e+00  -2.65522e+02
  10  mean         1.45500e+02   2.10000e+00   0.00000e+00   4.30109e+03
  11  sigma1       5.00000e-01   2.50000e-01   0.00000e+00  -1.03771e+01
  12  sigma2       5.00000e-01   2.50000e-01   0.00000e+00   1.86518e+02
  13  sigma3       1.10000e+00   5.50000e-01   0.00000e+00   4.63280e+02
                               ERR DEF= 0.5
 MIGRAD MINIMIZATION HAS CONVERGED.
 MIGRAD WILL VERIFY CONVERGENCE AND ERROR MATRIX.
 COVARIANCE MATRIX CALCULATED SUCCESSFULLY
 FCN=-31190.2 FROM MIGRAD    STATUS=CONVERGED    1776 CALLS        1777 TOTAL
                     EDM=0.000103491    STRATEGY= 1      ERROR MATRIX ACCURATE 
  EXT PARAMETER                                   STEP         FIRST   
  NO.   NAME      VALUE            ERROR          SIZE      DERIVATIVE 
   1  NbkgMRS      7.33042e+02   4.62201e+01   2.98037e-03  -6.78732e-02
   2  NbkgPRS      6.47888e+02   4.57493e+01   3.11715e-03  -5.76741e-02
   3  NsigMRS      2.45700e+03   6.20945e+01   4.73341e-03   4.16749e-02
   4  NsigPRS      2.32518e+03   6.13577e+01   5.03542e-03   5.08731e-02
   5  am           8.78359e+00   1.41517e-01   2.01016e-03  -2.65899e-01
   6  bm          -2.00000e+01   9.51171e-01   4.57176e-02   5.48099e-03
   7  cm           1.07902e+00   1.72793e-01   3.11746e-04  -3.12566e-02
   8  coeffsig     8.52841e-01   5.35858e-02   5.80103e-03   2.56497e-03
   9  dm0          1.39550e+02   4.88869e-02   5.37196e-04  -1.11385e+00
  10  mean         1.45340e+02   5.21089e-02   1.72486e-04  -2.22353e-01
  11  sigma1       7.03281e-01   5.48256e-02   7.19273e-04   2.02827e-01
  12  sigma2       8.49518e-01   3.14674e-02   6.65704e-04   8.91500e-02
  13  sigma3       1.69981e+00   2.14830e-01   3.45830e-03   1.95037e-02
                               ERR DEF= 0.5
 EXTERNAL ERROR MATRIX.    NDIM=  28    NPAR= 13    ERR DEF=0.5
 ELEMENTS ABOVE DIAGONAL ARE NOT PRINTED.
  2.137e+03 
  1.027e+03  2.094e+03 
 -1.402e+03 -1.026e+03  3.858e+03 
 -1.026e+03 -1.443e+03  1.025e+03  3.768e+03 
 -3.706e+00 -3.781e+00  3.700e+00  3.775e+00  2.003e-02 
 -8.691e-03 -9.031e-03  8.677e-03  9.015e-03 -1.356e-04  2.125e-05 
  2.567e+00  2.608e+00 -2.562e+00 -2.602e+00 -1.446e-02 -5.076e-05  2.986e-02 
  8.460e-01  9.652e-01 -8.448e-01 -9.637e-01 -2.963e-03 -9.735e-06  1.818e-03  2.894e-03 
  6.610e-02  8.536e-02 -6.604e-02 -8.527e-02  3.927e-04 -2.855e-07 -2.987e-03  3.320e-04  2.390e-03 
  3.872e-01  4.417e-01 -3.867e-01 -4.410e-01 -1.332e-03 -5.112e-06  4.861e-04  1.554e-03  1.929e-04  2.715e-03 
  4.607e-01  5.423e-01 -4.601e-01 -5.416e-01 -1.647e-03 -6.205e-06  7.319e-04  2.322e-03  2.698e-04  2.531e-03  3.006e-03 
 -2.048e-02 -2.038e-02  2.038e-02  2.027e-02  7.452e-05  1.491e-07 -4.710e-05  4.451e-05  3.953e-06 -1.151e-03 -7.024e-04 
 -2.048e-02 -2.038e-02  2.038e-02  2.027e-02  7.452e-05  1.491e-07 -4.710e-05  4.451e-05  3.953e-06 -1.151e-03 -7.024e-04  9.902e-04 
 -1.303e+00 -8.593e-01  1.305e+00  8.609e-01  1.267e-03 -1.066e-05  1.122e-03  8.150e-03  1.069e-03  4.829e-03  7.282e-03 
 -1.303e+00 -8.593e-01  1.305e+00  8.609e-01  1.267e-03 -1.066e-05  1.122e-03  8.150e-03  1.069e-03  4.829e-03  7.282e-03 -2.088e-04  4.620e-02 
 PARAMETER  CORRELATION COEFFICIENTS  
       NO.  GLOBAL      1      2      3      4      5      6      7      8      9     10     11     12     13
        1  0.70481   1.000  0.486 -0.488 -0.361 -0.566 -0.041  0.321  0.340  0.029  0.161  0.182 -0.014 -0.131
        2  0.72809   0.486  1.000 -0.361 -0.514 -0.584 -0.043  0.330  0.392  0.038  0.185  0.216 -0.014 -0.087
        3  0.54435  -0.488 -0.361  1.000  0.269  0.421  0.030 -0.239 -0.253 -0.022 -0.119 -0.135  0.010  0.098
        4  0.56385  -0.361 -0.514  0.269  1.000  0.434  0.032 -0.245 -0.292 -0.028 -0.138 -0.161  0.010  0.065
        5  0.83106  -0.566 -0.584  0.421  0.434  1.000 -0.208 -0.591 -0.389  0.057 -0.181 -0.212  0.017  0.042
        6  0.43311  -0.041 -0.043  0.030  0.032 -0.208  1.000 -0.064 -0.039 -0.001 -0.021 -0.025  0.001 -0.011
        7  0.71962   0.321  0.330 -0.239 -0.245 -0.591 -0.064  1.000  0.196 -0.354  0.054  0.077 -0.009  0.030
        8  0.94975   0.340  0.392 -0.253 -0.292 -0.389 -0.039  0.196  1.000  0.126  0.554  0.787  0.026  0.705
        9  0.44077   0.029  0.038 -0.022 -0.028  0.057 -0.001 -0.354  0.126  1.000  0.076  0.101  0.003  0.102
       10  0.96236   0.161  0.185 -0.119 -0.138 -0.181 -0.021  0.054  0.554  0.076  1.000  0.886 -0.702  0.431
       11  0.96138   0.182  0.216 -0.135 -0.161 -0.212 -0.025  0.077  0.787  0.101  0.886  1.000 -0.407  0.618
       12  0.87508  -0.014 -0.014  0.010  0.010  0.017  0.001 -0.009  0.026  0.003 -0.702 -0.407  1.000 -0.031
       13  0.86970  -0.131 -0.087  0.098  0.065  0.042 -0.011  0.030  0.705  0.102  0.431  0.618 -0.031  1.000
 **********
 **   18 **HESSE        6500
 **********
 COVARIANCE MATRIX CALCULATED SUCCESSFULLY
 FCN=-31190.2 FROM HESSE     STATUS=OK            137 CALLS        1914 TOTAL
                     EDM=0.000116819    STRATEGY= 1      ERROR MATRIX ACCURATE 
  EXT PARAMETER                                INTERNAL      INTERNAL  
  NO.   NAME      VALUE            ERROR       STEP SIZE       VALUE   
   1  NbkgMRS      7.33042e+02   7.36941e+01   5.96074e-04  -5.70927e-01
   2  NbkgPRS      6.47888e+02   7.45170e+01   1.24686e-04  -5.99406e-01
   3  NsigMRS      2.45700e+03   8.45735e+01   1.89336e-04   5.70957e-01
   4  NsigPRS      2.32518e+03   8.50067e+01   2.01417e-04   5.99460e-01
   5  am           8.78359e+00   1.55711e-01   8.04065e-05   1.07242e+00
   6  bm          -2.00000e+01   3.58547e-01   5.00000e-01  -1.56975e+00
   7  cm           1.07902e+00   2.73674e-01   1.24698e-05  -1.10728e+00
   8  coeffsig     8.52841e-01   7.41448e-02   2.32041e-04   7.83385e-01
   9  dm0          1.39550e+02   4.89581e-02   2.14879e-05  -4.49720e-02
  10  mean         1.45340e+02   5.92037e-02   3.44971e-05  -3.05704e-01
  11  sigma1       7.03281e-01   6.43336e-02   2.87709e-05  -1.03399e+00
  12  sigma2       8.49518e-01   3.19107e-02   2.66281e-05  -9.79280e-01
  13  sigma3       1.69981e+00   2.20865e-01   1.38332e-04  -7.20871e-01
                               ERR DEF= 0.5
 EXTERNAL ERROR MATRIX.    NDIM=  28    NPAR= 13    ERR DEF=0.5
 ELEMENTS ABOVE DIAGONAL ARE NOT PRINTED.
  5.436e+03 
  4.408e+03  5.560e+03 
 -4.704e+03 -4.409e+03  7.162e+03 
 -4.408e+03 -4.912e+03  4.409e+03  7.238e+03 
 -7.729e+00 -7.908e+00  7.731e+00  7.908e+00  2.425e-02 
 -1.606e-01 -1.646e-01  1.606e-01  1.646e-01  1.868e-04  7.928e-06 
  1.476e+01  1.510e+01 -1.476e+01 -1.510e+01 -2.944e-02 -5.943e-04  7.490e-02 
  3.734e+00  3.930e+00 -3.735e+00 -3.931e+00 -6.525e-03 -1.406e-04  1.250e-02  5.580e-03 
 -2.647e-02 -1.024e-02  2.646e-02  1.024e-02  5.050e-04  4.628e-06 -3.356e-03  2.462e-04  2.397e-03 
  1.838e+00  1.933e+00 -1.838e+00 -1.933e+00 -3.146e-03 -7.016e-05  5.823e-03  2.953e-03  1.566e-04  3.505e-03 
  2.217e+00  2.347e+00 -2.217e+00 -2.348e+00 -3.839e-03 -8.504e-05  7.202e-03  4.026e-03  2.227e-04  3.472e-03  4.140e-03 
 -1.094e-01 -1.125e-01  1.095e-01  1.125e-01  1.948e-04  4.085e-06 -3.612e-04 -5.713e-05  2.966e-06 -1.241e-03 -7.968e-04 
 -1.094e-01 -1.125e-01  1.095e-01  1.125e-01  1.948e-04  4.085e-06 -3.612e-04 -5.713e-05  2.966e-06 -1.241e-03 -7.968e-04  1.018e-03 
 -1.896e+00 -1.449e+00  1.897e+00  1.449e+00  1.812e-03  2.860e-05 -1.008e-03  8.264e-03  1.037e-03  5.083e-03  7.632e-03 
 -1.896e+00 -1.449e+00  1.897e+00  1.449e+00  1.812e-03  2.860e-05 -1.008e-03  8.264e-03  1.037e-03  5.083e-03  7.632e-03 -2.900e-04  4.884e-02 
 PARAMETER  CORRELATION COEFFICIENTS  
       NO.  GLOBAL      1      2      3      4      5      6      7      8      9     10     11     12     13
        1  0.89564   1.000  0.802 -0.754 -0.703 -0.673 -0.774  0.731  0.678 -0.007  0.421  0.467 -0.047 -0.116
        2  0.90721   0.802  1.000 -0.699 -0.774 -0.681 -0.784  0.740  0.706 -0.003  0.438  0.489 -0.047 -0.088
        3  0.78797  -0.754 -0.699  1.000  0.612  0.587  0.674 -0.637 -0.591  0.006 -0.367 -0.407  0.041  0.101
        4  0.80307  -0.703 -0.774  0.612  1.000  0.597  0.687 -0.649 -0.619  0.002 -0.384 -0.429  0.041  0.077
        5  0.86283  -0.673 -0.681  0.587  0.597  1.000  0.426 -0.691 -0.561  0.066 -0.341 -0.383  0.039  0.053
        6  0.92049  -0.774 -0.784  0.674  0.687  0.426  1.000 -0.771 -0.668  0.034 -0.421 -0.469  0.045  0.046
        7  0.89877   0.731  0.740 -0.637 -0.649 -0.691 -0.771  1.000  0.611 -0.250  0.359  0.409 -0.041 -0.017
        8  0.97426   0.678  0.706 -0.591 -0.619 -0.561 -0.668  0.611  1.000  0.067  0.668  0.838 -0.024  0.501
        9  0.44146  -0.007 -0.003  0.006  0.002  0.066  0.034 -0.250  0.067  1.000  0.054  0.071  0.002  0.096
       10  0.97097   0.421  0.438 -0.367 -0.384 -0.341 -0.421  0.359  0.668  0.054  1.000  0.911 -0.657  0.389
       11  0.97211   0.467  0.489 -0.407 -0.429 -0.383 -0.469  0.409  0.838  0.071  0.911  1.000 -0.388  0.537
       12  0.87877  -0.047 -0.047  0.041  0.041  0.039  0.045 -0.041 -0.024  0.002 -0.657 -0.388  1.000 -0.041
       13  0.87723  -0.116 -0.088  0.101  0.077  0.053  0.046 -0.017  0.501  0.096  0.389  0.537 -0.041  1.000
71 ; 1.5169 ; 1.09354
[#1] INFO:Plotting -- RooAbsPdf::plotOn(modelMRS) directly selected PDF components: (modelBkg)
[#1] INFO:Plotting -- RooAbsPdf::plotOn(modelMRS) indirectly selected PDF components: ()
[#1] INFO:NumericIntegration -- RooRealIntegral::init(modelBkg_Int[x]) using numeric integrator RooIntegrator1D to calculate Int(x)
[#1] INFO:Plotting -- RooAbsPdf::plotOn(modelMRS) directly selected PDF components: (modelSig)
[#1] INFO:Plotting -- RooAbsPdf::plotOn(modelMRS) indirectly selected PDF components: (sig_pdf1,sig_pdf2)
[#1] INFO:NumericIntegration -- RooRealIntegral::init(modelBkg_Int[x]) using numeric integrator RooIntegrator1D to calculate Int(x)
[#1] INFO:NumericIntegration -- RooRealIntegral::init(modelBkg_Int[x]) using numeric integrator RooIntegrator1D to calculate Int(x)
[#1] INFO:Plotting -- RooAbsPdf::plotOn(modelPRS) directly selected PDF components: (modelBkg)
[#1] INFO:Plotting -- RooAbsPdf::plotOn(modelPRS) indirectly selected PDF components: ()
[#1] INFO:NumericIntegration -- RooRealIntegral::init(modelBkg_Int[x]) using numeric integrator RooIntegrator1D to calculate Int(x)
[#1] INFO:Plotting -- RooAbsPdf::plotOn(modelPRS) directly selected PDF components: (modelSig)
[#1] INFO:Plotting -- RooAbsPdf::plotOn(modelPRS) indirectly selected PDF components: (sig_pdf1,sig_pdf2)
[#1] INFO:NumericIntegration -- RooRealIntegral::init(modelBkg_Int[x]) using numeric integrator RooIntegrator1D to calculate Int(x)
[#1] INFO:NumericIntegration -- RooRealIntegral::init(modelBkg_Int[x]) using numeric integrator RooIntegrator1D to calculate Int(x)
PRS chi2: 0.848561 ; MPS chi2: 1.01578
