   ------------------------------------------------------------------
  | Welcome to ROOT 6.24/08                        https://root.cern |
  | (c) 1995-2021, The ROOT Team; conception: R. Brun, F. Rademakers |
  | Built for linuxx8664gcc on Sep 29 2022, 13:04:57                 |
  | From tags/v6-24-08@v6-24-08                                      |
  | With c++ (GCC) 4.8.5 20150623 (Red Hat 4.8.5-44)                 |
  | Try '.help', '.demo', '.license', '.credits', '.quit'/'.q'       |
   ------------------------------------------------------------------


Processing full.C(2,3,"Down","2018")...

[1mRooFit v3.60 -- Developed by Wouter Verkerke and David Kirkby[0m 
                Copyright (C) 2000-2013 NIKHEF, University of California & Stanford University
                All rights reserved, please read http://roofit.sourceforge.net/license.txt

-------------------------
Set LHCb Style - May 2021
-------------------------
../fulltempt/PARAMs/FullMom_2_3.txt
../../../../selection/promptD/results/2018MagDownFullRS.root/DecayTree
[#0] WARNING:InputArguments -- The parameter 'sigma3' with range [0, 10] of the RooGaussian 'sig_pdf2' exceeds the safe range of (0, inf). Advise to limit its range.
[#0] ERROR:Integration --  RooNumIntFactory::Init : libRooFitMore cannot be loaded. GSL integrators will not beavailable ! 
[#1] INFO:NumericIntegration -- RooRealIntegral::init(modelBkg_Int[x]) using numeric integrator RooIntegrator1D to calculate Int(x)
[#1] INFO:NumericIntegration -- RooRealIntegral::init(modelBkg_Int[x]) using numeric integrator RooIntegrator1D to calculate Int(x)
[#1] INFO:NumericIntegration -- RooRealIntegral::init(modelBkg_Int[x]) using numeric integrator RooIntegrator1D to calculate Int(x)
[#1] INFO:NumericIntegration -- RooRealIntegral::init(modelBkg_Int[x]) using numeric integrator RooIntegrator1D to calculate Int(x)
[#1] INFO:Fitting -- RooAddition::defaultErrorLevel(nll) Summation contains a RooNLLVar, using its error level
 **********
 **   13 **MIGRAD        6500           1
 **********
 FIRST CALL TO USER FUNCTION AT NEW START POINT, WITH IFLAG=4.
 START MIGRAD MINIMIZATION.  STRATEGY  1.  CONVERGENCE WHEN EDM .LT. 1.00e-03
 FCN=-263470 FROM MIGRAD    STATUS=INITIATE      136 CALLS         137 TOTAL
                     EDM= unknown      STRATEGY= 1      NO ERROR MATRIX       
  EXT PARAMETER               CURRENT GUESS       STEP         FIRST   
  NO.   NAME      VALUE            ERROR          SIZE      DERIVATIVE 
   1  NbkgMRS      1.87880e+03   9.39400e+02   0.00000e+00  -4.59082e+02
   2  NbkgPRS      1.80600e+03   9.03000e+02   0.00000e+00  -4.19172e+02
   3  NsigMRS      1.69092e+04   9.39400e+02   0.00000e+00   5.09071e+01
   4  NsigPRS      1.62540e+04   9.03000e+02   0.00000e+00   4.64729e+01
   5  am           3.00000e+00   2.00000e+00   0.00000e+00  -9.17444e+02
   6  bm          -8.61531e+00   2.00000e+00   0.00000e+00  -6.67278e+02
   7  cm           2.00217e+00   7.50000e+00  -5.82890e-02   2.32070e+00
   8  coeffsig     3.00000e-01   1.00000e-01   0.00000e+00  -1.38042e+03
   9  dm0          1.39400e+02   2.00000e+00   0.00000e+00  -4.27336e+02
  10  mean         1.45500e+02   2.10000e+00   0.00000e+00   4.11941e+04
  11  sigma1       5.00000e-01   2.50000e-01   0.00000e+00  -1.53568e+03
  12  sigma2       5.00000e-01   2.50000e-01   0.00000e+00   3.89879e+03
  13  sigma3       1.10000e+00   5.50000e-01   0.00000e+00   7.57160e+03
                               ERR DEF= 0.5
 MIGRAD FAILS TO FIND IMPROVEMENT
 COVARIANCE MATRIX CALCULATED SUCCESSFULLY
 FCN=-264177 FROM HESSE     STATUS=OK            141 CALLS         894 TOTAL
                     EDM=0.740031    STRATEGY= 1      ERROR MATRIX ACCURATE 
  EXT PARAMETER                                   STEP         FIRST   
  NO.   NAME      VALUE            ERROR          SIZE      DERIVATIVE 
   1  NbkgMRS      1.66981e+03   9.25001e+01   3.39619e-03  -5.60797e+00
   2  NbkgPRS      1.61848e+03   8.89797e+01   3.46808e-03  -4.07615e+00
   3  NsigMRS      1.71159e+04   1.54631e+02   8.84225e-03  -1.58774e-01
   4  NsigPRS      1.64389e+04   1.50472e+02   8.97708e-03  -4.25595e-01
   5  am           5.36576e+00   7.50258e-01   1.26878e-02   5.21958e+00
   6  bm          -6.59071e+00   1.83595e+00   2.28771e-02   5.29700e+00
   7  cm           9.71217e-01   2.39540e-01   9.59097e-04   2.72183e+00
   8  coeffsig     8.00369e-01   1.12918e-02   4.15032e-03  -6.78534e+00
   9  dm0          1.39524e+02   8.84021e-03   2.67111e-04   1.23350e+02
  10  mean         1.45375e+02   1.20257e-02   1.63837e-04  -3.44190e+00
  11  sigma1       6.57100e-01   1.24837e-02   7.38887e-04  -4.30481e+01
  12  sigma2       6.96623e-01   9.99482e-03   7.11333e-04  -1.11310e+01
  13  sigma3       1.73681e+00   6.44202e-02   2.37498e-03   1.81571e+01
                               ERR DEF= 0.5
 MIGRAD MINIMIZATION HAS CONVERGED.
 FCN=-264181 FROM MIGRAD    STATUS=CONVERGED    1310 CALLS        1311 TOTAL
                     EDM=3.13622e-05    STRATEGY= 1  ERROR MATRIX UNCERTAINTY   1.7 per cent
  EXT PARAMETER                                   STEP         FIRST   
  NO.   NAME      VALUE            ERROR          SIZE      DERIVATIVE 
   1  NbkgMRS      1.89219e+03   9.55284e+01   2.48400e-05  -1.56909e-01
   2  NbkgPRS      1.83130e+03   9.21348e+01   2.67555e-05  -1.68626e-01
   3  NsigMRS      1.68961e+04   1.62205e+02  -2.96306e-05   2.19718e-02
   4  NsigPRS      1.62290e+04   1.57655e+02  -3.85304e-05   3.05787e-02
   5  am           8.63285e+00   6.00744e-01  -9.03600e-04  -2.33106e-01
   6  bm          -1.80233e+01   2.27213e+00   2.70573e-03  -1.20758e-01
   7  cm           1.69692e+00   3.09790e-01  -2.56432e-05  -1.86533e+00
   8  coeffsig     8.09136e-01   1.13040e-02  -7.16107e-05  -2.14955e-01
   9  dm0          1.39525e+02   4.61173e-03   2.26399e-06   1.56896e+01
  10  mean         1.45379e+02   1.20154e-02  -2.58413e-07  -4.76842e+00
  11  sigma1       6.59069e-01   1.24395e-02  -1.16481e-05   1.10229e+00
  12  sigma2       6.95537e-01   9.97487e-03  -2.31356e-06  -4.70873e-01
  13  sigma3       1.66644e+00   6.06653e-02  -7.51225e-05   4.47133e-01
                               ERR DEF= 0.5
 EXTERNAL ERROR MATRIX.    NDIM=  28    NPAR= 13    ERR DEF=0.5
 ELEMENTS ABOVE DIAGONAL ARE NOT PRINTED.
  9.127e+03 
  5.857e+03  8.490e+03 
 -7.234e+03 -5.839e+03  2.632e+04 
 -5.831e+03 -6.642e+03  5.780e+03  2.486e+04 
  2.228e+01  2.154e+01 -2.247e+01 -2.207e+01  3.626e-01 
 -1.206e+02 -1.165e+02  1.214e+02  1.179e+02 -1.349e+00  5.433e+00 
  1.458e+01  1.430e+01 -1.463e+01 -1.418e+01  1.332e-01 -6.043e-01  9.597e-02 
  2.588e-02  4.287e-02 -2.755e-02 -4.394e-02  1.634e-03 -6.529e-03  1.049e-03  1.278e-04 
  2.044e-03  3.298e-03 -6.137e-03 -1.343e-02 -4.211e-04  1.794e-03 -1.789e-04 -2.005e-06  2.127e-05 
 -2.149e-02 -1.864e-02  2.412e-02  2.354e-02  5.134e-04 -1.408e-03 -1.500e-05  2.914e-05  8.675e-07  1.444e-04 
 -1.461e-01 -1.273e-01  1.430e-01  1.213e-01  5.590e-04 -1.217e-03  1.841e-04  8.954e-05 -1.914e-06  1.127e-04  1.547e-04 
 -7.537e-02 -6.642e-02  7.401e-02  6.496e-02  4.436e-05 -5.995e-06  1.774e-04  4.314e-05 -6.190e-07 -7.801e-05 -2.029e-05 
 -7.537e-02 -6.642e-02  7.401e-02  6.496e-02  4.436e-05 -5.995e-06  1.774e-04  4.314e-05 -6.190e-07 -7.801e-05 -2.029e-05  9.950e-05 
 -3.061e+00 -2.837e+00  3.051e+00  2.836e+00 -1.286e-03  2.002e-02 -7.288e-04  4.561e-04 -1.493e-05  1.277e-04  3.946e-04 
 -3.061e+00 -2.837e+00  3.051e+00  2.836e+00 -1.286e-03  2.002e-02 -7.288e-04  4.561e-04 -1.493e-05  1.277e-04  3.946e-04  1.723e-04  3.681e-03 
 PARAMETER  CORRELATION COEFFICIENTS  
       NO.  GLOBAL      1      2      3      4      5      6      7      8      9     10     11     12     13
        1  0.82116   1.000  0.665 -0.467 -0.387  0.387 -0.542  0.493  0.024  0.005 -0.019 -0.123 -0.079 -0.528
        2  0.81324   0.665  1.000 -0.391 -0.457  0.388 -0.542  0.501  0.041  0.008 -0.017 -0.111 -0.072 -0.508
        3  0.49890  -0.467 -0.391  1.000  0.226 -0.230  0.321 -0.291 -0.015 -0.008  0.012  0.071  0.046  0.310
        4  0.49082  -0.387 -0.457  0.226  1.000 -0.232  0.321 -0.290 -0.025 -0.018  0.012  0.062  0.041  0.296
        5  0.99048   0.387  0.388 -0.230 -0.232  1.000 -0.961  0.714  0.240 -0.152  0.071  0.075  0.007 -0.035
        6  0.99483  -0.542 -0.542  0.321  0.321 -0.961  1.000 -0.837 -0.248  0.167 -0.050 -0.042 -0.000  0.142
        7  0.93607   0.493  0.501 -0.291 -0.290  0.714 -0.837  1.000  0.300 -0.125 -0.004  0.048  0.057 -0.039
        8  0.91283   0.024  0.041 -0.015 -0.025  0.240 -0.248  0.300  1.000 -0.038  0.214  0.637  0.383  0.665
        9  0.35009   0.005  0.008 -0.008 -0.018 -0.152  0.167 -0.125 -0.038  1.000  0.016 -0.033 -0.013 -0.053
       10  0.92674  -0.019 -0.017  0.012  0.012  0.071 -0.050 -0.004  0.214  0.016  1.000  0.754 -0.651  0.175
       11  0.91470  -0.123 -0.111  0.071  0.062  0.075 -0.042  0.048  0.637 -0.033  0.754  1.000 -0.164  0.523
       12  0.86164  -0.079 -0.072  0.046  0.041  0.007 -0.000  0.057  0.383 -0.013 -0.651 -0.164  1.000  0.285
       13  0.90903  -0.528 -0.508  0.310  0.296 -0.035  0.142 -0.039  0.665 -0.053  0.175  0.523  0.285  1.000
 **********
 **   18 **HESSE        6500
 **********
 COVARIANCE MATRIX CALCULATED SUCCESSFULLY
 FCN=-264181 FROM HESSE     STATUS=OK            155 CALLS        1466 TOTAL
                     EDM=3.89961    STRATEGY= 1      ERROR MATRIX ACCURATE 
  EXT PARAMETER                                INTERNAL      INTERNAL  
  NO.   NAME      VALUE            ERROR       STEP SIZE       VALUE   
   1  NbkgMRS      1.89219e+03   9.40471e+01   3.46818e-03  -9.24924e-01
   2  NbkgPRS      1.83130e+03   9.08919e+01   3.54434e-03  -9.22640e-01
   3  NsigMRS      1.68961e+04   1.54184e+02   8.34024e-03   9.24979e-01
   4  NsigPRS      1.62290e+04   1.50291e+02   8.48046e-03   9.22701e-01
   5  am           8.63285e+00   2.12797e-01   5.90192e-03   1.04174e+00
   6  bm          -1.80233e+01   8.55550e-01   1.46061e-02  -9.31182e-01
   7  cm           1.69692e+00   2.26800e-01   8.57014e-04  -1.09429e+00
   8  coeffsig     8.09136e-01   1.25329e-02   4.47115e-03   6.66543e-01
   9  dm0          1.39525e+02   1.41336e-02   6.42236e-04  -4.74993e-02
  10  mean         1.45379e+02   1.17443e-02   1.63818e-04  -3.01830e-01
  11  sigma1       6.59069e-01   1.25788e-02   7.41709e-04  -1.05154e+00
  12  sigma2       6.95537e-01   1.01302e-02   7.14848e-04  -1.03702e+00
  13  sigma3       1.66644e+00   6.55160e-02   2.50058e-03  -7.29790e-01
                               ERR DEF= 0.5
 EXTERNAL ERROR MATRIX.    NDIM=  28    NPAR= 13    ERR DEF=0.5
 ELEMENTS ABOVE DIAGONAL ARE NOT PRINTED.
  8.846e+03 
  5.454e+03  8.262e+03 
 -6.912e+03 -5.422e+03  2.378e+04 
 -5.421e+03 -6.391e+03  5.390e+03  2.259e+04 
 -2.599e+00 -2.502e+00  2.584e+00  2.488e+00  4.531e-02 
 -3.805e+01 -3.682e+01  3.781e+01  3.658e+01 -1.105e-01  7.370e-01 
  7.051e+00  7.036e+00 -6.999e+00 -6.985e+00  1.067e-03 -1.209e-01  5.144e-02 
 -5.394e-02 -2.944e-02  5.419e-02  2.979e-02  1.305e-04 -9.188e-04  4.023e-04  1.571e-04 
  7.444e-03  8.870e-03 -7.351e-03 -8.774e-03  5.824e-05  1.273e-04 -3.135e-04  7.905e-06  1.998e-04 
 -3.718e-02 -3.296e-02  3.705e-02  3.285e-02  1.036e-04  5.149e-05 -1.949e-04  2.934e-05  2.145e-06  1.379e-04 
 -1.903e-01 -1.681e-01  1.895e-01  1.674e-01  1.752e-04  4.538e-04 -7.288e-05  1.036e-04  4.921e-06  1.077e-04  1.582e-04 
 -8.853e-02 -7.801e-02  8.816e-02  7.768e-02  4.110e-05  1.517e-04  1.303e-04  5.542e-05  2.331e-06 -7.438e-05 -1.236e-05 
 -8.853e-02 -7.801e-02  8.816e-02  7.768e-02  4.110e-05  1.517e-04  1.303e-04  5.542e-05  2.331e-06 -7.438e-05 -1.236e-05  1.026e-04 
 -3.487e+00 -3.240e+00  3.470e+00  3.223e+00  1.958e-03  1.386e-02 -9.168e-04  5.624e-04  2.947e-05  1.266e-04  4.444e-04 
 -3.487e+00 -3.240e+00  3.470e+00  3.223e+00  1.958e-03  1.386e-02 -9.168e-04  5.624e-04  2.947e-05  1.266e-04  4.444e-04  2.147e-04  4.293e-03 
 PARAMETER  CORRELATION COEFFICIENTS  
       NO.  GLOBAL      1      2      3      4      5      6      7      8      9     10     11     12     13
        1  0.80927   1.000  0.638 -0.477 -0.383 -0.130 -0.471  0.331 -0.046  0.006 -0.034 -0.161 -0.093 -0.566
        2  0.80081   0.638  1.000 -0.387 -0.468 -0.129 -0.472  0.341 -0.026  0.007 -0.031 -0.147 -0.085 -0.544
        3  0.50773  -0.477 -0.387  1.000  0.233  0.079  0.286 -0.200  0.028 -0.003  0.020  0.098  0.056  0.343
        4  0.49925  -0.383 -0.468  0.233  1.000  0.078  0.283 -0.205  0.016 -0.004  0.019  0.089  0.051  0.327
        5  0.91894  -0.130 -0.129  0.079  0.078  1.000 -0.605  0.022  0.049  0.019  0.041  0.065  0.019  0.140
        6  0.95840  -0.471 -0.472  0.286  0.283 -0.605  1.000 -0.621 -0.085  0.010  0.005  0.042  0.017  0.246
        7  0.85850   0.331  0.341 -0.200 -0.205  0.022 -0.621  1.000  0.142 -0.098 -0.073 -0.026  0.057 -0.062
        8  0.91869  -0.046 -0.026  0.028  0.016  0.049 -0.085  0.142  1.000  0.045  0.199  0.657  0.436  0.685
        9  0.14885   0.006  0.007 -0.003 -0.004  0.019  0.010 -0.098  0.045  1.000  0.013  0.028  0.016  0.032
       10  0.91911  -0.034 -0.031  0.020  0.019  0.041  0.005 -0.073  0.199  0.013  1.000  0.729 -0.625  0.165
       11  0.91108  -0.161 -0.147  0.098  0.089  0.065  0.042 -0.026  0.657  0.028  0.729  1.000 -0.097  0.539
       12  0.86265  -0.093 -0.085  0.056  0.051  0.019  0.017  0.057  0.436  0.016 -0.625 -0.097  1.000  0.323
       13  0.91625  -0.566 -0.544  0.343  0.327  0.140  0.246 -0.062  0.685  0.032  0.165  0.539  0.323  1.000
71 ; 3.73597 ; 1.60011
[#1] INFO:Plotting -- RooAbsPdf::plotOn(modelMRS) directly selected PDF components: (modelBkg)
[#1] INFO:Plotting -- RooAbsPdf::plotOn(modelMRS) indirectly selected PDF components: ()
[#1] INFO:NumericIntegration -- RooRealIntegral::init(modelBkg_Int[x]) using numeric integrator RooIntegrator1D to calculate Int(x)
[#1] INFO:Plotting -- RooAbsPdf::plotOn(modelMRS) directly selected PDF components: (modelSig)
[#1] INFO:Plotting -- RooAbsPdf::plotOn(modelMRS) indirectly selected PDF components: (sig_pdf1,sig_pdf2)
[#1] INFO:NumericIntegration -- RooRealIntegral::init(modelBkg_Int[x]) using numeric integrator RooIntegrator1D to calculate Int(x)
[#1] INFO:NumericIntegration -- RooRealIntegral::init(modelBkg_Int[x]) using numeric integrator RooIntegrator1D to calculate Int(x)
[#1] INFO:Plotting -- RooAbsPdf::plotOn(modelPRS) directly selected PDF components: (modelBkg)
[#1] INFO:Plotting -- RooAbsPdf::plotOn(modelPRS) indirectly selected PDF components: ()
[#1] INFO:NumericIntegration -- RooRealIntegral::init(modelBkg_Int[x]) using numeric integrator RooIntegrator1D to calculate Int(x)
[#1] INFO:Plotting -- RooAbsPdf::plotOn(modelPRS) directly selected PDF components: (modelSig)
[#1] INFO:Plotting -- RooAbsPdf::plotOn(modelPRS) indirectly selected PDF components: (sig_pdf1,sig_pdf2)
[#1] INFO:NumericIntegration -- RooRealIntegral::init(modelBkg_Int[x]) using numeric integrator RooIntegrator1D to calculate Int(x)
[#1] INFO:NumericIntegration -- RooRealIntegral::init(modelBkg_Int[x]) using numeric integrator RooIntegrator1D to calculate Int(x)
PRS chi2: 1.13818 ; MPS chi2: 1.69002
