   ------------------------------------------------------------------
  | Welcome to ROOT 6.24/08                        https://root.cern |
  | (c) 1995-2021, The ROOT Team; conception: R. Brun, F. Rademakers |
  | Built for linuxx8664gcc on Sep 29 2022, 13:04:57                 |
  | From tags/v6-24-08@v6-24-08                                      |
  | With c++ (GCC) 4.8.5 20150623 (Red Hat 4.8.5-44)                 |
  | Try '.help', '.demo', '.license', '.credits', '.quit'/'.q'       |
   ------------------------------------------------------------------


Processing full.C(5,3,"Down","2016")...

[1mRooFit v3.60 -- Developed by Wouter Verkerke and David Kirkby[0m 
                Copyright (C) 2000-2013 NIKHEF, University of California & Stanford University
                All rights reserved, please read http://roofit.sourceforge.net/license.txt

-------------------------
Set LHCb Style - May 2021
-------------------------
../fulltempt/PARAMs/FullMom_5_3.txt
../../../../../selection/promptD/results/2016MagDownFullRS.root/DecayTree
[#0] WARNING:InputArguments -- The parameter 'sigma3' with range [0, 10] of the RooGaussian 'sig_pdf2' exceeds the safe range of (0, inf). Advise to limit its range.
[#0] ERROR:Integration --  RooNumIntFactory::Init : libRooFitMore cannot be loaded. GSL integrators will not beavailable ! 
[#1] INFO:NumericIntegration -- RooRealIntegral::init(modelBkg_default_Int[x]) using numeric integrator RooIntegrator1D to calculate Int(x)
[#1] INFO:NumericIntegration -- RooRealIntegral::init(modelBkg_default_Int[x]) using numeric integrator RooIntegrator1D to calculate Int(x)
[#1] INFO:Fitting -- RooAddition::defaultErrorLevel(nll_d) Summation contains a RooNLLVar, using its error level
 **********
 **   13 **MIGRAD        6500           1
 **********
 FIRST CALL TO USER FUNCTION AT NEW START POINT, WITH IFLAG=4.
 START MIGRAD MINIMIZATION.  STRATEGY  1.  CONVERGENCE WHEN EDM .LT. 1.00e-03
 FCN=-6608.9 FROM MIGRAD    STATUS=INITIATE      122 CALLS         123 TOTAL
                     EDM= unknown      STRATEGY= 1      NO ERROR MATRIX       
  EXT PARAMETER               CURRENT GUESS       STEP         FIRST   
  NO.   NAME      VALUE            ERROR          SIZE      DERIVATIVE 
   1  NbkgMRS_d    9.16000e+01   4.58000e+01   0.00000e+00  -2.57118e+02
   2  NbkgPRS_d    9.10000e+01   4.55000e+01   0.00000e+00  -3.11923e+02
   3  NsigMRS_d    8.24400e+02   4.58000e+01   0.00000e+00   2.85634e+01
   4  NsigPRS_d    8.19000e+02   4.55000e+01   0.00000e+00   3.46511e+01
   5  am           1.00000e+00   2.00000e+00   0.00000e+00   7.26687e-01
   6  bm          -5.11315e+00   5.00000e-01   0.00000e+00   2.52186e+00
   7  cm           4.00000e+00   7.00000e+00   0.00000e+00  -1.38288e+02
   8  coeffsig     4.00000e-01   1.00000e-01   0.00000e+00   1.34041e+02
   9  dm0          1.39466e+02   2.00000e+00   6.65152e-03   7.08840e-01
  10  mean         1.45500e+02   2.10000e+00   0.00000e+00  -1.36001e+03
  11  sigma1       5.00000e-01   2.50000e-01   0.00000e+00  -1.27896e+02
  12  sigma2       5.00000e-01   2.50000e-01   0.00000e+00  -2.85304e+02
  13  sigma3       1.10000e+00   5.50000e-01   0.00000e+00  -9.70073e+02
                               ERR DEF= 0.5
 MIGRAD FAILS TO FIND IMPROVEMENT
 COVARIANCE MATRIX CALCULATED SUCCESSFULLY
 FCN=-6782.59 FROM HESSE     STATUS=OK            147 CALLS        1200 TOTAL
                     EDM=0.000307813    STRATEGY= 1      ERROR MATRIX ACCURATE 
  EXT PARAMETER                                   STEP         FIRST   
  NO.   NAME      VALUE            ERROR          SIZE      DERIVATIVE 
   1  NbkgMRS_d    2.40964e+02   2.06912e+01   2.61101e-03  -2.79779e-02
   2  NbkgPRS_d    2.85561e+02   2.36910e+01   2.72232e-03   1.09084e-02
   3  NsigMRS_d    6.75018e+02   2.93381e+01   3.87455e-03  -6.07619e-04
   4  NsigPRS_d    6.24424e+02   2.99792e+01   3.62342e-03  -1.56712e-02
   5  am           2.62731e-01   4.79960e-01   6.27257e-04  -1.81756e-01
   6  bm          -6.65010e+00   4.71586e-01   6.11955e-04  -1.69076e-01
   7  cm           7.36871e+00   3.31458e+00   6.86761e-04  -1.87405e-01
   8  coeffsig     3.76975e-01   9.28123e-02   5.23631e-03  -2.91565e-02
   9  dm0          1.39515e+02   8.39619e-03   9.60152e-05   1.53860e+01
  10  mean         1.45802e+02   7.33006e-02   1.57799e-04   5.62129e-02
  11  sigma1       1.06225e+00   1.64880e-01   1.28671e-03   2.97440e-01
  12  sigma2       3.55375e-01   1.03709e-01   1.57428e-03   1.67610e-01
  13  sigma3       1.01132e+00   9.29770e-02   8.05580e-04   5.45217e-01
                               ERR DEF= 0.5
 MIGRAD MINIMIZATION HAS CONVERGED.
 FCN=-6782.59 FROM MIGRAD    STATUS=CONVERGED    1376 CALLS        1377 TOTAL
                     EDM=6.29913e-05    STRATEGY= 1  ERROR MATRIX UNCERTAINTY   1.6 per cent
  EXT PARAMETER                                   STEP         FIRST   
  NO.   NAME      VALUE            ERROR          SIZE      DERIVATIVE 
   1  NbkgMRS_d    2.40947e+02   1.95978e+01  -3.07456e-04   1.00835e-02
   2  NbkgPRS_d    2.85486e+02   2.21108e+01  -2.42610e-04  -3.83735e-03
   3  NsigMRS_d    6.75061e+02   2.85897e+01   2.42140e-04  -1.83487e-04
   4  NsigPRS_d    6.24521e+02   2.87562e+01   1.89035e-04   5.20386e-03
   5  am           2.66315e-01   4.15443e-01   9.16662e-05   1.82224e-01
   6  bm          -6.64515e+00   3.84743e-01   1.10269e-04   1.61606e-01
   7  cm           7.42292e+00   8.49943e-01   1.68868e-04   7.91573e-02
   8  coeffsig     3.76580e-01   9.19336e-02   1.23660e-03   1.21965e-02
   9  dm0          1.39515e+02   1.16316e-03   2.53985e-06  -1.11367e+02
  10  mean         1.45802e+02   7.22839e-02  -1.16658e-05  -3.90079e-02
  11  sigma1       1.06359e+00   1.56709e-01  -1.28820e-04  -1.03319e-01
  12  sigma2       3.54119e-01   1.02341e-01   6.16158e-04  -6.46373e-02
  13  sigma3       1.01029e+00   9.15981e-02   3.66730e-04  -1.90052e-01
                               ERR DEF= 0.5
 EXTERNAL ERROR MATRIX.    NDIM=  28    NPAR= 13    ERR DEF=0.5
 ELEMENTS ABOVE DIAGONAL ARE NOT PRINTED.
  3.844e+02 
  3.456e+01  4.893e+02 
 -1.434e+02 -3.475e+01  8.187e+02 
 -3.483e+01 -2.036e+02  3.495e+01  8.282e+02 
 -2.128e-01 -2.569e-01  2.051e-01  2.494e-01  1.727e-01 
  6.863e-02  9.560e-02 -7.096e-02 -9.724e-02 -1.567e-01  1.481e-01 
  5.106e-01  9.456e-01 -5.962e-01 -1.023e+00  3.311e-03  3.320e-02  7.225e-01 
 -7.512e-02 -1.465e-01  7.888e-02  1.500e-01  3.616e-04 -7.165e-05  5.719e-04  8.555e-03 
 -1.694e-03 -2.019e-03  1.632e-03  1.960e-03  3.696e-05  6.373e-05  6.089e-04  2.201e-06  1.353e-06 
 -9.343e-02 -1.108e-01  9.421e-02  1.115e-01  2.977e-04 -2.105e-04 -8.086e-04  3.048e-03  1.681e-06  5.225e-03 
 -7.198e-02  1.084e-03  7.040e-02 -2.588e-03  1.145e-03 -6.638e-04  5.096e-03 -2.112e-03  8.560e-06  6.809e-03  2.458e-02 
  1.765e-02 -4.937e-02 -1.434e-02  5.237e-02  1.418e-04  2.539e-04  2.502e-03  2.963e-03  1.849e-06 -4.231e-03 -1.026e-02 
  1.765e-02 -4.937e-02 -1.434e-02  5.237e-02  1.418e-04  2.539e-04  2.502e-03  2.963e-03  1.849e-06 -4.231e-03 -1.026e-02  1.048e-02 
 -2.110e-01 -3.738e-01  2.153e-01  3.778e-01  3.556e-04  9.833e-05 -2.402e-03  4.417e-03  2.794e-06 -1.207e-03 -1.077e-02 
 -2.110e-01 -3.738e-01  2.153e-01  3.778e-01  3.556e-04  9.833e-05 -2.402e-03  4.417e-03  2.794e-06 -1.207e-03 -1.077e-02  5.487e-03  8.393e-03 
 PARAMETER  CORRELATION COEFFICIENTS  
       NO.  GLOBAL      1      2      3      4      5      6      7      8      9     10     11     12     13
        1  0.32916   1.000  0.080 -0.256 -0.062 -0.026  0.009  0.031 -0.041 -0.074 -0.066 -0.023  0.009 -0.117
        2  0.40638   0.080  1.000 -0.055 -0.320 -0.028  0.011  0.050 -0.072 -0.078 -0.069  0.000 -0.022 -0.184
        3  0.27884  -0.256 -0.055  1.000  0.042  0.017 -0.006 -0.025  0.030  0.049  0.046  0.016 -0.005  0.082
        4  0.35505  -0.062 -0.320  0.042  1.000  0.021 -0.009 -0.042  0.056  0.059  0.054 -0.001  0.018  0.143
        5  1.00430  -0.026 -0.028  0.017  0.021  1.000 -0.980  0.009  0.009  0.076  0.010  0.018  0.003  0.009
        6  1.00424   0.009  0.011 -0.006 -0.009 -0.980  1.000  0.101 -0.002  0.142 -0.008 -0.011  0.006  0.003
        7  0.57066   0.031  0.050 -0.025 -0.042  0.009  0.101  1.000  0.007  0.616 -0.013  0.038  0.029 -0.031
        8  0.87584  -0.041 -0.072  0.030  0.056  0.009 -0.002  0.007  1.000  0.020  0.456 -0.146  0.313  0.521
        9  1.09082  -0.074 -0.078  0.049  0.059  0.076  0.142  0.616  0.020  1.000  0.020  0.047  0.016  0.026
       10  0.92103  -0.066 -0.069  0.046  0.054  0.010 -0.008 -0.013  0.456  0.020  1.000  0.601 -0.572 -0.182
       11  0.89774  -0.023  0.000  0.016 -0.001  0.018 -0.011  0.038 -0.146  0.047  0.601  1.000 -0.639 -0.750
       12  0.86672   0.009 -0.022 -0.005  0.018  0.003  0.006  0.029  0.313  0.016 -0.572 -0.639  1.000  0.585
       13  0.88736  -0.117 -0.184  0.082  0.143  0.009  0.003 -0.031  0.521  0.026 -0.182 -0.750  0.585  1.000
 **********
 **   18 **HESSE        6500
 **********
 COVARIANCE MATRIX CALCULATED SUCCESSFULLY
 FCN=-6782.59 FROM HESSE     STATUS=OK            151 CALLS        1528 TOTAL
                     EDM=0.000177819    STRATEGY= 1      ERROR MATRIX ACCURATE 
  EXT PARAMETER                                INTERNAL      INTERNAL  
  NO.   NAME      VALUE            ERROR       STEP SIZE       VALUE   
   1  NbkgMRS_d    2.40947e+02   2.07838e+01   2.61136e-03  -4.93731e-01
   2  NbkgPRS_d    2.85486e+02   2.38192e+01   2.72200e-03  -3.81763e-01
   3  NsigMRS_d    6.75061e+02   2.94036e+01   3.87457e-03   4.93752e-01
   4  NsigPRS_d    6.24521e+02   3.00850e+01   3.62436e-03   3.81781e-01
   5  am           2.66315e-01   4.86287e-01   6.24121e-04   2.66346e-02
   6  bm          -6.64515e+00   4.79202e-01   6.08490e-04   3.42120e-01
   7  cm           7.42292e+00   3.51610e+00   6.78167e-04  -9.86440e-01
   8  coeffsig     3.76580e-01   9.24526e-02   5.22186e-03  -2.49418e-01
   9  dm0          1.39515e+02   4.52128e-03   5.21199e-05  -4.85640e-02
  10  mean         1.45802e+02   7.31071e-02   1.57575e-04  -2.59863e-01
  11  sigma1       1.06359e+00   1.65461e-01   1.28700e-03  -9.06388e-01
  12  sigma2       3.54119e-01   1.03547e-01   1.57884e-03  -1.19218e+00
  13  sigma3       1.01029e+00   9.24298e-02   8.03388e-04  -9.23872e-01
                               ERR DEF= 0.5
 EXTERNAL ERROR MATRIX.    NDIM=  28    NPAR= 13    ERR DEF=0.5
 ELEMENTS ABOVE DIAGONAL ARE NOT PRINTED.
  4.323e+02 
  9.593e+01  5.680e+02 
 -1.910e+02 -9.579e+01  8.661e+02 
 -9.584e+01 -2.820e+02  9.571e+01  9.066e+02 
 -1.933e+00 -2.501e+00  1.930e+00  2.498e+00  2.367e-01 
 -1.911e+00 -2.472e+00  1.908e+00  2.469e+00 -7.941e-02  2.298e-01 
 -2.242e+01 -2.894e+01  2.238e+01  2.890e+01  8.865e-01  1.022e+00  1.238e+01 
 -1.288e-01 -2.065e-01  1.289e-01  2.067e-01  1.659e-03  1.636e-03  1.847e-02  8.653e-03 
  6.439e-04  8.382e-04 -6.427e-04 -8.371e-04 -2.896e-05 -2.794e-05 -3.079e-04 -5.738e-07  2.044e-05 
 -1.873e-01 -2.307e-01  1.871e-01  2.307e-01  3.713e-03  3.679e-03  4.462e-02  3.121e-03 -9.674e-07  5.345e-03 
 -4.423e-01 -4.831e-01  4.415e-01  4.822e-01  1.531e-02  1.522e-02  1.924e-01 -1.832e-03 -3.261e-06  7.439e-03  2.740e-02 
  7.940e-02  3.940e-02 -7.919e-02 -3.921e-02 -3.019e-03 -3.004e-03 -3.858e-02  3.054e-03  5.543e-07 -4.299e-03 -1.084e-02 
  7.940e-02  3.940e-02 -7.919e-02 -3.921e-02 -3.019e-03 -3.004e-03 -3.858e-02  3.054e-03  5.543e-07 -4.299e-03 -1.084e-02  1.073e-02 
 -2.063e-01 -3.559e-01  2.063e-01  3.561e-01 -7.782e-04 -8.087e-04 -1.624e-02  4.512e-03 -5.205e-07 -1.206e-03 -1.091e-02 
 -2.063e-01 -3.559e-01  2.063e-01  3.561e-01 -7.782e-04 -8.087e-04 -1.624e-02  4.512e-03 -5.205e-07 -1.206e-03 -1.091e-02  5.678e-03  8.546e-03 
 PARAMETER  CORRELATION COEFFICIENTS  
       NO.  GLOBAL      1      2      3      4      5      6      7      8      9     10     11     12     13
        1  0.45498   1.000  0.194 -0.312 -0.153 -0.191 -0.192 -0.306 -0.067  0.007 -0.123 -0.128  0.037 -0.107
        2  0.53000   0.194  1.000 -0.137 -0.393 -0.216 -0.216 -0.345 -0.093  0.008 -0.132 -0.122  0.016 -0.162
        3  0.35789  -0.312 -0.137  1.000  0.108  0.135  0.135  0.216  0.047 -0.005  0.087  0.091 -0.026  0.076
        4  0.44861  -0.153 -0.393  0.108  1.000  0.171  0.171  0.273  0.074 -0.006  0.105  0.097 -0.013  0.128
        5  0.97424  -0.191 -0.216  0.135  0.171  1.000 -0.340  0.518  0.037 -0.013  0.104  0.190 -0.060 -0.017
        6  0.97765  -0.192 -0.216  0.135  0.171 -0.340  1.000  0.606  0.037 -0.013  0.105  0.192 -0.060 -0.018
        7  0.98059  -0.306 -0.345  0.216  0.273  0.518  0.606  1.000  0.056 -0.019  0.173  0.330 -0.106 -0.050
        8  0.87796  -0.067 -0.093  0.047  0.074  0.037  0.037  0.056  1.000 -0.001  0.459 -0.119  0.317  0.525
        9  0.02726   0.007  0.008 -0.005 -0.006 -0.013 -0.013 -0.019 -0.001  1.000 -0.003 -0.004  0.001 -0.001
       10  0.92300  -0.123 -0.132  0.087  0.105  0.104  0.105  0.173  0.459 -0.003  1.000  0.615 -0.568 -0.178
       11  0.90695  -0.128 -0.122  0.091  0.097  0.190  0.192  0.330 -0.119 -0.004  0.615  1.000 -0.632 -0.713
       12  0.86931   0.037  0.016 -0.026 -0.013 -0.060 -0.060 -0.106  0.317  0.001 -0.568 -0.632  1.000  0.593
       13  0.88721  -0.107 -0.162  0.076  0.128 -0.017 -0.018 -0.050  0.525 -0.001 -0.178 -0.713  0.593  1.000
[#1] INFO:NumericIntegration -- RooRealIntegral::init(modelBkg_default_Int[x]) using numeric integrator RooIntegrator1D to calculate Int(x)
[#1] INFO:NumericIntegration -- RooRealIntegral::init(modelBkg_default_Int[x]) using numeric integrator RooIntegrator1D to calculate Int(x)
aaaa0 ; 0 ; 0
aaaa1 ; 0 ; 0
aaaa2 ; 0 ; 0
aaaa3 ; 0 ; 0
aaaa4 ; 0 ; 0
aaaa5 ; 0 ; 0
aaaa6 ; 1 ; 0
aaaa7 ; 0 ; 0
aaaa8 ; 0 ; 1
aaaa9 ; 0 ; 0
aaaa10 ; 1 ; 1
aaaa11 ; 2 ; 2
aaaa12 ; 1 ; 1
aaaa13 ; 4 ; 3
aaaa14 ; 2 ; 3
aaaa15 ; 2 ; 5
aaaa16 ; 4 ; 4
aaaa17 ; 3 ; 4
aaaa18 ; 6 ; 3
aaaa19 ; 8 ; 4
aaaa20 ; 7 ; 5
aaaa21 ; 10 ; 4
aaaa22 ; 7 ; 5
aaaa23 ; 25 ; 6
aaaa24 ; 20 ; 5
aaaa25 ; 32 ; 6
aaaa26 ; 46 ; 2
aaaa27 ; 66 ; 3
aaaa28 ; 49 ; 6
aaaa29 ; 81 ; 4
aaaa30 ; 65 ; 6
aaaa31 ; 68 ; 7
aaaa32 ; 56 ; 7
aaaa33 ; 51 ; 7
aaaa34 ; 41 ; 3
aaaa35 ; 29 ; 2
aaaa36 ; 22 ; 4
aaaa37 ; 17 ; 2
aaaa38 ; 13 ; 1
aaaa39 ; 9 ; 9
aaaa40 ; 9 ; 2
aaaa41 ; 10 ; 7
aaaa42 ; 9 ; 7
aaaa43 ; 6 ; 3
aaaa44 ; 8 ; 6
aaaa45 ; 5 ; 6
aaaa46 ; 6 ; 4
aaaa47 ; 8 ; 3
aaaa48 ; 6 ; 4
aaaa49 ; 6 ; 6
aaaa50 ; 7 ; 5
aaaa51 ; 3 ; 10
aaaa52 ; 5 ; 4
aaaa53 ; 4 ; 2
aaaa54 ; 4 ; 4
aaaa55 ; 6 ; 3
aaaa56 ; 4 ; 6
aaaa57 ; 5 ; 8
aaaa58 ; 1 ; 6
aaaa59 ; 6 ; 4
aaaa60 ; 4 ; 2
aaaa61 ; 1 ; 2
aaaa62 ; 2 ; 8
aaaa63 ; 2 ; 5
aaaa64 ; 2 ; 6
aaaa65 ; 4 ; 4
aaaa66 ; 3 ; 4
aaaa67 ; 4 ; 0
aaaa68 ; 2 ; 5
aaaa69 ; 2 ; 5
aaaa70 ; 3 ; 2
aaaa71 ; 1 ; 1
aaaa72 ; 1 ; 1
aaaa73 ; 1 ; 3
aaaa74 ; 2 ; 1
aaaa75 ; 3 ; 2
aaaa76 ; 2 ; 0
aaaa77 ; 2 ; 2
aaaa78 ; 0 ; 0
aaaa79 ; 0 ; 4
aaaa80 ; 1 ; 0
aaaa81 ; 1 ; 1
aaaa82 ; 0 ; 0
aaaa83 ; 1 ; 2
[#0] WARNING:Plotting -- RooHist::addBin(signal_hist_plot__x) WARNING: negative entry set to zero when Poisson error bars are requested
[#0] WARNING:Plotting -- RooHist::addBin(signal_hist_plot__x) WARNING: negative entry set to zero when Poisson error bars are requested
[#0] WARNING:Plotting -- RooHist::addBin(signal_hist_plot__x) WARNING: negative entry set to zero when Poisson error bars are requested
[#0] WARNING:Plotting -- RooHist::addBin(signal_hist_plot__x) WARNING: negative entry set to zero when Poisson error bars are requested
[#0] WARNING:Plotting -- RooHist::addBin(signal_hist_plot__x) WARNING: negative entry set to zero when Poisson error bars are requested
[#0] WARNING:Plotting -- RooHist::addBin(signal_hist_plot__x) WARNING: negative entry set to zero when Poisson error bars are requested
[#0] WARNING:Plotting -- RooHist::addBin(signal_hist_plot__x) WARNING: negative entry set to zero when Poisson error bars are requested
[#0] WARNING:Plotting -- RooHist::addBin(signal_hist_plot__x) WARNING: negative entry set to zero when Poisson error bars are requested
[#0] WARNING:Plotting -- RooHist::addBin(signal_hist_plot__x) WARNING: negative entry set to zero when Poisson error bars are requested
[#0] WARNING:Plotting -- RooHist::addBin(signal_hist_plot__x) WARNING: negative entry set to zero when Poisson error bars are requested
[#0] WARNING:Plotting -- RooHist::addBin(signal_hist_plot__x) WARNING: negative entry set to zero when Poisson error bars are requested
[#0] WARNING:Plotting -- RooHist::addBin(signal_hist_plot__x) WARNING: negative entry set to zero when Poisson error bars are requested
[#0] WARNING:Plotting -- RooHist::addBin(signal_hist_plot__x) WARNING: negative entry set to zero when Poisson error bars are requested
[#0] WARNING:Plotting -- RooHist::addBin(signal_hist_plot__x) WARNING: negative entry set to zero when Poisson error bars are requested
[#0] WARNING:Plotting -- RooHist::addBin(signal_hist_plot__x) WARNING: negative entry set to zero when Poisson error bars are requested
[#0] WARNING:Plotting -- RooHist::addBin(signal_hist_plot__x) WARNING: negative entry set to zero when Poisson error bars are requested
[#0] WARNING:Plotting -- RooHist::addBin(signal_hist_plot__x) WARNING: negative entry set to zero when Poisson error bars are requested
[#0] WARNING:Plotting -- RooHist::addBin(signal_hist_plot__x) WARNING: negative entry set to zero when Poisson error bars are requested
[#0] WARNING:Plotting -- RooHist::addBin(signal_hist_plot__x) WARNING: negative entry set to zero when Poisson error bars are requested
[#1] INFO:NumericIntegration -- RooRealIntegral::init(modelBkg_Int[x]) using numeric integrator RooIntegrator1D to calculate Int(x)
[#1] INFO:NumericIntegration -- RooRealIntegral::init(modelBkg_Int[x]) using numeric integrator RooIntegrator1D to calculate Int(x)
[#1] INFO:NumericIntegration -- RooRealIntegral::init(modelBkg_Int[x]) using numeric integrator RooIntegrator1D to calculate Int(x)
[#1] INFO:NumericIntegration -- RooRealIntegral::init(modelBkg_Int[x]) using numeric integrator RooIntegrator1D to calculate Int(x)
[#1] INFO:Fitting -- RooAddition::defaultErrorLevel(nll) Summation contains a RooNLLVar, using its error level
 **********
 **   13 **MIGRAD        4000           1
 **********
 FIRST CALL TO USER FUNCTION AT NEW START POINT, WITH IFLAG=4.
 START MIGRAD MINIMIZATION.  STRATEGY  1.  CONVERGENCE WHEN EDM .LT. 1.00e-03
 FCN=-6860.07 FROM MIGRAD    STATUS=INITIATE       26 CALLS          27 TOTAL
                     EDM= unknown      STRATEGY= 1      NO ERROR MATRIX       
  EXT PARAMETER               CURRENT GUESS       STEP         FIRST   
  NO.   NAME      VALUE            ERROR          SIZE      DERIVATIVE 
   1  NbkgMRS      2.40947e+02   2.00000e+01   2.01358e-01   8.08227e+00
   2  NbkgPRS      2.85486e+02   2.00000e+01   2.01358e-01   1.25813e+01
   3  NsigMRS      6.75061e+02   2.00000e+01   2.01358e-01  -2.88371e+00
   4  NsigPRS      6.24521e+02   2.00000e+01   2.01358e-01  -5.75026e+00
   5  am           2.66315e-01   4.86287e-01   4.86652e-02   3.18270e+01
   6  bm          -6.64515e+00   4.79202e-01   5.08985e-02   3.00802e+01
   7  cm           7.42292e+00   3.51610e+00   6.09996e-02   7.03053e+00
   8  dm0          1.39515e+02   4.52128e-03   4.52661e-04  -1.37466e+01
                               ERR DEF= 0.5
 MIGRAD FAILS TO FIND IMPROVEMENT
 MIGRAD MINIMIZATION HAS CONVERGED.
 MIGRAD WILL VERIFY CONVERGENCE AND ERROR MATRIX.
 COVARIANCE MATRIX CALCULATED SUCCESSFULLY
 FCN=-6870.22 FROM MIGRAD    STATUS=CONVERGED     331 CALLS         332 TOTAL
                     EDM=0.000190381    STRATEGY= 1      ERROR MATRIX ACCURATE 
  EXT PARAMETER                                   STEP         FIRST   
  NO.   NAME      VALUE            ERROR          SIZE      DERIVATIVE 
   1  NbkgMRS      2.07644e+02   1.88407e+01   1.09312e-02  -5.51680e-03
   2  NbkgPRS      2.13772e+02   2.00327e+01   1.54173e-02  -2.48213e-02
   3  NsigMRS      7.08301e+02   2.88537e+01   1.71258e-02  -5.72262e-03
   4  NsigPRS      6.96175e+02   2.89936e+01   2.30373e-02   2.25678e-03
   5  am           1.25856e-01   7.55860e-01   1.14468e-03   1.30890e-01
   6  bm          -6.74773e+00   7.19700e-01   1.15658e-03   1.00525e-01
   7  cm           4.83313e+00   1.49678e+00   1.49960e-03  -1.37230e-02
   8  dm0          1.39730e+02   9.55230e-02   5.16952e-04  -1.00057e+00
                               ERR DEF= 0.5
 EXTERNAL ERROR MATRIX.    NDIM=  25    NPAR=  8    ERR DEF=0.5
  3.598e+02  1.385e+01 -1.516e+02 -1.368e+01 -3.478e-01 -2.730e-01 -2.800e+00  1.094e-01 
  1.385e+01  4.129e+02 -1.379e+01 -1.977e+02 -3.884e-01 -3.055e-01 -3.091e+00  1.240e-01 
 -1.516e+02 -1.379e+01  8.599e+02  1.361e+01  3.463e-01  2.717e-01  2.786e+00 -1.089e-01 
 -1.368e+01 -1.977e+02  1.361e+01  8.941e+02  3.836e-01  3.017e-01  3.052e+00 -1.225e-01 
 -3.478e-01 -3.884e-01  3.463e-01  3.836e-01  5.724e-01 -5.222e-01 -1.045e-01 -2.983e-03 
 -2.730e-01 -3.055e-01  2.717e-01  3.017e-01 -5.222e-01  5.190e-01  8.722e-02 -2.273e-03 
 -2.800e+00 -3.091e+00  2.786e+00  3.052e+00 -1.045e-01  8.722e-02  2.241e+00 -3.990e-02 
  1.094e-01  1.240e-01 -1.089e-01 -1.225e-01 -2.983e-03 -2.273e-03 -3.990e-02  9.125e-03 
 PARAMETER  CORRELATION COEFFICIENTS  
       NO.  GLOBAL      1      2      3      4      5      6      7      8
        1  0.31330   1.000  0.036 -0.273 -0.024 -0.024 -0.020 -0.099  0.060
        2  0.35924   0.036  1.000 -0.023 -0.325 -0.025 -0.021 -0.102  0.064
        3  0.28150  -0.273 -0.023  1.000  0.016  0.016  0.013  0.063 -0.039
        4  0.33239  -0.024 -0.325  0.016  1.000  0.017  0.014  0.068 -0.043
        5  0.96381  -0.024 -0.025  0.016  0.017  1.000 -0.958 -0.092 -0.041
        6  0.96348  -0.020 -0.021  0.013  0.014 -0.958  1.000  0.081 -0.033
        7  0.34931  -0.099 -0.102  0.063  0.068 -0.092  0.081  1.000 -0.279
        8  0.38840   0.060  0.064 -0.039 -0.043 -0.041 -0.033 -0.279  1.000
 **********
 **   18 **HESSE        4000
 **********
[#0] WARNING:Minization -- RooMinuitGlue: Minimized function has error status.
Returning maximum FCN so far (-6859.92) to force MIGRAD to back out of this region. Error log follows
Parameter values: NbkgMRS=207.644, NbkgPRS=213.772, NsigMRS=708.301, NsigPRS=696.175, am=0.125856, bm=-6.74773, cm=4.83313, dm0=139.94
RooAddition::nll[ nll_modelPRS_dataPRS + nll_modelMRS_dataMRS ]
     function value is NAN @ !set=(nll_modelPRS_dataPRS = -3394.9,nll_modelMRS_dataMRS = -nan)
RooNLLVar::nll_modelMRS_dataMRS[ paramSet=(NbkgMRS,NsigMRS,am,bm,cm,dm0) ]
     function value is NAN @ paramSet=(NbkgMRS = 207.644 +/- 18.8407,NsigMRS = 708.301 +/- 28.8537,am = 0.125856 +/- 0.75586,bm = -6.74773 +/- 0.7197,cm = 4.83313 +/- 1.49678,dm0 = 139.94 +/- 0.095523)
RooAddPdf::modelMRS[ NsigMRS * modelSig + NbkgMRS * modelBkg ]
     getLogVal() top-level p.d.f evaluates to zero @ !refCoefNorm=(), !pdfs=(modelSig = 0/625,modelBkg = 0/5.70076), !coefficients=(NsigMRS = 708.301 +/- 28.8537,NbkgMRS = 207.644 +/- 18.8407)

[#0] WARNING:Minization -- RooMinuitGlue: Minimized function has error status.
Returning maximum FCN so far (-6859.92) to force MIGRAD to back out of this region. Error log follows
Parameter values: NbkgMRS=207.644, NbkgPRS=213.772, NsigMRS=708.301, NsigPRS=696.175, am=0.125856, bm=-6.74773, cm=4.83313, dm0=139.916
RooAddition::nll[ nll_modelPRS_dataPRS + nll_modelMRS_dataMRS ]
     function value is NAN @ !set=(nll_modelPRS_dataPRS = -3394.91,nll_modelMRS_dataMRS = -nan)
RooNLLVar::nll_modelMRS_dataMRS[ paramSet=(NbkgMRS,NsigMRS,am,bm,cm,dm0) ]
     function value is NAN @ paramSet=(NbkgMRS = 207.644 +/- 18.8407,NsigMRS = 708.301 +/- 28.8537,am = 0.125856 +/- 0.75586,bm = -6.74773 +/- 0.7197,cm = 4.83313 +/- 1.49678,dm0 = 139.916 +/- 0.095523)
RooAddPdf::modelMRS[ NsigMRS * modelSig + NbkgMRS * modelBkg ]
     getLogVal() top-level p.d.f evaluates to zero @ !refCoefNorm=(), !pdfs=(modelSig = 0/625,modelBkg = 0/5.70106), !coefficients=(NsigMRS = 708.301 +/- 28.8537,NbkgMRS = 207.644 +/- 18.8407)

[#0] WARNING:Minization -- RooMinuitGlue: Minimized function has error status.
Returning maximum FCN so far (-6859.92) to force MIGRAD to back out of this region. Error log follows
Parameter values: NbkgMRS=207.85, NbkgPRS=213.772, NsigMRS=708.301, NsigPRS=696.175, am=0.125856, bm=-6.74773, cm=4.83313, dm0=139.916
RooAddition::nll[ nll_modelPRS_dataPRS + nll_modelMRS_dataMRS ]
     function value is NAN @ !set=(nll_modelPRS_dataPRS = -3394.91,nll_modelMRS_dataMRS = -nan)
RooNLLVar::nll_modelMRS_dataMRS[ paramSet=(NbkgMRS,NsigMRS,am,bm,cm,dm0) ]
     function value is NAN @ paramSet=(NbkgMRS = 207.85 +/- 18.8407,NsigMRS = 708.301 +/- 28.8537,am = 0.125856 +/- 0.75586,bm = -6.74773 +/- 0.7197,cm = 4.83313 +/- 1.49678,dm0 = 139.916 +/- 0.095523)
RooAddPdf::modelMRS[ NsigMRS * modelSig + NbkgMRS * modelBkg ]
     getLogVal() top-level p.d.f evaluates to zero @ !refCoefNorm=(), !pdfs=(modelSig = 0/625,modelBkg = 0/5.70106), !coefficients=(NsigMRS = 708.301 +/- 28.8537,NbkgMRS = 207.85 +/- 18.8407)

[#0] WARNING:Minization -- RooMinuitGlue: Minimized function has error status.
Returning maximum FCN so far (-6859.92) to force MIGRAD to back out of this region. Error log follows
Parameter values: NbkgMRS=207.644, NbkgPRS=213.815, NsigMRS=708.301, NsigPRS=696.175, am=0.125856, bm=-6.74773, cm=4.83313, dm0=139.916
RooAddition::nll[ nll_modelPRS_dataPRS + nll_modelMRS_dataMRS ]
     function value is NAN @ !set=(nll_modelPRS_dataPRS = -3394.91,nll_modelMRS_dataMRS = -nan)
RooNLLVar::nll_modelMRS_dataMRS[ paramSet=(NbkgMRS,NsigMRS,am,bm,cm,dm0) ]
     function value is NAN @ paramSet=(NbkgMRS = 207.644 +/- 18.8407,NsigMRS = 708.301 +/- 28.8537,am = 0.125856 +/- 0.75586,bm = -6.74773 +/- 0.7197,cm = 4.83313 +/- 1.49678,dm0 = 139.916 +/- 0.095523)
RooAddPdf::modelMRS[ NsigMRS * modelSig + NbkgMRS * modelBkg ]
     getLogVal() top-level p.d.f evaluates to zero @ !refCoefNorm=(), !pdfs=(modelSig = 0/625,modelBkg = 0/5.70106), !coefficients=(NsigMRS = 708.301 +/- 28.8537,NbkgMRS = 207.644 +/- 18.8407)

[#0] WARNING:Minization -- RooMinuitGlue: Minimized function has error status.
Returning maximum FCN so far (-6859.92) to force MIGRAD to back out of this region. Error log follows
Parameter values: NbkgMRS=207.644, NbkgPRS=213.772, NsigMRS=708.365, NsigPRS=696.175, am=0.125856, bm=-6.74773, cm=4.83313, dm0=139.916
RooAddition::nll[ nll_modelPRS_dataPRS + nll_modelMRS_dataMRS ]
     function value is NAN @ !set=(nll_modelPRS_dataPRS = -3394.91,nll_modelMRS_dataMRS = -nan)
RooNLLVar::nll_modelMRS_dataMRS[ paramSet=(NbkgMRS,NsigMRS,am,bm,cm,dm0) ]
     function value is NAN @ paramSet=(NbkgMRS = 207.644 +/- 18.8407,NsigMRS = 708.365 +/- 28.8537,am = 0.125856 +/- 0.75586,bm = -6.74773 +/- 0.7197,cm = 4.83313 +/- 1.49678,dm0 = 139.916 +/- 0.095523)
RooAddPdf::modelMRS[ NsigMRS * modelSig + NbkgMRS * modelBkg ]
     getLogVal() top-level p.d.f evaluates to zero @ !refCoefNorm=(), !pdfs=(modelSig = 0/625,modelBkg = 0/5.70106), !coefficients=(NsigMRS = 708.365 +/- 28.8537,NbkgMRS = 207.644 +/- 18.8407)

[#0] WARNING:Minization -- RooMinuitGlue: Minimized function has error status.
Returning maximum FCN so far (-6859.92) to force MIGRAD to back out of this region. Error log follows
Parameter values: NbkgMRS=207.644, NbkgPRS=213.772, NsigMRS=708.301, NsigPRS=696.239, am=0.125856, bm=-6.74773, cm=4.83313, dm0=139.916
RooAddition::nll[ nll_modelPRS_dataPRS + nll_modelMRS_dataMRS ]
     function value is NAN @ !set=(nll_modelPRS_dataPRS = -3394.91,nll_modelMRS_dataMRS = -nan)
RooNLLVar::nll_modelMRS_dataMRS[ paramSet=(NbkgMRS,NsigMRS,am,bm,cm,dm0) ]
     function value is NAN @ paramSet=(NbkgMRS = 207.644 +/- 18.8407,NsigMRS = 708.301 +/- 28.8537,am = 0.125856 +/- 0.75586,bm = -6.74773 +/- 0.7197,cm = 4.83313 +/- 1.49678,dm0 = 139.916 +/- 0.095523)
RooAddPdf::modelMRS[ NsigMRS * modelSig + NbkgMRS * modelBkg ]
     getLogVal() top-level p.d.f evaluates to zero @ !refCoefNorm=(), !pdfs=(modelSig = 0/625,modelBkg = 0/5.70106), !coefficients=(NsigMRS = 708.301 +/- 28.8537,NbkgMRS = 207.644 +/- 18.8407)

[#0] WARNING:Minization -- RooMinuitGlue: Minimized function has error status.
Returning maximum FCN so far (-6859.92) to force MIGRAD to back out of this region. Error log follows
Parameter values: NbkgMRS=207.644, NbkgPRS=213.772, NsigMRS=708.301, NsigPRS=696.175, am=0.126313, bm=-6.74773, cm=4.83313, dm0=139.916
RooAddition::nll[ nll_modelPRS_dataPRS + nll_modelMRS_dataMRS ]
     function value is NAN @ !set=(nll_modelPRS_dataPRS = -3394.91,nll_modelMRS_dataMRS = -nan)
RooNLLVar::nll_modelMRS_dataMRS[ paramSet=(NbkgMRS,NsigMRS,am,bm,cm,dm0) ]
     function value is NAN @ paramSet=(NbkgMRS = 207.644 +/- 18.8407,NsigMRS = 708.301 +/- 28.8537,am = 0.126313 +/- 0.75586,bm = -6.74773 +/- 0.7197,cm = 4.83313 +/- 1.49678,dm0 = 139.916 +/- 0.095523)
RooAddPdf::modelMRS[ NsigMRS * modelSig + NbkgMRS * modelBkg ]
     getLogVal() top-level p.d.f evaluates to zero @ !refCoefNorm=(), !pdfs=(modelSig = 0/625,modelBkg = 0/5.70157), !coefficients=(NsigMRS = 708.301 +/- 28.8537,NbkgMRS = 207.644 +/- 18.8407)

[#0] WARNING:Minization -- RooMinuitGlue: Minimized function has error status.
Returning maximum FCN so far (-6859.92) to force MIGRAD to back out of this region. Error log follows
Parameter values: NbkgMRS=207.644, NbkgPRS=213.772, NsigMRS=708.301, NsigPRS=696.175, am=0.125856, bm=-6.7473, cm=4.83313, dm0=139.916
RooAddition::nll[ nll_modelPRS_dataPRS + nll_modelMRS_dataMRS ]
     function value is NAN @ !set=(nll_modelPRS_dataPRS = -3394.91,nll_modelMRS_dataMRS = -nan)
RooNLLVar::nll_modelMRS_dataMRS[ paramSet=(NbkgMRS,NsigMRS,am,bm,cm,dm0) ]
     function value is NAN @ paramSet=(NbkgMRS = 207.644 +/- 18.8407,NsigMRS = 708.301 +/- 28.8537,am = 0.125856 +/- 0.75586,bm = -6.7473 +/- 0.7197,cm = 4.83313 +/- 1.49678,dm0 = 139.916 +/- 0.095523)
RooAddPdf::modelMRS[ NsigMRS * modelSig + NbkgMRS * modelBkg ]
     getLogVal() top-level p.d.f evaluates to zero @ !refCoefNorm=(), !pdfs=(modelSig = 0/625,modelBkg = 0/5.70163), !coefficients=(NsigMRS = 708.301 +/- 28.8537,NbkgMRS = 207.644 +/- 18.8407)

[#0] WARNING:Minization -- RooMinuitGlue: Minimized function has error status.
Returning maximum FCN so far (-6859.92) to force MIGRAD to back out of this region. Error log follows
Parameter values: NbkgMRS=207.644, NbkgPRS=213.772, NsigMRS=708.301, NsigPRS=696.175, am=0.125856, bm=-6.74773, cm=4.83635, dm0=139.916
RooAddition::nll[ nll_modelPRS_dataPRS + nll_modelMRS_dataMRS ]
     function value is NAN @ !set=(nll_modelPRS_dataPRS = -3394.91,nll_modelMRS_dataMRS = -nan)
RooNLLVar::nll_modelMRS_dataMRS[ paramSet=(NbkgMRS,NsigMRS,am,bm,cm,dm0) ]
     function value is NAN @ paramSet=(NbkgMRS = 207.644 +/- 18.8407,NsigMRS = 708.301 +/- 28.8537,am = 0.125856 +/- 0.75586,bm = -6.74773 +/- 0.7197,cm = 4.83635 +/- 1.49678,dm0 = 139.916 +/- 0.095523)
RooAddPdf::modelMRS[ NsigMRS * modelSig + NbkgMRS * modelBkg ]
     getLogVal() top-level p.d.f evaluates to zero @ !refCoefNorm=(), !pdfs=(modelSig = 0/625,modelBkg = 0/5.69812), !coefficients=(NsigMRS = 708.301 +/- 28.8537,NbkgMRS = 207.644 +/- 18.8407)

 COVARIANCE MATRIX CALCULATED SUCCESSFULLY
 FCN=-6870.22 FROM HESSE     STATUS=OK             71 CALLS         403 TOTAL
                     EDM=0.000240373    STRATEGY= 1      ERROR MATRIX ACCURATE 
  EXT PARAMETER                                INTERNAL      INTERNAL  
  NO.   NAME      VALUE            ERROR       STEP SIZE       VALUE   
   1  NbkgMRS      2.07644e+02   1.88123e+01   2.18624e-03  -3.39517e-01
   2  NbkgPRS      2.13772e+02   2.00048e+01   6.16693e-04  -7.99701e-01
   3  NsigMRS      7.08301e+02   2.88414e+01   6.85031e-04   3.38841e-01
   4  NsigPRS      6.96175e+02   2.89923e+01   9.21493e-04   7.98825e-01
   5  am           1.25856e-01   3.81738e+00   4.57870e-05   1.25859e-02
   6  bm          -6.74773e+00   3.63323e+00   4.62633e-05   3.31251e-01
   7  cm           4.83313e+00   1.61168e+00   5.99841e-05  -1.03279e+00
   8  dm0          1.39730e+02   5.33982e-02   1.85891e-02  -2.69573e-02
                               ERR DEF= 0.5
 EXTERNAL ERROR MATRIX.    NDIM=  25    NPAR=  8    ERR DEF=0.5
  3.587e+02  1.236e+01 -1.510e+02 -1.235e+01 -5.235e-01 -3.095e-02 -2.352e+00  1.224e-03 
  1.236e+01  4.117e+02 -1.235e+01 -1.976e+02 -5.766e-01 -3.993e-02 -2.573e+00 -2.238e-03 
 -1.510e+02 -1.235e+01  8.591e+02  1.234e+01  5.233e-01  3.083e-02  2.351e+00 -6.141e-04 
 -1.235e+01 -1.976e+02  1.234e+01  8.940e+02  5.755e-01  4.048e-02  2.571e+00  2.042e-03 
 -5.235e-01 -5.766e-01  5.233e-01  5.755e-01  1.534e+01 -1.459e+01 -2.893e+00  6.872e-04 
 -3.095e-02 -3.993e-02  3.083e-02  4.048e-02 -1.459e+01  1.391e+01  2.717e+00 -6.424e-04 
 -2.352e+00 -2.573e+00  2.351e+00  2.571e+00 -2.893e+00  2.717e+00  2.598e+00 -1.156e-04 
  1.224e-03 -2.238e-03 -6.141e-04  2.042e-03  6.872e-04 -6.424e-04 -1.156e-04  2.851e-03 
 PARAMETER  CORRELATION COEFFICIENTS  
       NO.  GLOBAL      1      2      3      4      5      6      7      8
        1  0.30893   1.000  0.032 -0.272 -0.022 -0.007 -0.000 -0.077  0.001
        2  0.35582   0.032  1.000 -0.021 -0.326 -0.007 -0.001 -0.079 -0.002
        3  0.28017  -0.272 -0.021  1.000  0.014  0.005  0.000  0.050 -0.000
        4  0.33225  -0.022 -0.326  0.014  1.000  0.005  0.000  0.053  0.001
        5  0.99867  -0.007 -0.007  0.005  0.005  1.000 -0.999 -0.458  0.003
        6  0.99866  -0.000 -0.001  0.000  0.000 -0.999  1.000  0.452 -0.003
        7  0.49193  -0.077 -0.079  0.050  0.053 -0.458  0.452  1.000 -0.001
        8  0.00423   0.001 -0.002 -0.000  0.001  0.003 -0.003 -0.001  1.000
76 ; 0.429883 ; 1.96972
[#1] INFO:Plotting -- RooAbsPdf::plotOn(modelMRS) directly selected PDF components: (modelBkg)
[#1] INFO:Plotting -- RooAbsPdf::plotOn(modelMRS) indirectly selected PDF components: ()
[#1] INFO:NumericIntegration -- RooRealIntegral::init(modelBkg_Int[x]) using numeric integrator RooIntegrator1D to calculate Int(x)
[#1] INFO:Plotting -- RooAbsPdf::plotOn(modelMRS) directly selected PDF components: (modelSig)
[#1] INFO:Plotting -- RooAbsPdf::plotOn(modelMRS) indirectly selected PDF components: ()
[#1] INFO:NumericIntegration -- RooRealIntegral::init(modelBkg_Int[x]) using numeric integrator RooIntegrator1D to calculate Int(x)
[#1] INFO:NumericIntegration -- RooRealIntegral::init(modelBkg_Int[x]) using numeric integrator RooIntegrator1D to calculate Int(x)
[#1] INFO:Plotting -- RooAbsPdf::plotOn(modelPRS) directly selected PDF components: (modelBkg)
[#1] INFO:Plotting -- RooAbsPdf::plotOn(modelPRS) indirectly selected PDF components: ()
[#1] INFO:NumericIntegration -- RooRealIntegral::init(modelBkg_Int[x]) using numeric integrator RooIntegrator1D to calculate Int(x)
[#1] INFO:Plotting -- RooAbsPdf::plotOn(modelPRS) directly selected PDF components: (modelSig)
[#1] INFO:Plotting -- RooAbsPdf::plotOn(modelPRS) indirectly selected PDF components: ()
[#1] INFO:NumericIntegration -- RooRealIntegral::init(modelBkg_Int[x]) using numeric integrator RooIntegrator1D to calculate Int(x)
[#1] INFO:NumericIntegration -- RooRealIntegral::init(modelBkg_Int[x]) using numeric integrator RooIntegrator1D to calculate Int(x)
PRS chi2: 0.329911 ; MPS chi2: 1.64228
