   ------------------------------------------------------------------
  | Welcome to ROOT 6.24/08                        https://root.cern |
  | (c) 1995-2021, The ROOT Team; conception: R. Brun, F. Rademakers |
  | Built for linuxx8664gcc on Sep 29 2022, 13:04:57                 |
  | From tags/v6-24-08@v6-24-08                                      |
  | With c++ (GCC) 4.8.5 20150623 (Red Hat 4.8.5-44)                 |
  | Try '.help', '.demo', '.license', '.credits', '.quit'/'.q'       |
   ------------------------------------------------------------------


Processing full.C(1,4,"Up","2018")...

[1mRooFit v3.60 -- Developed by Wouter Verkerke and David Kirkby[0m 
                Copyright (C) 2000-2013 NIKHEF, University of California & Stanford University
                All rights reserved, please read http://roofit.sourceforge.net/license.txt

-------------------------
Set LHCb Style - May 2021
-------------------------
../fulltempt/PARAMs/FullMom_1_4.txt
[#0] WARNING:InputArguments -- The parameter 'sigma3' with range [0, 10] of the RooGaussian 'sig_pdf2' exceeds the safe range of (0, inf). Advise to limit its range.
[#0] ERROR:Integration --  RooNumIntFactory::Init : libRooFitMore cannot be loaded. GSL integrators will not beavailable ! 
[#1] INFO:Fitting -- RooAddition::defaultErrorLevel(nll) Summation contains a RooNLLVar, using its error level
 **********
 **   13 **MIGRAD        4500           1
 **********
 FIRST CALL TO USER FUNCTION AT NEW START POINT, WITH IFLAG=4.
 START MIGRAD MINIMIZATION.  STRATEGY  1.  CONVERGENCE WHEN EDM .LT. 1.00e-03
 FCN=-28475.3 FROM MIGRAD    STATUS=INITIATE       63 CALLS          64 TOTAL
                     EDM= unknown      STRATEGY= 1      NO ERROR MATRIX       
  EXT PARAMETER               CURRENT GUESS       STEP         FIRST   
  NO.   NAME      VALUE            ERROR          SIZE      DERIVATIVE 
   1  NbkgMRS      6.04600e+02   3.02300e+02   0.00000e+00  -2.98016e+02
   2  NbkgPRS      5.78600e+02   2.89300e+02   0.00000e+00  -3.36821e+02
   3  NsigMRS      2.41840e+03   3.02300e+02   0.00000e+00   7.44950e+01
   4  NsigPRS      2.31440e+03   2.89300e+02   0.00000e+00   8.41958e+01
   5  coeffsig     3.80370e-01   5.00000e-02   6.85692e-01   4.38872e+00
   6  mean         1.45500e+02   2.10000e+00   0.00000e+00   5.47186e+02
   7  sigma1       5.00000e-01   2.50000e-01   0.00000e+00  -5.97527e+01
   8  sigma2       5.00000e-01   2.50000e-01   0.00000e+00  -4.75777e+01
   9  sigma3       1.10000e+00   5.50000e-01   0.00000e+00  -5.10357e+02
                               ERR DEF= 0.5
 MIGRAD MINIMIZATION HAS CONVERGED.
 FCN=-28621.4 FROM MIGRAD    STATUS=CONVERGED     437 CALLS         438 TOTAL
                     EDM=5.53076e-07    STRATEGY= 1  ERROR MATRIX UNCERTAINTY   3.3 per cent
  EXT PARAMETER                                   STEP         FIRST   
  NO.   NAME      VALUE            ERROR          SIZE      DERIVATIVE 
   1  NbkgMRS      5.80851e+02   3.44591e+01   1.61694e-04  -2.67229e-02
   2  NbkgPRS      5.96423e+02   3.45209e+01   4.09069e-06  -1.03360e-02
   3  NsigMRS      2.44215e+03   5.84375e+01   1.38330e-05  -2.76456e-03
   4  NsigPRS      2.29656e+03   5.37846e+01   4.53248e-04  -1.35771e-02
   5  coeffsig     7.64505e-01   1.52920e-02   8.77479e-05   2.79662e-03
   6  mean         1.45422e+02   3.24956e-02  -1.51069e-05  -1.19860e-01
   7  sigma1       6.48079e-01   2.74720e-02  -4.75673e-05   7.71686e-03
   8  sigma2       7.50418e-01   2.55732e-02   5.44721e-05  -6.04301e-02
   9  sigma3       2.96476e+00   1.61083e-01   2.36042e-04  -1.47965e-02
                               ERR DEF= 0.5
 EXTERNAL ERROR MATRIX.    NDIM=  25    NPAR=  9    ERR DEF=0.5
  1.188e+03  2.430e+02 -6.100e+02 -2.376e+02  1.265e-01 -1.937e-02 -2.411e-02  2.122e-02 -1.566e+00 
  2.430e+02  1.192e+03 -3.143e+02 -5.423e+02  1.141e-01 -1.849e-02 -2.201e-02  1.265e-02 -1.589e+00 
 -6.100e+02 -3.143e+02  3.418e+03  6.723e+01 -1.154e-01 -3.503e-02 -4.312e-03  4.201e-02  1.941e+00 
 -2.376e+02 -5.423e+02  6.723e+01  2.895e+03 -1.207e-01 -1.757e-02 -1.104e-02 -3.547e-03  1.253e+00 
  1.265e-01  1.141e-01 -1.154e-01 -1.207e-01  2.339e-04  5.612e-05  1.594e-04  8.284e-05  8.265e-04 
 -1.937e-02 -1.849e-02 -3.503e-02 -1.757e-02  5.612e-05  1.056e-03  6.968e-04 -6.183e-04  7.397e-04 
 -2.411e-02 -2.201e-02 -4.312e-03 -1.104e-02  1.594e-04  6.968e-04  7.547e-04 -2.907e-04  1.419e-03 
  2.122e-02  1.265e-02  4.201e-02 -3.547e-03  8.284e-05 -6.183e-04 -2.907e-04  6.540e-04  3.759e-04 
 -1.566e+00 -1.589e+00  1.941e+00  1.253e+00  8.265e-04  7.397e-04  1.419e-03  3.759e-04  2.596e-02 
 PARAMETER  CORRELATION COEFFICIENTS  
       NO.  GLOBAL      1      2      3      4      5      6      7      8      9
        1  0.49170   1.000  0.204 -0.303 -0.128  0.240 -0.017 -0.025  0.024 -0.282
        2  0.48035   0.204  1.000 -0.156 -0.292  0.216 -0.016 -0.023  0.014 -0.286
        3  0.36111  -0.303 -0.156  1.000  0.021 -0.129 -0.018 -0.003  0.028  0.206
        4  0.33178  -0.128 -0.292  0.021  1.000 -0.147 -0.010 -0.007 -0.003  0.145
        5  0.69490   0.240  0.216 -0.129 -0.147  1.000  0.113  0.379  0.212  0.335
        6  0.90738  -0.017 -0.016 -0.018 -0.010  0.113  1.000  0.781 -0.744  0.141
        7  0.85171  -0.025 -0.023 -0.003 -0.007  0.379  0.781  1.000 -0.414  0.321
        8  0.81835   0.024  0.014  0.028 -0.003  0.212 -0.744 -0.414  1.000  0.091
        9  0.62898  -0.282 -0.286  0.206  0.145  0.335  0.141  0.321  0.091  1.000
 **********
 **   18 **HESSE        4500
 **********
 COVARIANCE MATRIX CALCULATED SUCCESSFULLY
 FCN=-28621.4 FROM HESSE     STATUS=OK             89 CALLS         527 TOTAL
                     EDM=7.53972e-07    STRATEGY= 1      ERROR MATRIX ACCURATE 
  EXT PARAMETER                                INTERNAL      INTERNAL  
  NO.   NAME      VALUE            ERROR       STEP SIZE       VALUE   
   1  NbkgMRS      5.80851e+02   3.42759e+01   2.92466e-03  -6.63289e-01
   2  NbkgPRS      5.96423e+02   3.38905e+01   2.98336e-03  -6.28187e-01
   3  NsigMRS      2.44215e+03   5.50709e+01   5.06028e-03   6.63287e-01
   4  NsigPRS      2.29656e+03   5.33457e+01   5.00090e-03   6.28173e-01
   5  coeffsig     7.64505e-01   1.51943e-02   3.02379e-03   5.57433e-01
   6  mean         1.45422e+02   3.34186e-02   1.56862e-04  -2.97470e-01
   7  sigma1       6.48079e-01   2.80521e-02   6.74426e-04  -1.05598e+00
   8  sigma2       7.50418e-01   2.58290e-02   6.47623e-04  -1.01583e+00
   9  sigma3       2.96476e+00   1.58222e-01   3.19449e-03  -4.19221e-01
                               ERR DEF= 0.5
 EXTERNAL ERROR MATRIX.    NDIM=  25    NPAR=  9    ERR DEF=0.5
  1.175e+03  2.262e+02 -5.927e+02 -2.260e+02  1.308e-01 -1.890e-02 -1.488e-02  2.180e-02 -1.464e+00 
  2.262e+02  1.149e+03 -2.259e+02 -5.510e+02  1.212e-01 -1.164e-02 -1.145e-02  1.324e-02 -1.379e+00 
 -5.927e+02 -2.259e+02  3.035e+03  2.256e+02 -1.305e-01  1.895e-02  1.493e-02 -2.178e-02  1.464e+00 
 -2.260e+02 -5.510e+02  2.256e+02  2.848e+03 -1.210e-01  1.169e-02  1.149e-02 -1.325e-02  1.378e+00 
  1.308e-01  1.212e-01 -1.305e-01 -1.210e-01  2.310e-04  6.070e-05  1.551e-04  7.660e-05  7.874e-04 
 -1.890e-02 -1.164e-02  1.895e-02  1.169e-02  6.070e-05  1.117e-03  7.522e-04 -6.523e-04  8.839e-04 
 -1.488e-02 -1.145e-02  1.493e-02  1.149e-02  1.551e-04  7.522e-04  7.870e-04 -3.285e-04  1.444e-03 
  2.180e-02  1.324e-02 -2.178e-02 -1.325e-02  7.660e-05 -6.523e-04 -3.285e-04  6.672e-04  2.441e-04 
 -1.464e+00 -1.379e+00  1.464e+00  1.378e+00  7.874e-04  8.839e-04  1.444e-03  2.441e-04  2.504e-02 
 PARAMETER  CORRELATION COEFFICIENTS  
       NO.  GLOBAL      1      2      3      4      5      6      7      8      9
        1  0.49322   1.000  0.195 -0.314 -0.124  0.251 -0.016 -0.015  0.025 -0.270
        2  0.47158   0.195  1.000 -0.121 -0.305  0.235 -0.010 -0.012  0.015 -0.257
        3  0.35068  -0.314 -0.121  1.000  0.077 -0.156  0.010  0.010 -0.015  0.168
        4  0.34260  -0.124 -0.305  0.077  1.000 -0.149  0.007  0.008 -0.010  0.163
        5  0.69129   0.251  0.235 -0.156 -0.149  1.000  0.120  0.364  0.195  0.327
        6  0.91506  -0.016 -0.010  0.010  0.007  0.120  1.000  0.802 -0.756  0.167
        7  0.86219  -0.015 -0.012  0.010  0.008  0.364  0.802  1.000 -0.453  0.325
        8  0.82480   0.025  0.015 -0.015 -0.010  0.195 -0.756 -0.453  1.000  0.060
        9  0.61350  -0.270 -0.257  0.168  0.163  0.327  0.167  0.325  0.060  1.000
75 ; 1.75029 ; 1.34615
[#1] INFO:Plotting -- RooAbsPdf::plotOn(modelMRS) directly selected PDF components: (modelBkg)
[#1] INFO:Plotting -- RooAbsPdf::plotOn(modelMRS) indirectly selected PDF components: ()
[#1] INFO:Plotting -- RooAbsPdf::plotOn(modelMRS) directly selected PDF components: (modelSig)
[#1] INFO:Plotting -- RooAbsPdf::plotOn(modelMRS) indirectly selected PDF components: (sig_pdf1,sig_pdf2)
[#1] INFO:Plotting -- RooAbsPdf::plotOn(modelPRS) directly selected PDF components: (modelBkg)
[#1] INFO:Plotting -- RooAbsPdf::plotOn(modelPRS) indirectly selected PDF components: ()
[#1] INFO:Plotting -- RooAbsPdf::plotOn(modelPRS) directly selected PDF components: (modelSig)
[#1] INFO:Plotting -- RooAbsPdf::plotOn(modelPRS) indirectly selected PDF components: (sig_pdf1,sig_pdf2)
PRS chi2: 1.61017 ; MPS chi2: 1.17582
