   ------------------------------------------------------------------
  | Welcome to ROOT 6.24/08                        https://root.cern |
  | (c) 1995-2021, The ROOT Team; conception: R. Brun, F. Rademakers |
  | Built for linuxx8664gcc on Sep 29 2022, 13:04:57                 |
  | From tags/v6-24-08@v6-24-08                                      |
  | With c++ (GCC) 4.8.5 20150623 (Red Hat 4.8.5-44)                 |
  | Try '.help', '.demo', '.license', '.credits', '.quit'/'.q'       |
   ------------------------------------------------------------------


Processing full.C(4,3,"Up","2016")...

[1mRooFit v3.60 -- Developed by Wouter Verkerke and David Kirkby[0m 
                Copyright (C) 2000-2013 NIKHEF, University of California & Stanford University
                All rights reserved, please read http://roofit.sourceforge.net/license.txt

-------------------------
Set LHCb Style - May 2021
-------------------------
../fulltempt/PARAMs/FullMom_4_3.txt
../../../../selection/promptD/results/2016MagUpFullRS.root/DecayTree
[#0] WARNING:InputArguments -- The parameter 'sigma3' with range [0, 10] of the RooGaussian 'sig_pdf2' exceeds the safe range of (0, inf). Advise to limit its range.
[#0] ERROR:Integration --  RooNumIntFactory::Init : libRooFitMore cannot be loaded. GSL integrators will not beavailable ! 
[#1] INFO:NumericIntegration -- RooRealIntegral::init(modelBkg_Int[x]) using numeric integrator RooIntegrator1D to calculate Int(x)
[#1] INFO:NumericIntegration -- RooRealIntegral::init(modelBkg_Int[x]) using numeric integrator RooIntegrator1D to calculate Int(x)
[#1] INFO:NumericIntegration -- RooRealIntegral::init(modelBkg_Int[x]) using numeric integrator RooIntegrator1D to calculate Int(x)
[#1] INFO:NumericIntegration -- RooRealIntegral::init(modelBkg_Int[x]) using numeric integrator RooIntegrator1D to calculate Int(x)
[#1] INFO:Fitting -- RooAddition::defaultErrorLevel(nll) Summation contains a RooNLLVar, using its error level
 **********
 **   13 **MIGRAD        6000           1
 **********
 FIRST CALL TO USER FUNCTION AT NEW START POINT, WITH IFLAG=4.
 START MIGRAD MINIMIZATION.  STRATEGY  1.  CONVERGENCE WHEN EDM .LT. 1.00e-03
 FCN=-39798.8 FROM MIGRAD    STATUS=INITIATE       98 CALLS          99 TOTAL
                     EDM= unknown      STRATEGY= 1      NO ERROR MATRIX       
  EXT PARAMETER               CURRENT GUESS       STEP         FIRST   
  NO.   NAME      VALUE            ERROR          SIZE      DERIVATIVE 
   1  NbkgMRS      3.52000e+02   1.76000e+02   0.00000e+00   1.89597e+02
   2  NbkgPRS      3.57300e+02   1.78650e+02   0.00000e+00   1.62963e+02
   3  NsigMRS      3.16800e+03   1.76000e+02   0.00000e+00  -2.10789e+01
   4  NsigPRS      3.21570e+03   1.78650e+02   0.00000e+00  -1.81196e+01
   5  am           4.55941e-02   2.00000e+00  -1.25810e-01  -2.14604e+03
   6  bm          -3.00000e+00   1.50000e+00   0.00000e+00  -3.87504e+03
   7  cm           3.60000e+01   2.10000e+01   0.00000e+00   2.95375e+03
   8  coeffsig     7.00000e-01   1.00000e-01   0.00000e+00   7.34245e+01
   9  mean         1.45500e+02   2.10000e+00   0.00000e+00  -7.62523e+03
  10  sigma1       6.00000e-01   3.00000e-01   0.00000e+00   4.09752e+02
  11  sigma2       6.00000e-01   3.00000e-01   0.00000e+00  -1.77415e+03
  12  sigma3       1.40000e+00   7.00000e-01   0.00000e+00   2.66927e+02
                               ERR DEF= 0.5
 MIGRAD MINIMIZATION HAS CONVERGED.
 FCN=-39886.3 FROM MIGRAD    STATUS=CONVERGED     503 CALLS         504 TOTAL
                     EDM=9.18104e-05    STRATEGY= 1  ERROR MATRIX UNCERTAINTY   4.6 per cent
  EXT PARAMETER                                   STEP         FIRST   
  NO.   NAME      VALUE            ERROR          SIZE      DERIVATIVE 
   1  NbkgMRS      2.04004e+02   2.04930e+01  -3.18651e-04  -2.10638e-01
   2  NbkgPRS      2.14717e+02   2.22068e+01   3.76652e-05  -2.70633e-01
   3  NsigMRS      3.31561e+03   5.71519e+01   1.89594e-03  -1.01555e-01
   4  NsigPRS      3.35867e+03   5.79911e+01  -1.33230e-03   9.62587e-02
   5  am           9.22988e-02   1.96827e-02  -2.06907e-06  -2.04750e+00
   6  bm          -2.98207e+00   7.31915e-03  -2.04843e-06  -8.62442e-01
   7  cm           3.57169e+01   1.14374e-01   3.14740e-06  -1.95614e-01
   8  coeffsig     8.05988e-01   3.61471e-02  -7.57951e-04   1.43483e-01
   9  mean         1.45543e+02   3.93519e-02  -1.71469e-05   2.88064e-01
  10  sigma1       6.78724e-01   2.39964e-02  -2.29994e-04  -1.19199e+00
  11  sigma2       7.57259e-01   4.53777e-02  -9.73864e-05  -6.35712e-01
  12  sigma3       1.63620e+00   1.14030e-01  -2.44822e-04  -1.98653e-01
                               ERR DEF= 0.5
 EXTERNAL ERROR MATRIX.    NDIM=  28    NPAR= 12    ERR DEF=0.5
 ELEMENTS ABOVE DIAGONAL ARE NOT PRINTED.
  4.200e+02 
  8.436e+01  4.933e+02 
 -2.501e+02 -1.356e+02  3.272e+03 
 -8.559e+01 -2.369e+02  2.983e+02  3.368e+03 
 -1.188e-01 -1.504e-01  6.624e-02  1.702e-01  3.874e-04 
 -4.353e-02 -5.602e-02  2.152e-02  6.794e-02  1.152e-04  5.357e-05 
  6.756e-01  8.756e-01 -3.148e-01 -1.091e+00 -1.790e-03 -6.571e-04  1.308e-02 
 -2.573e-02 -5.183e-02  3.108e-03  1.653e-01  1.010e-05  4.316e-06 -6.687e-05  1.310e-03 
 -3.162e-02 -2.841e-02 -2.886e-02  4.324e-03 -2.128e-05 -2.853e-06  7.842e-06 -8.179e-04  1.549e-03 
 -4.608e-02 -6.173e-02 -3.766e-02  1.298e-01 -6.184e-06  2.043e-06 -6.075e-05  7.071e-05  6.328e-04  5.758e-04 
 -4.596e-03 -2.376e-02 -3.290e-03  1.089e-01  2.209e-05  4.968e-06 -5.130e-05  1.324e-03 -1.577e-03 -3.875e-04  2.059e-03 
 -4.990e-01 -7.056e-01  4.583e-01  1.148e+00  3.724e-04  1.417e-04 -2.223e-03  3.546e-03 -2.008e-03  2.981e-04  3.365e-03 
 -4.990e-01 -7.056e-01  4.583e-01  1.148e+00  3.724e-04  1.417e-04 -2.223e-03  3.546e-03 -2.008e-03  2.981e-04  3.365e-03  1.301e-02 
 PARAMETER  CORRELATION COEFFICIENTS  
       NO.  GLOBAL      1      2      3      4      5      6      7      8      9     10     11     12
        1  0.46392   1.000  0.185 -0.213 -0.072 -0.294 -0.290  0.288 -0.035 -0.039 -0.094 -0.005 -0.213
        2  0.52270   0.185  1.000 -0.107 -0.184 -0.344 -0.345  0.345 -0.064 -0.033 -0.116 -0.024 -0.279
        3  0.25167  -0.213 -0.107  1.000  0.090  0.059  0.051 -0.048  0.002 -0.013 -0.027 -0.001  0.070
        4  0.28188  -0.072 -0.184  0.090  1.000  0.149  0.160 -0.164  0.079  0.002  0.093  0.041  0.173
        5  0.84652  -0.294 -0.344  0.059  0.149  1.000  0.800 -0.795  0.014 -0.027 -0.013  0.025  0.166
        6  0.83883  -0.290 -0.345  0.051  0.160  0.800  1.000 -0.785  0.016 -0.010  0.012  0.015  0.170
        7  0.83536   0.288  0.345 -0.048 -0.164 -0.795 -0.785  1.000 -0.016  0.002 -0.022 -0.010 -0.170
        8  0.95219  -0.035 -0.064  0.002  0.079  0.014  0.016 -0.016  1.000 -0.574  0.081  0.806  0.859
        9  0.96229  -0.039 -0.033 -0.013  0.002 -0.027 -0.010  0.002 -0.574  1.000  0.670 -0.883 -0.447
       10  0.88691  -0.094 -0.116 -0.027  0.093 -0.013  0.012 -0.022  0.081  0.670  1.000 -0.356  0.109
       11  0.95847  -0.005 -0.024 -0.001  0.041  0.025  0.015 -0.010  0.806 -0.883 -0.356  1.000  0.650
       12  0.90619  -0.213 -0.279  0.070  0.173  0.166  0.170 -0.170  0.859 -0.447  0.109  0.650  1.000
 **********
 **   18 **HESSE        6000
 **********
 EIGENVALUES OF SECOND-DERIVATIVE MATRIX:
        -3.5111e-02  3.2308e-02  9.0291e-02  9.8631e-02  4.2536e-01  8.5882e-01  8.6373e-01  1.0821e+00  1.1414e+00  2.0936e+00  2.2255e+00  3.1233e+00
 MINUIT WARNING IN HESSE   
 ============== MATRIX FORCED POS-DEF BY ADDING 0.038234 TO DIAGONAL.
 FCN=-39886.3 FROM HESSE     STATUS=NOT POSDEF    127 CALLS         631 TOTAL
                     EDM=0.012192    STRATEGY= 1      ERR MATRIX NOT POS-DEF
  EXT PARAMETER                APPROXIMATE     INTERNAL      INTERNAL  
  NO.   NAME      VALUE            ERROR       STEP SIZE       VALUE   
   1  NbkgMRS      2.04004e+02   2.07239e+01   3.13355e-03  -1.08454e+00
   2  NbkgPRS      2.14717e+02   2.24540e+01   3.17272e-03  -1.07546e+00
   3  NsigMRS      3.31561e+03   5.83801e+01   9.71203e-03   1.08408e+00
   4  NsigPRS      3.35867e+03   5.93167e+01   9.59801e-03   1.07592e+00
   5  am           9.22988e-02   3.81043e-01   6.61824e-04   9.23001e-03
   6  bm          -2.98207e+00   1.54623e-01   3.96363e-04   7.77911e-01
   7  cm           3.57169e+01   4.84534e+00   5.35421e-04  -5.99950e-01
   8  coeffsig     8.05988e-01   2.59372e-02   3.93644e-03   6.58556e-01
   9  mean         1.45543e+02   2.77392e-02   1.48006e-04  -2.85471e-01
  10  sigma1       6.78724e-01   2.07684e-02   6.19012e-04  -1.04367e+00
  11  sigma2       7.57259e-01   3.04331e-02   6.82629e-04  -1.01324e+00
  12  sigma3       1.63620e+00   9.01458e-02   1.86616e-03  -7.37933e-01
                               ERR DEF= 0.5
 EXTERNAL ERROR MATRIX.    NDIM=  28    NPAR= 12    ERR DEF=0.5
 ELEMENTS ABOVE DIAGONAL ARE NOT PRINTED.
  4.296e+02 
  1.063e+02  5.043e+02 
 -2.244e+02 -1.037e+02  3.414e+03 
 -1.039e+02 -2.874e+02  1.014e+02  3.524e+03 
 -1.177e+00 -1.438e+00  1.147e+00  1.405e+00  1.453e-01 
 -4.635e-01 -5.661e-01  4.518e-01  5.528e-01  5.130e-02  2.391e-02 
 -1.279e+01 -1.569e+01  1.246e+01  1.532e+01  1.785e+00  7.215e-01  2.350e+01 
  5.958e-04 -1.694e-03 -3.850e-04  1.865e-03 -8.197e-05 -3.127e-05 -9.410e-04  6.737e-04 
 -4.023e-02 -3.979e-02  3.926e-02  3.887e-02  1.662e-04  6.682e-05  1.649e-03 -2.590e-04  7.695e-04 
 -3.503e-02 -3.691e-02  3.425e-02  3.613e-02  1.694e-04  6.766e-05  1.751e-03  1.421e-04  3.726e-04  4.313e-04 
  1.515e-02  1.251e-02 -1.473e-02 -1.215e-02 -7.443e-05 -2.958e-05 -7.537e-04  5.413e-04 -6.673e-04 -1.469e-04  9.262e-04 
 -4.692e-01 -5.835e-01  4.588e-01  5.713e-01  3.183e-03  1.260e-03  3.432e-02  1.765e-03 -5.288e-04  4.565e-04  1.247e-03 
 -4.692e-01 -5.835e-01  4.588e-01  5.713e-01  3.183e-03  1.260e-03  3.432e-02  1.765e-03 -5.288e-04  4.565e-04  1.247e-03  8.128e-03 
ERR MATRIX NOT POS-DEF
 PARAMETER  CORRELATION COEFFICIENTS  
       NO.  GLOBAL      1      2      3      4      5      6      7      8      9     10     11     12
        1  0.46629   1.000  0.228 -0.185 -0.084 -0.149 -0.145 -0.127  0.001 -0.070 -0.081  0.024 -0.251
        2  0.52072   0.228  1.000 -0.079 -0.216 -0.168 -0.163 -0.144 -0.003 -0.064 -0.079  0.018 -0.288
        3  0.20240  -0.185 -0.079  1.000  0.029  0.052  0.050  0.044 -0.000  0.024  0.028 -0.008  0.087
        4  0.23376  -0.084 -0.216  0.029  1.000  0.062  0.060  0.053  0.001  0.024  0.029 -0.007  0.107
        5  0.99235  -0.149 -0.168  0.052  0.062  1.000  0.870  0.966 -0.008  0.016  0.021 -0.006  0.093
        6  0.99154  -0.145 -0.163  0.050  0.060  0.870  1.000  0.963 -0.008  0.016  0.021 -0.006  0.090
        7  0.99768  -0.127 -0.144  0.044  0.053  0.966  0.963  1.000 -0.007  0.012  0.017 -0.005  0.079
        8  0.90440   0.001 -0.003 -0.000  0.001 -0.008 -0.008 -0.007  1.000 -0.360  0.264  0.685  0.754
        9  0.92398  -0.070 -0.064  0.024  0.024  0.016  0.016  0.012 -0.360  1.000  0.647 -0.790 -0.211
       10  0.84580  -0.081 -0.079  0.028  0.029  0.021  0.021  0.017  0.264  0.647  1.000 -0.232  0.244
       11  0.90645   0.024  0.018 -0.008 -0.007 -0.006 -0.006 -0.005  0.685 -0.790 -0.232  1.000  0.455
       12  0.83906  -0.251 -0.288  0.087  0.107  0.093  0.090  0.079  0.754 -0.211  0.244  0.455  1.000
 ERR MATRIX NOT POS-DEF
72 ; 1.10975 ; 2.44751
[#1] INFO:Plotting -- RooAbsPdf::plotOn(modelMRS) directly selected PDF components: (modelBkg)
[#1] INFO:Plotting -- RooAbsPdf::plotOn(modelMRS) indirectly selected PDF components: ()
[#1] INFO:NumericIntegration -- RooRealIntegral::init(modelBkg_Int[x]) using numeric integrator RooIntegrator1D to calculate Int(x)
[#1] INFO:Plotting -- RooAbsPdf::plotOn(modelMRS) directly selected PDF components: (modelSig)
[#1] INFO:Plotting -- RooAbsPdf::plotOn(modelMRS) indirectly selected PDF components: (sig_pdf1,sig_pdf2)
[#1] INFO:NumericIntegration -- RooRealIntegral::init(modelBkg_Int[x]) using numeric integrator RooIntegrator1D to calculate Int(x)
[#1] INFO:NumericIntegration -- RooRealIntegral::init(modelBkg_Int[x]) using numeric integrator RooIntegrator1D to calculate Int(x)
[#1] INFO:Plotting -- RooAbsPdf::plotOn(modelPRS) directly selected PDF components: (modelBkg)
[#1] INFO:Plotting -- RooAbsPdf::plotOn(modelPRS) indirectly selected PDF components: ()
[#1] INFO:NumericIntegration -- RooRealIntegral::init(modelBkg_Int[x]) using numeric integrator RooIntegrator1D to calculate Int(x)
[#1] INFO:Plotting -- RooAbsPdf::plotOn(modelPRS) directly selected PDF components: (modelSig)
[#1] INFO:Plotting -- RooAbsPdf::plotOn(modelPRS) indirectly selected PDF components: (sig_pdf1,sig_pdf2)
[#1] INFO:NumericIntegration -- RooRealIntegral::init(modelBkg_Int[x]) using numeric integrator RooIntegrator1D to calculate Int(x)
[#1] INFO:NumericIntegration -- RooRealIntegral::init(modelBkg_Int[x]) using numeric integrator RooIntegrator1D to calculate Int(x)
PRS chi2: 0.928046 ; MPS chi2: 1.0353
