   ------------------------------------------------------------------
  | Welcome to ROOT 6.24/08                        https://root.cern |
  | (c) 1995-2021, The ROOT Team; conception: R. Brun, F. Rademakers |
  | Built for linuxx8664gcc on Sep 29 2022, 13:04:57                 |
  | From tags/v6-24-08@v6-24-08                                      |
  | With c++ (GCC) 4.8.5 20150623 (Red Hat 4.8.5-44)                 |
  | Try '.help', '.demo', '.license', '.credits', '.quit'/'.q'       |
   ------------------------------------------------------------------


Processing full.C(1,1,"Up","2017")...

[1mRooFit v3.60 -- Developed by Wouter Verkerke and David Kirkby[0m 
                Copyright (C) 2000-2013 NIKHEF, University of California & Stanford University
                All rights reserved, please read http://roofit.sourceforge.net/license.txt

-------------------------
Set LHCb Style - May 2021
-------------------------
../fulltempt/PARAMs/FullMom_1_1.txt
[#0] WARNING:InputArguments -- The parameter 'sigma3' with range [0, 10] of the RooGaussian 'sig_pdf2' exceeds the safe range of (0, inf). Advise to limit its range.
[#0] ERROR:Integration --  RooNumIntFactory::Init : libRooFitMore cannot be loaded. GSL integrators will not beavailable ! 
[#1] INFO:Fitting -- RooAddition::defaultErrorLevel(nll) Summation contains a RooNLLVar, using its error level
 **********
 **   13 **MIGRAD        4500           1
 **********
 FIRST CALL TO USER FUNCTION AT NEW START POINT, WITH IFLAG=4.
 START MIGRAD MINIMIZATION.  STRATEGY  1.  CONVERGENCE WHEN EDM .LT. 1.00e-03
 FCN=-1.1046e+06 FROM MIGRAD    STATUS=INITIATE       48 CALLS          49 TOTAL
                     EDM= unknown      STRATEGY= 1      NO ERROR MATRIX       
  EXT PARAMETER               CURRENT GUESS       STEP         FIRST   
  NO.   NAME      VALUE            ERROR          SIZE      DERIVATIVE 
   1  NbkgMRS      1.29628e+04   6.48140e+03   2.57889e-01   9.17036e+03
   2  NbkgPRS      1.22954e+04   6.14770e+03   2.57889e-01   8.74503e+03
   3  NsigMRS      5.18512e+04   6.48140e+03   2.57889e-01  -2.29326e+03
   4  NsigPRS      4.91816e+04   6.14770e+03   2.57889e-01  -2.18690e+03
   5  coeffsig     7.00000e-01   1.00000e-01   2.21072e-01   1.72989e+03
   6  mean         1.45500e+02   2.10000e+00   2.10680e-01   1.41816e+05
   7  sigma1       4.00000e-01   2.00000e-01   1.05570e-01  -3.23141e+04
   8  sigma2       4.00000e-01   2.00000e-01   1.05570e-01  -1.00588e+03
   9  sigma3       9.00000e-01   4.50000e-01   1.62481e-01   7.33460e+03
                               ERR DEF= 0.5
 MIGRAD MINIMIZATION HAS CONVERGED.
 MIGRAD WILL VERIFY CONVERGENCE AND ERROR MATRIX.
 COVARIANCE MATRIX CALCULATED SUCCESSFULLY
 FCN=-1.10935e+06 FROM MIGRAD    STATUS=CONVERGED     416 CALLS         417 TOTAL
                     EDM=9.92761e-05    STRATEGY= 1      ERROR MATRIX ACCURATE 
  EXT PARAMETER                                   STEP         FIRST   
  NO.   NAME      VALUE            ERROR          SIZE      DERIVATIVE 
   1  NbkgMRS      5.27568e+03   9.38981e+01   3.67446e-03   3.52212e-01
   2  NbkgPRS      4.95583e+03   9.08763e+01   3.77296e-03  -6.40438e-01
   3  NsigMRS      5.95394e+04   2.51105e+02   1.01761e-02   2.90726e-01
   4  NsigPRS      5.65203e+04   2.44511e+02   1.04811e-02  -2.06304e-01
   5  coeffsig     7.01599e-01   1.19451e-02   5.17777e-03   1.97262e-01
   6  mean         1.45432e+02   5.12610e-03   1.26419e-04  -2.11491e+01
   7  sigma1       4.26656e-01   5.00679e-03   7.55546e-04   3.77897e+00
   8  sigma2       4.83573e-01   6.70751e-03   7.83680e-04  -6.76276e-01
   9  sigma3       9.50919e-01   1.38755e-02   1.33128e-03  -1.50324e+00
                               ERR DEF= 0.5
 EXTERNAL ERROR MATRIX.    NDIM=  25    NPAR=  9    ERR DEF=0.5
  8.817e+03  6.340e+02 -3.512e+03 -6.300e+02 -1.473e-01  2.085e-03 -4.638e-02 -4.693e-02 -2.854e-01 
  6.340e+02  8.259e+03 -6.303e+02 -3.274e+03 -1.426e-01  3.478e-03 -4.397e-02 -4.652e-02 -2.727e-01 
 -3.512e+03 -6.303e+02  6.306e+04  6.263e+02  1.469e-01 -2.114e-03  4.618e-02  4.677e-02  2.841e-01 
 -6.300e+02 -3.274e+03  6.263e+02  5.979e+04  1.421e-01 -3.494e-03  4.377e-02  4.633e-02  2.713e-01 
 -1.473e-01 -1.426e-01  1.469e-01  1.421e-01  1.427e-04 -1.879e-05  3.215e-05  5.927e-05  1.502e-04 
  2.085e-03  3.478e-03 -2.114e-03 -3.494e-03 -1.879e-05  2.628e-05  1.346e-05 -2.639e-05 -1.692e-05 
 -4.638e-02 -4.397e-02  4.618e-02  4.377e-02  3.215e-05  1.346e-05  2.507e-05  6.939e-07  3.445e-05 
 -4.693e-02 -4.652e-02  4.677e-02  4.633e-02  5.927e-05 -2.639e-05  6.939e-07  4.499e-05  5.713e-05 
 -2.854e-01 -2.727e-01  2.841e-01  2.713e-01  1.502e-04 -1.692e-05  3.445e-05  5.713e-05  1.925e-04 
 PARAMETER  CORRELATION COEFFICIENTS  
       NO.  GLOBAL      1      2      3      4      5      6      7      8      9
        1  0.30108   1.000  0.074 -0.149 -0.027 -0.131  0.004 -0.099 -0.075 -0.219
        2  0.29562   0.074  1.000 -0.028 -0.147 -0.131  0.007 -0.097 -0.076 -0.216
        3  0.16207  -0.149 -0.028  1.000  0.010  0.049 -0.002  0.037  0.028  0.082
        4  0.15993  -0.027 -0.147  0.010  1.000  0.049 -0.003  0.036  0.028  0.080
        5  0.96208  -0.131 -0.131  0.049  0.049  1.000 -0.307  0.538  0.740  0.906
        6  0.94024   0.004  0.007 -0.002 -0.003 -0.307  1.000  0.525 -0.768 -0.238
        7  0.90780  -0.099 -0.097  0.037  0.036  0.538  0.525  1.000  0.021  0.496
        8  0.93872  -0.075 -0.076  0.028  0.028  0.740 -0.768  0.021  1.000  0.614
        9  0.92214  -0.219 -0.216  0.082  0.080  0.906 -0.238  0.496  0.614  1.000
 **********
 **   18 **HESSE        4500
 **********
 COVARIANCE MATRIX CALCULATED SUCCESSFULLY
 FCN=-1.10935e+06 FROM HESSE     STATUS=OK             73 CALLS         490 TOTAL
                     EDM=0.000101396    STRATEGY= 1      ERROR MATRIX ACCURATE 
  EXT PARAMETER                                INTERNAL      INTERNAL  
  NO.   NAME      VALUE            ERROR       STEP SIZE       VALUE   
   1  NbkgMRS      5.27568e+03   9.40992e+01   1.46978e-04  -9.92153e-01
   2  NbkgPRS      4.95583e+03   9.10681e+01   1.50919e-04  -9.95029e-01
   3  NsigMRS      5.95394e+04   2.51237e+02   4.07044e-04   9.92215e-01
   4  NsigPRS      5.65203e+04   2.44639e+02   4.19245e-04   9.94976e-01
   5  coeffsig     7.01599e-01   1.22721e-02   1.03555e-03   4.15009e-01
   6  mean         1.45432e+02   5.19801e-03   2.52839e-05  -2.96497e-01
   7  sigma1       4.26656e-01   5.07394e-03   3.02219e-05  -1.15469e+00
   8  sigma2       4.83573e-01   6.86103e-03   3.13472e-05  -1.12737e+00
   9  sigma3       9.50919e-01   1.42214e-02   5.32510e-05  -9.43839e-01
                               ERR DEF= 0.5
 EXTERNAL ERROR MATRIX.    NDIM=  25    NPAR=  9    ERR DEF=0.5
  8.855e+03  6.679e+02 -3.578e+03 -6.677e+02 -1.634e-01  3.671e-03 -5.046e-02 -5.316e-02 -3.043e-01 
  6.679e+02  8.293e+03 -6.678e+02 -3.336e+03 -1.581e-01  5.042e-03 -4.788e-02 -5.255e-02 -2.909e-01 
 -3.578e+03 -6.678e+02  6.312e+04  6.676e+02  1.634e-01 -3.672e-03  5.046e-02  5.315e-02  3.042e-01 
 -6.677e+02 -3.336e+03  6.676e+02  5.985e+04  1.580e-01 -5.041e-03  4.787e-02  5.253e-02  2.908e-01 
 -1.634e-01 -1.581e-01  1.634e-01  1.580e-01  1.506e-04 -2.007e-05  3.388e-05  6.289e-05  1.589e-04 
  3.671e-03  5.042e-03 -3.672e-03 -5.041e-03 -2.007e-05  2.702e-05  1.359e-05 -2.746e-05 -1.821e-05 
 -5.046e-02 -4.788e-02  5.046e-02  4.787e-02  3.388e-05  1.359e-05  2.574e-05  1.112e-06  3.644e-05 
 -5.316e-02 -5.255e-02  5.315e-02  5.253e-02  6.289e-05 -2.746e-05  1.112e-06  4.707e-05  6.099e-05 
 -3.043e-01 -2.909e-01  3.042e-01  2.908e-01  1.589e-04 -1.821e-05  3.644e-05  6.099e-05  2.023e-04 
 PARAMETER  CORRELATION COEFFICIENTS  
       NO.  GLOBAL      1      2      3      4      5      6      7      8      9
        1  0.30745   1.000  0.078 -0.151 -0.029 -0.142  0.008 -0.106 -0.082 -0.227
        2  0.30203   0.078  1.000 -0.029 -0.150 -0.141  0.011 -0.104 -0.084 -0.225
        3  0.16496  -0.151 -0.029  1.000  0.011  0.053 -0.003  0.040  0.031  0.085
        4  0.16283  -0.029 -0.150  0.011  1.000  0.053 -0.004  0.039  0.031  0.084
        5  0.96411  -0.142 -0.141  0.053  0.053  1.000 -0.315  0.544  0.747  0.910
        6  0.94193   0.008  0.011 -0.003 -0.004 -0.315  1.000  0.515 -0.770 -0.246
        7  0.91034  -0.106 -0.104  0.040  0.039  0.544  0.515  1.000  0.032  0.505
        8  0.94152  -0.082 -0.084  0.031  0.031  0.747 -0.770  0.032  1.000  0.625
        9  0.92603  -0.227 -0.225  0.085  0.084  0.910 -0.246  0.505  0.625  1.000
75 ; 4.20604 ; 4.64799
[#1] INFO:Plotting -- RooAbsPdf::plotOn(modelMRS) directly selected PDF components: (modelBkg)
[#1] INFO:Plotting -- RooAbsPdf::plotOn(modelMRS) indirectly selected PDF components: ()
[#1] INFO:Plotting -- RooAbsPdf::plotOn(modelMRS) directly selected PDF components: (modelSig)
[#1] INFO:Plotting -- RooAbsPdf::plotOn(modelMRS) indirectly selected PDF components: (sig_pdf1,sig_pdf2)
[#1] INFO:Plotting -- RooAbsPdf::plotOn(modelPRS) directly selected PDF components: (modelBkg)
[#1] INFO:Plotting -- RooAbsPdf::plotOn(modelPRS) indirectly selected PDF components: ()
[#1] INFO:Plotting -- RooAbsPdf::plotOn(modelPRS) directly selected PDF components: (modelSig)
[#1] INFO:Plotting -- RooAbsPdf::plotOn(modelPRS) indirectly selected PDF components: (sig_pdf1,sig_pdf2)
PRS chi2: 4.06754 ; MPS chi2: 4.50271
