   ------------------------------------------------------------------
  | Welcome to ROOT 6.24/08                        https://root.cern |
  | (c) 1995-2021, The ROOT Team; conception: R. Brun, F. Rademakers |
  | Built for linuxx8664gcc on Sep 29 2022, 13:04:57                 |
  | From tags/v6-24-08@v6-24-08                                      |
  | With c++ (GCC) 4.8.5 20150623 (Red Hat 4.8.5-44)                 |
  | Try '.help', '.demo', '.license', '.credits', '.quit'/'.q'       |
   ------------------------------------------------------------------


Processing full.C(1,6,"Down","2018")...

[1mRooFit v3.60 -- Developed by Wouter Verkerke and David Kirkby[0m 
                Copyright (C) 2000-2013 NIKHEF, University of California & Stanford University
                All rights reserved, please read http://roofit.sourceforge.net/license.txt

-------------------------
Set LHCb Style - May 2021
-------------------------
../fulltempt/PARAMs/FullMom_1_6.txt
[#0] WARNING:InputArguments -- The parameter 'sigma3' with range [0, 10] of the RooGaussian 'sig_pdf2' exceeds the safe range of (0, inf). Advise to limit its range.
[#0] ERROR:Integration --  RooNumIntFactory::Init : libRooFitMore cannot be loaded. GSL integrators will not beavailable ! 
[#1] INFO:Fitting -- RooAddition::defaultErrorLevel(nll) Summation contains a RooNLLVar, using its error level
 **********
 **   13 **MIGRAD        4500           1
 **********
 FIRST CALL TO USER FUNCTION AT NEW START POINT, WITH IFLAG=4.
 START MIGRAD MINIMIZATION.  STRATEGY  1.  CONVERGENCE WHEN EDM .LT. 1.00e-03
 FCN=-30469.3 FROM MIGRAD    STATUS=INITIATE       69 CALLS          70 TOTAL
                     EDM= unknown      STRATEGY= 1      NO ERROR MATRIX       
  EXT PARAMETER               CURRENT GUESS       STEP         FIRST   
  NO.   NAME      VALUE            ERROR          SIZE      DERIVATIVE 
   1  NbkgMRS      6.38400e+02   3.19200e+02   0.00000e+00  -2.94423e+02
   2  NbkgPRS      6.09400e+02   3.04700e+02   0.00000e+00  -3.24754e+02
   3  NsigMRS      2.55360e+03   3.19200e+02   0.00000e+00   7.35961e+01
   4  NsigPRS      2.43760e+03   3.04700e+02   0.00000e+00   8.11785e+01
   5  coeffsig     4.28272e-01   5.00000e-02   7.83342e-01  -3.00474e+00
   6  mean         1.45500e+02   2.10000e+00   0.00000e+00   2.22321e+03
   7  sigma1       5.00000e-01   2.50000e-01   0.00000e+00  -1.65318e+02
   8  sigma2       5.00000e-01   2.50000e-01   0.00000e+00   2.24298e+02
   9  sigma3       1.10000e+00   5.50000e-01   0.00000e+00  -5.46096e+02
                               ERR DEF= 0.5
 MIGRAD MINIMIZATION HAS CONVERGED.
 FCN=-30590.1 FROM MIGRAD    STATUS=CONVERGED     375 CALLS         376 TOTAL
                     EDM=6.92474e-06    STRATEGY= 1  ERROR MATRIX UNCERTAINTY   4.8 per cent
  EXT PARAMETER                                   STEP         FIRST   
  NO.   NAME      VALUE            ERROR          SIZE      DERIVATIVE 
   1  NbkgMRS      6.31601e+02   3.11370e+01  -9.51078e-05   1.00415e-01
   2  NbkgPRS      6.34426e+02   3.29469e+01   1.04357e-04  -9.41776e-02
   3  NsigMRS      2.56052e+03   5.51491e+01   3.47496e-04   2.41360e-02
   4  NsigPRS      2.41256e+03   5.20166e+01  -3.67183e-05   1.07856e-02
   5  coeffsig     7.69175e-01   1.45352e-02   2.79863e-04   3.81434e-02
   6  mean         1.45413e+02   3.02888e-02   8.09053e-06  -1.28646e-01
   7  sigma1       6.26725e-01   2.64703e-02   4.07552e-05   2.58727e-02
   8  sigma2       7.06812e-01   2.50760e-02   6.38254e-06   4.67014e-02
   9  sigma3       2.76593e+00   1.55481e-01   6.50259e-05   3.99094e-03
                               ERR DEF= 0.5
 EXTERNAL ERROR MATRIX.    NDIM=  25    NPAR=  9    ERR DEF=0.5
  9.697e+02  2.825e+02 -4.936e+02 -2.464e+02  4.249e-02 -3.231e-02 -5.272e-02 -2.580e-03 -1.627e+00 
  2.825e+02  1.086e+03 -2.224e+02 -3.493e+02  8.891e-02  3.302e-02  5.479e-03 -3.018e-02 -1.501e+00 
 -4.936e+02 -2.224e+02  3.043e+03  1.032e+02 -7.816e-02 -3.326e-03  1.392e-02  1.028e-02  1.493e+00 
 -2.464e+02 -3.493e+02  1.032e+02  2.707e+03 -8.630e-02  3.728e-02  2.623e-02 -4.588e-02  1.199e+00 
  4.249e-02  8.891e-02 -7.816e-02 -8.630e-02  2.114e-04  4.233e-05  1.547e-04  9.666e-05  9.058e-04 
 -3.231e-02  3.302e-02 -3.326e-03  3.728e-02  4.233e-05  9.174e-04  6.175e-04 -5.646e-04  6.123e-04 
 -5.272e-02  5.479e-03  1.392e-02  2.623e-02  1.547e-04  6.175e-04  7.007e-04 -2.519e-04  1.426e-03 
 -2.580e-03 -3.018e-02  1.028e-02 -4.588e-02  9.666e-05 -5.646e-04 -2.519e-04  6.288e-04  4.840e-04 
 -1.627e+00 -1.501e+00  1.493e+00  1.199e+00  9.058e-04  6.123e-04  1.426e-03  4.840e-04  2.418e-02 
 PARAMETER  CORRELATION COEFFICIENTS  
       NO.  GLOBAL      1      2      3      4      5      6      7      8      9
        1  0.47454   1.000  0.275 -0.287 -0.152  0.094 -0.034 -0.064 -0.003 -0.336
        2  0.47178   0.275  1.000 -0.122 -0.204  0.186  0.033  0.006 -0.037 -0.293
        3  0.32670  -0.287 -0.122  1.000  0.036 -0.097 -0.002  0.010  0.007  0.174
        4  0.27222  -0.152 -0.204  0.036  1.000 -0.114  0.024  0.019 -0.035  0.148
        5  0.70369   0.094  0.186 -0.097 -0.114  1.000  0.096  0.402  0.265  0.401
        6  0.91162  -0.034  0.033 -0.002  0.024  0.096  1.000  0.770 -0.743  0.130
        7  0.85676  -0.064  0.006  0.010  0.019  0.402  0.770  1.000 -0.379  0.346
        8  0.83346  -0.003 -0.037  0.007 -0.035  0.265 -0.743 -0.379  1.000  0.124
        9  0.65511  -0.336 -0.293  0.174  0.148  0.401  0.130  0.346  0.124  1.000
 **********
 **   18 **HESSE        4500
 **********
 COVARIANCE MATRIX CALCULATED SUCCESSFULLY
 FCN=-30590.1 FROM HESSE     STATUS=OK             83 CALLS         459 TOTAL
                     EDM=1.7185e-05    STRATEGY= 1      ERROR MATRIX ACCURATE 
  EXT PARAMETER                                INTERNAL      INTERNAL  
  NO.   NAME      VALUE            ERROR       STEP SIZE       VALUE   
   1  NbkgMRS      6.31601e+02   3.34215e+01   2.81703e-03  -6.48837e-01
   2  NbkgPRS      6.34426e+02   3.30320e+01   2.88586e-03  -6.23122e-01
   3  NsigMRS      2.56052e+03   5.51675e+01   4.97989e-03   6.48928e-01
   4  NsigPRS      2.41256e+03   5.35454e+01   4.97788e-03   6.23114e-01
   5  coeffsig     7.69175e-01   1.47011e-02   3.02584e-03   5.68478e-01
   6  mean         1.45413e+02   3.04150e-02   1.50209e-04  -2.98384e-01
   7  sigma1       6.26725e-01   2.64062e-02   6.67347e-04  -1.06472e+00
   8  sigma2       7.06812e-01   2.46724e-02   6.52354e-04  -1.03261e+00
   9  sigma3       2.76593e+00   1.58556e-01   3.22293e-03  -4.63202e-01
                               ERR DEF= 0.5
 EXTERNAL ERROR MATRIX.    NDIM=  25    NPAR=  9    ERR DEF=0.5
  1.117e+03  2.010e+02 -4.844e+02 -2.008e+02  7.694e-02 -2.200e-02 -3.298e-02  3.047e-03 -1.671e+00 
  2.010e+02  1.091e+03 -2.008e+02 -4.559e+02  7.133e-02 -2.166e-02 -3.351e-02 -4.813e-04 -1.602e+00 
 -4.844e+02 -2.008e+02  3.045e+03  2.006e+02 -7.673e-02  2.204e-02  3.303e-02 -3.037e-03  1.671e+00 
 -2.008e+02 -4.559e+02  2.006e+02  2.869e+03 -7.115e-02  2.171e-02  3.356e-02  4.757e-04  1.602e+00 
  7.694e-02  7.133e-02 -7.673e-02 -7.115e-02  2.162e-04  4.819e-05  1.555e-04  9.424e-05  8.701e-04 
 -2.200e-02 -2.166e-02  2.204e-02  2.171e-02  4.819e-05  9.251e-04  6.286e-04 -5.508e-04  7.444e-04 
 -3.298e-02 -3.351e-02  3.303e-02  3.356e-02  1.555e-04  6.286e-04  6.973e-04 -2.518e-04  1.467e-03 
  3.047e-03 -4.813e-04 -3.037e-03  4.757e-04  9.424e-05 -5.508e-04 -2.518e-04  6.087e-04  4.647e-04 
 -1.671e+00 -1.602e+00  1.671e+00  1.602e+00  8.701e-04  7.444e-04  1.467e-03  4.647e-04  2.515e-02 
 PARAMETER  CORRELATION COEFFICIENTS  
       NO.  GLOBAL      1      2      3      4      5      6      7      8      9
        1  0.46115   1.000  0.182 -0.263 -0.112  0.157 -0.022 -0.037  0.004 -0.315
        2  0.44633   0.182  1.000 -0.110 -0.258  0.147 -0.022 -0.038 -0.001 -0.306
        3  0.31034  -0.263 -0.110  1.000  0.068 -0.095  0.013  0.023 -0.002  0.191
        4  0.30611  -0.112 -0.258  0.068  1.000 -0.090  0.013  0.024  0.000  0.189
        5  0.69607   0.157  0.147 -0.095 -0.090  1.000  0.108  0.401  0.260  0.373
        6  0.91191  -0.022 -0.022  0.013  0.013  0.108  1.000  0.783 -0.734  0.154
        7  0.86187  -0.037 -0.038  0.023  0.024  0.401  0.783  1.000 -0.386  0.350
        8  0.82778   0.004 -0.001 -0.002  0.000  0.260 -0.734 -0.386  1.000  0.119
        9  0.65826  -0.315 -0.306  0.191  0.189  0.373  0.154  0.350  0.119  1.000
75 ; 1.6212 ; 1.72246
[#1] INFO:Plotting -- RooAbsPdf::plotOn(modelMRS) directly selected PDF components: (modelBkg)
[#1] INFO:Plotting -- RooAbsPdf::plotOn(modelMRS) indirectly selected PDF components: ()
[#1] INFO:Plotting -- RooAbsPdf::plotOn(modelMRS) directly selected PDF components: (modelSig)
[#1] INFO:Plotting -- RooAbsPdf::plotOn(modelMRS) indirectly selected PDF components: (sig_pdf1,sig_pdf2)
[#1] INFO:Plotting -- RooAbsPdf::plotOn(modelPRS) directly selected PDF components: (modelBkg)
[#1] INFO:Plotting -- RooAbsPdf::plotOn(modelPRS) indirectly selected PDF components: ()
[#1] INFO:Plotting -- RooAbsPdf::plotOn(modelPRS) directly selected PDF components: (modelSig)
[#1] INFO:Plotting -- RooAbsPdf::plotOn(modelPRS) indirectly selected PDF components: (sig_pdf1,sig_pdf2)
PRS chi2: 1.2601 ; MPS chi2: 1.35016
