   ------------------------------------------------------------------
  | Welcome to ROOT 6.24/08                        https://root.cern |
  | (c) 1995-2021, The ROOT Team; conception: R. Brun, F. Rademakers |
  | Built for linuxx8664gcc on Sep 29 2022, 13:04:57                 |
  | From tags/v6-24-08@v6-24-08                                      |
  | With c++ (GCC) 4.8.5 20150623 (Red Hat 4.8.5-44)                 |
  | Try '.help', '.demo', '.license', '.credits', '.quit'/'.q'       |
   ------------------------------------------------------------------


Processing part.C(0,"Down","2016")...

[1mRooFit v3.60 -- Developed by Wouter Verkerke and David Kirkby[0m 
                Copyright (C) 2000-2013 NIKHEF, University of California & Stanford University
                All rights reserved, please read http://roofit.sourceforge.net/license.txt

-------------------------
Set LHCb Style - May 2021
-------------------------
../parttempt/PARAMs/PartMom_0.txt
====>95433
[#0] ERROR:Integration --  RooNumIntFactory::Init : libRooFitMore cannot be loaded. GSL integrators will not beavailable ! 
[#1] INFO:NumericIntegration -- RooRealIntegral::init(modelSig_d_clone_Int[x]) using numeric integrator RooIntegrator1D to calculate Int(x)
[#1] INFO:NumericIntegration -- RooRealIntegral::init([pdfD0BG_X_poly]_Norm[x]_denominator_Int[x]) using numeric integrator RooIntegrator1D to calculate Int(x)
[#1] INFO:NumericIntegration -- RooRealIntegral::init(modelSig_d_clone_Int[x]) using numeric integrator RooIntegrator1D to calculate Int(x)
[#1] INFO:NumericIntegration -- RooRealIntegral::init([pdfD0BG_X_poly]_Norm[x]_denominator_Int[x]) using numeric integrator RooIntegrator1D to calculate Int(x)
[#1] INFO:Fitting -- RooAddition::defaultErrorLevel(nll_d) Summation contains a RooNLLVar, using its error level
 **********
 **   13 **MIGRAD        5000           1
 **********
 FIRST CALL TO USER FUNCTION AT NEW START POINT, WITH IFLAG=4.
 START MIGRAD MINIMIZATION.  STRATEGY  1.  CONVERGENCE WHEN EDM .LT. 1.00e-03
 FCN=-1.38698e+06 FROM MIGRAD    STATUS=INITIATE      156 CALLS         157 TOTAL
                     EDM= unknown      STRATEGY= 1      NO ERROR MATRIX       
  EXT PARAMETER               CURRENT GUESS       STEP         FIRST   
  NO.   NAME      VALUE            ERROR          SIZE      DERIVATIVE 
   1  NbkgMRS_d    2.53908e+04   9.76570e+03   0.00000e+00  -1.00664e+04
   2  NbkgPRS_d    2.47309e+04   9.51190e+03   0.00000e+00  -1.01884e+04
   3  NsigMRS_d    7.22662e+04   9.76570e+03   0.00000e+00   3.53642e+03
   4  NsigPRS_d    7.03881e+04   9.51190e+03   0.00000e+00   3.57928e+03
   5  acc_p        1.56069e+00   7.00000e-01   0.00000e+00   1.73767e+04
   6  acc_s        1.11901e-03   5.00000e-02  -1.46409e+00   1.20778e+04
   7  mean         1.44000e+02   9.00000e-01   0.00000e+00  -2.60458e+02
   8  offset       1.39000e+02   2.00000e+00   0.00000e+00   4.44184e+04
   9  sigma        4.40000e+00   1.95000e+00   0.00000e+00  -2.59573e+04
  10  sigma2       3.80000e+00   7.00000e-01   0.00000e+00  -2.31927e+04
                               ERR DEF= 0.5
 MIGRAD MINIMIZATION HAS CONVERGED.
 MIGRAD WILL VERIFY CONVERGENCE AND ERROR MATRIX.
 EIGENVALUES OF SECOND-DERIVATIVE MATRIX:
        -8.0429e-03  2.4736e-02  7.4486e-02  1.0990e-01  4.1779e-01  5.9348e-01  1.0971e+00  1.4065e+00  1.4191e+00  4.8650e+00
 MINUIT WARNING IN HESSE   
 ============== MATRIX FORCED POS-DEF BY ADDING 0.012908 TO DIAGONAL.
 FCN=-1.39675e+06 FROM HESSE     STATUS=NOT POSDEF    106 CALLS         713 TOTAL
                     EDM=0.0224075    STRATEGY= 1      ERR MATRIX NOT POS-DEF
  EXT PARAMETER                APPROXIMATE        STEP         FIRST   
  NO.   NAME      VALUE            ERROR          SIZE      DERIVATIVE 
   1  NbkgMRS_d    2.88460e+04   2.70230e+02   4.12159e-03   1.21464e-01
   2  NbkgPRS_d    2.86439e+04   2.67498e+02   4.17939e-03   8.56035e-01
   3  NsigMRS_d    6.88113e+04   3.34844e+02   5.30747e-03   1.01555e-01
   4  NsigPRS_d    6.64756e+04   3.29490e+02   5.33737e-03  -4.17017e-02
   5  acc_p        6.58178e-01   4.89980e-02   2.21265e-03  -6.17864e-01
   6  acc_s        1.45203e-03   1.81880e-03   1.35445e-02  -1.67612e-01
   7  mean         1.43755e+02   5.32370e-02   2.99668e-03  -1.56318e+00
   8  offset       1.38144e+02   4.88412e-01   3.86003e-03   3.61390e+00
   9  sigma        2.90491e+00   1.50851e-01   6.49885e-04   5.63915e+00
  10  sigma2       5.69030e+00   3.82960e-02   3.44994e-03   4.97407e-01
                               ERR DEF= 0.5
 MIGRAD FAILS TO FIND IMPROVEMENT
 MACHINE ACCURACY LIMITS FURTHER IMPROVEMENT.
 MIGRAD MINIMIZATION HAS CONVERGED.
 MIGRAD WILL VERIFY CONVERGENCE AND ERROR MATRIX.
 EIGENVALUES OF SECOND-DERIVATIVE MATRIX:
        -1.0181e-02  2.5316e-02  7.1850e-02  1.0677e-01  4.1735e-01  5.9349e-01  1.0933e+00  1.4065e+00  1.4187e+00  4.8770e+00
 MINUIT WARNING IN HESSE   
 ============== MATRIX FORCED POS-DEF BY ADDING 0.015058 TO DIAGONAL.
 FCN=-1.39675e+06 FROM MIGRAD    STATUS=CONVERGED     874 CALLS         875 TOTAL
                     EDM=0.000177637    STRATEGY= 1      ERR MATRIX NOT POS-DEF
  EXT PARAMETER                APPROXIMATE        STEP         FIRST   
  NO.   NAME      VALUE            ERROR          SIZE      DERIVATIVE 
   1  NbkgMRS_d    2.88472e+04   2.69409e+02   4.12159e-03   4.47835e-02
   2  NbkgPRS_d    2.86438e+04   2.66690e+02   4.17930e-03  -8.48352e-02
   3  NsigMRS_d    6.88098e+04   3.33988e+02   5.30733e-03   1.83978e-02
   4  NsigPRS_d    6.64752e+04   3.28656e+02   5.33704e-03   4.04233e-02
   5  acc_p        6.62469e-01   4.83817e-02   2.22774e-03  -5.03655e-01
   6  acc_s        1.44568e-03   1.78467e-03   1.36645e-02   2.89503e-02
   7  mean         1.43753e+02   5.32851e-02   2.96962e-03  -6.29955e-01
   8  offset       1.38088e+02   5.07816e-01   3.95926e-03  -3.73264e-01
   9  sigma        2.88787e+00   1.47691e-01   6.41911e-04   8.36448e-01
  10  sigma2       5.68903e+00   3.84593e-02   3.44630e-03  -2.46266e-01
                               ERR DEF= 0.5
 EXTERNAL ERROR MATRIX.    NDIM=  36    NPAR= 10    ERR DEF=0.5
  7.258e+04  1.285e+04 -4.372e+04 -1.280e+04  1.364e+00  3.720e-02 -7.903e-01 -1.091e+01 -1.748e+00 -3.577e+00 
  1.285e+04  7.112e+04 -1.280e+04 -4.248e+04  1.340e+00  3.647e-02 -7.777e-01 -1.075e+01 -1.735e+00 -3.487e+00 
 -4.372e+04 -1.280e+04  1.115e+05  1.275e+04 -1.360e+00 -3.708e-02  7.877e-01  1.088e+01  1.742e+00  3.564e+00 
 -1.280e+04 -4.248e+04  1.275e+04  1.080e+05 -1.335e+00 -3.636e-02  7.753e-01  1.071e+01  1.730e+00  3.475e+00 
  1.364e+00  1.340e+00 -1.360e+00 -1.335e+00  2.341e-03 -1.076e-05 -1.341e-03 -2.142e-02 -5.361e-03 -8.763e-04 
  3.720e-02  3.647e-02 -3.708e-02 -3.636e-02 -1.076e-05  3.190e-06 -2.643e-05 -1.820e-04 -6.475e-05 -3.121e-05 
 -7.903e-01 -7.777e-01  7.877e-01  7.753e-01 -1.341e-03 -2.643e-05  2.839e-03  1.103e-02  3.643e-03  3.536e-04 
 -1.091e+01 -1.075e+01  1.088e+01  1.071e+01 -2.142e-02 -1.820e-04  1.103e-02  2.581e-01  7.081e-02  9.582e-03 
 -1.748e+00 -1.735e+00  1.742e+00  1.730e+00 -5.361e-03 -6.475e-05  3.643e-03  7.081e-02  2.181e-02  1.874e-03 
 -3.577e+00 -3.487e+00  3.564e+00  3.475e+00 -8.763e-04 -3.121e-05  3.536e-04  9.582e-03  1.874e-03  1.479e-03 
ERR MATRIX NOT POS-DEF
 PARAMETER  CORRELATION COEFFICIENTS  
       NO.  GLOBAL      1      2      3      4      5      6      7      8      9     10
        1  0.55928   1.000  0.179 -0.486 -0.145  0.105  0.077 -0.055 -0.080 -0.044 -0.345
        2  0.55527   0.179  1.000 -0.144 -0.485  0.104  0.077 -0.055 -0.079 -0.044 -0.340
        3  0.50850  -0.486 -0.144  1.000  0.116 -0.084 -0.062  0.044  0.064  0.035  0.277
        4  0.50720  -0.145 -0.485  0.116  1.000 -0.084 -0.062  0.044  0.064  0.036  0.275
        5  0.99339   0.105  0.104 -0.084 -0.084  1.000 -0.124 -0.520 -0.872 -0.750 -0.471
        6  0.96834   0.077  0.077 -0.062 -0.062 -0.124  1.000 -0.278 -0.201 -0.245 -0.454
        7  0.95172  -0.055 -0.055  0.044  0.044 -0.520 -0.278  1.000  0.407  0.463  0.173
        8  0.99563  -0.080 -0.079  0.064  0.064 -0.872 -0.201  0.407  1.000  0.944  0.490
        9  0.98336  -0.044 -0.044  0.035  0.036 -0.750 -0.245  0.463  0.944  1.000  0.330
       10  0.92457  -0.345 -0.340  0.277  0.275 -0.471 -0.454  0.173  0.490  0.330  1.000
 ERR MATRIX NOT POS-DEF
 **********
 **   18 **HESSE        5000
 **********
 COVARIANCE MATRIX CALCULATED SUCCESSFULLY
 FCN=-1.39675e+06 FROM HESSE     STATUS=OK             86 CALLS         961 TOTAL
                     EDM=0.00198493    STRATEGY= 1      ERROR MATRIX ACCURATE 
  EXT PARAMETER                                INTERNAL      INTERNAL  
  NO.   NAME      VALUE            ERROR       STEP SIZE       VALUE   
   1  NbkgMRS_d    2.88472e+04   2.76669e+02   1.64864e-04  -4.21592e-01
   2  NbkgPRS_d    2.86438e+04   2.73762e+02   1.67172e-04  -4.09037e-01
   3  NsigMRS_d    6.88098e+04   3.41326e+02   2.12293e-04   4.21593e-01
   4  NsigPRS_d    6.64752e+04   3.35817e+02   2.13482e-04   4.09037e-01
   5  acc_p        6.62469e-01   1.61953e-01   8.91097e-05  -9.45386e-01
   6  acc_s        1.44568e-03   2.19834e-02   5.46579e-04  -1.67839e+00
   7  mean         1.43753e+02   4.72839e-02   1.18785e-04   5.63382e-02
   8  offset       1.38088e+02   4.73177e-01   1.58370e-04  -1.92388e-01
   9  sigma        2.88787e+00   1.27457e-01   2.56764e-05  -1.43240e+00
  10  sigma2       5.68903e+00   6.39931e-02   1.37852e-04   5.40349e-02
                               ERR DEF= 0.5
 EXTERNAL ERROR MATRIX.    NDIM=  36    NPAR= 10    ERR DEF=0.5
  7.655e+04  1.540e+04 -4.770e+04 -1.540e+04 -4.183e+00  3.890e-01 -1.539e-01  5.530e+00  3.939e-02 -5.400e+00 
  1.540e+04  7.495e+04 -1.540e+04 -4.630e+04 -4.104e+00  3.816e-01 -1.535e-01  5.379e+00  1.175e-02 -5.271e+00 
 -4.770e+04 -1.540e+04  1.165e+05  1.540e+04  4.183e+00 -3.890e-01  1.539e-01 -5.530e+00 -3.939e-02  5.400e+00 
 -1.540e+04 -4.630e+04  1.540e+04  1.128e+05  4.104e+00 -3.816e-01  1.535e-01 -5.378e+00 -1.180e-02  5.271e+00 
 -4.183e+00 -4.104e+00  4.183e+00  4.104e+00  2.628e-02 -1.795e-03 -1.566e-03 -5.379e-02  1.273e-03  7.885e-03 
  3.890e-01  3.816e-01 -3.890e-01 -3.816e-01 -1.795e-03  1.294e-04  4.548e-05  2.982e-03 -3.109e-04 -6.160e-04 
 -1.539e-01 -1.535e-01  1.539e-01  1.535e-01 -1.566e-03  4.548e-05  2.236e-03  5.584e-03  1.600e-03 -2.589e-04 
  5.530e+00  5.379e+00 -5.530e+00 -5.378e+00 -5.379e-02  2.982e-03  5.584e-03  2.241e-01  3.752e-02 -1.072e-02 
  3.939e-02  1.175e-02 -3.939e-02 -1.180e-02  1.273e-03 -3.109e-04  1.600e-03  3.752e-02  1.625e-02  1.395e-03 
 -5.400e+00 -5.271e+00  5.400e+00  5.271e+00  7.885e-03 -6.160e-04 -2.589e-04 -1.072e-02  1.395e-03  4.096e-03 
 PARAMETER  CORRELATION COEFFICIENTS  
       NO.  GLOBAL      1      2      3      4      5      6      7      8      9     10
        1  0.58187   1.000  0.203 -0.505 -0.166 -0.093  0.124 -0.012  0.042  0.001 -0.305
        2  0.57768   0.203  1.000 -0.165 -0.504 -0.092  0.123 -0.012  0.042  0.000 -0.301
        3  0.52860  -0.505 -0.165  1.000  0.134  0.076 -0.100  0.010 -0.034 -0.001  0.247
        4  0.52714  -0.166 -0.504  0.134  1.000  0.075 -0.100  0.010 -0.034 -0.000  0.245
        5  0.99940  -0.093 -0.092  0.076  0.075  1.000 -0.973 -0.204 -0.701  0.062  0.760
        6  0.99922   0.124  0.123 -0.100 -0.100 -0.973  1.000  0.085  0.554 -0.214 -0.846
        7  0.93953  -0.012 -0.012  0.010  0.010 -0.204  0.085  1.000  0.249  0.266 -0.086
        8  0.99488   0.042  0.042 -0.034 -0.034 -0.701  0.554  0.249  1.000  0.622 -0.354
        9  0.97725   0.001  0.000 -0.001 -0.000  0.062 -0.214  0.266  0.622  1.000  0.171
       10  0.97303  -0.305 -0.301  0.247  0.245  0.760 -0.846 -0.086 -0.354  0.171  1.000
[#1] INFO:NumericIntegration -- RooRealIntegral::init([pdfD0BG_X_poly]_Norm[x]_denominator_Int[x]) using numeric integrator RooIntegrator1D to calculate Int(x)
[#1] INFO:NumericIntegration -- RooRealIntegral::init([pdfD0BG_X_poly]_Norm[x]_denominator_Int[x]) using numeric integrator RooIntegrator1D to calculate Int(x)
aaaa0 ; 337 ; 41
aaaa1 ; 524 ; 91
aaaa2 ; 802 ; 132
aaaa3 ; 1080 ; 162
aaaa4 ; 1434 ; 205
aaaa5 ; 1846 ; 252
aaaa6 ; 2197 ; 248
aaaa7 ; 2385 ; 280
aaaa8 ; 2784 ; 322
aaaa9 ; 2937 ; 333
aaaa10 ; 3166 ; 355
aaaa11 ; 3274 ; 323
aaaa12 ; 3219 ; 368
aaaa13 ; 3245 ; 377
aaaa14 ; 3384 ; 393
aaaa15 ; 3399 ; 469
aaaa16 ; 3338 ; 408
aaaa17 ; 3413 ; 442
aaaa18 ; 3406 ; 446
aaaa19 ; 3129 ; 437
aaaa20 ; 2995 ; 455
aaaa21 ; 2944 ; 511
aaaa22 ; 2738 ; 473
aaaa23 ; 2597 ; 517
aaaa24 ; 2339 ; 480
aaaa25 ; 2109 ; 517
aaaa26 ; 2020 ; 526
aaaa27 ; 1824 ; 534
aaaa28 ; 1785 ; 551
aaaa29 ; 1521 ; 549
aaaa30 ; 1440 ; 548
aaaa31 ; 1270 ; 569
aaaa32 ; 1181 ; 554
aaaa33 ; 1106 ; 524
aaaa34 ; 1029 ; 496
aaaa35 ; 912 ; 575
aaaa36 ; 914 ; 599
aaaa37 ; 837 ; 538
aaaa38 ; 780 ; 529
aaaa39 ; 761 ; 529
aaaa40 ; 709 ; 550
aaaa41 ; 683 ; 536
aaaa42 ; 626 ; 541
aaaa43 ; 640 ; 568
aaaa44 ; 595 ; 498
aaaa45 ; 607 ; 512
aaaa46 ; 579 ; 520
aaaa47 ; 534 ; 487
aaaa48 ; 497 ; 478
aaaa49 ; 534 ; 461
aaaa50 ; 481 ; 507
aaaa51 ; 458 ; 443
aaaa52 ; 455 ; 484
aaaa53 ; 453 ; 426
aaaa54 ; 468 ; 411
aaaa55 ; 409 ; 424
aaaa56 ; 420 ; 393
aaaa57 ; 370 ; 378
aaaa58 ; 339 ; 385
aaaa59 ; 327 ; 365
aaaa60 ; 341 ; 325
aaaa61 ; 296 ; 301
aaaa62 ; 296 ; 310
aaaa63 ; 263 ; 306
aaaa64 ; 241 ; 311
aaaa65 ; 236 ; 252
aaaa66 ; 229 ; 255
aaaa67 ; 232 ; 214
aaaa68 ; 213 ; 189
aaaa69 ; 187 ; 155
[#0] WARNING:Plotting -- RooHist::addBin(signal_hist_plot__x) WARNING: negative entry set to zero when Poisson error bars are requested
[#0] WARNING:Plotting -- RooHist::addBin(signal_hist_plot__x) WARNING: negative entry set to zero when Poisson error bars are requested
[#0] WARNING:Plotting -- RooHist::addBin(signal_hist_plot__x) WARNING: negative entry set to zero when Poisson error bars are requested
[#0] WARNING:Plotting -- RooHist::addBin(signal_hist_plot__x) WARNING: negative entry set to zero when Poisson error bars are requested
[#0] WARNING:Plotting -- RooHist::addBin(signal_hist_plot__x) WARNING: negative entry set to zero when Poisson error bars are requested
[#0] WARNING:Plotting -- RooHist::addBin(signal_hist_plot__x) WARNING: negative entry set to zero when Poisson error bars are requested
[#0] WARNING:Plotting -- RooHist::addBin(signal_hist_plot__x) WARNING: negative entry set to zero when Poisson error bars are requested
[#0] WARNING:Plotting -- RooHist::addBin(signal_hist_plot__x) WARNING: negative entry set to zero when Poisson error bars are requested
[#0] WARNING:Plotting -- RooHist::addBin(signal_hist_plot__x) WARNING: negative entry set to zero when Poisson error bars are requested
[#0] WARNING:Plotting -- RooHist::addBin(signal_hist_plot__x) WARNING: negative entry set to zero when Poisson error bars are requested
[#0] WARNING:Plotting -- RooHist::addBin(signal_hist_plot__x) WARNING: negative entry set to zero when Poisson error bars are requested
[#0] WARNING:Plotting -- RooHist::addBin(signal_hist_plot__x) WARNING: negative entry set to zero when Poisson error bars are requested
[#1] INFO:NumericIntegration -- RooRealIntegral::init([pdfD0BG_n_X_poly_n]_Norm[x]_denominator_Int[x]) using numeric integrator RooIntegrator1D to calculate Int(x)
[#1] INFO:NumericIntegration -- RooRealIntegral::init([pdfD0BG_n_X_poly_n]_Norm[x]_denominator_Int[x]) using numeric integrator RooIntegrator1D to calculate Int(x)
[#1] INFO:NumericIntegration -- RooRealIntegral::init([pdfD0BG_n_X_poly_n]_Norm[x]_denominator_Int[x]) using numeric integrator RooIntegrator1D to calculate Int(x)
[#1] INFO:NumericIntegration -- RooRealIntegral::init([pdfD0BG_n_X_poly_n]_Norm[x]_denominator_Int[x]) using numeric integrator RooIntegrator1D to calculate Int(x)
[#1] INFO:Fitting -- RooAddition::defaultErrorLevel(nll) Summation contains a RooNLLVar, using its error level
 **********
 **   13 **MIGRAD        2000           1
 **********
 FIRST CALL TO USER FUNCTION AT NEW START POINT, WITH IFLAG=4.
 START MIGRAD MINIMIZATION.  STRATEGY  1.  CONVERGENCE WHEN EDM .LT. 1.00e-03
 FCN=-1.39741e+06 FROM MIGRAD    STATUS=INITIATE       16 CALLS          17 TOTAL
                     EDM= unknown      STRATEGY= 1      NO ERROR MATRIX       
  EXT PARAMETER               CURRENT GUESS       STEP         FIRST   
  NO.   NAME      VALUE            ERROR          SIZE      DERIVATIVE 
   1  NbkgMRS      2.88472e+04   2.00000e+01   2.01358e-01   1.01083e+00
   2  NbkgPRS      2.86438e+04   2.00000e+01   2.01358e-01   1.09422e+00
   3  NsigMRS      6.88098e+04   2.50000e+01   2.57889e-01  -4.34199e-01
   4  NsigPRS      6.64752e+04   2.50000e+01   2.57889e-01  -4.82320e-01
                               ERR DEF= 0.5
 MIGRAD MINIMIZATION HAS CONVERGED.
 MIGRAD WILL VERIFY CONVERGENCE AND ERROR MATRIX.
 COVARIANCE MATRIX CALCULATED SUCCESSFULLY
 FCN=-1.39741e+06 FROM MIGRAD    STATUS=CONVERGED      80 CALLS          81 TOTAL
                     EDM=4.33065e-07    STRATEGY= 1      ERROR MATRIX ACCURATE 
  EXT PARAMETER                                   STEP         FIRST   
  NO.   NAME      VALUE            ERROR          SIZE      DERIVATIVE 
   1  NbkgMRS      2.87472e+04   1.25573e+02   5.00000e-01** at limit **
   2  NbkgPRS      2.85438e+04   1.23546e+02   5.00000e-01** at limit **
   3  NsigMRS      6.88598e+04   1.73109e+02   5.00000e-01** at limit **
   4  NsigPRS      6.65252e+04   1.69032e+02   5.00000e-01** at limit **
                               ERR DEF= 0.5
 EXTERNAL ERROR MATRIX.    NDIM=  25    NPAR=  4    ERR DEF=0.5
  5.115e-04  1.289e-12  9.694e-06  2.341e-15 
  1.289e-12  3.184e-03  4.483e-12  5.782e-06 
  9.694e-06  4.483e-12  3.908e-03  8.141e-15 
  2.341e-15  5.782e-06  8.141e-15  2.571e-04 
 PARAMETER  CORRELATION COEFFICIENTS  
       NO.  GLOBAL      1      2      3      4
        1  0.00686   1.000  0.000  0.007  0.000
        2  0.00639   0.000  1.000  0.000  0.006
        3  0.00686   0.007  0.000  1.000  0.000
        4  0.00639   0.000  0.006  0.000  1.000
 **********
 **   18 **HESSE        2000
 **********
 COVARIANCE MATRIX CALCULATED SUCCESSFULLY
 FCN=-1.39741e+06 FROM HESSE     STATUS=OK             23 CALLS         104 TOTAL
                     EDM=4.29211e-07    STRATEGY= 1      ERROR MATRIX ACCURATE 
  EXT PARAMETER                                INTERNAL      INTERNAL  
  NO.   NAME      VALUE            ERROR       STEP SIZE       VALUE   
   1  NbkgMRS      2.87472e+04   1.25396e+02   1.00000e-01  -1.57058e+00
                                 WARNING -   - ABOVE PARAMETER IS AT LIMIT.
   2  NbkgPRS      2.85438e+04   1.23361e+02   1.00000e-01  -1.57024e+00
                                 WARNING -   - ABOVE PARAMETER IS AT LIMIT.
   3  NsigMRS      6.88598e+04   1.73079e+02   1.00000e-01   1.57117e+00
                                 WARNING -   - ABOVE PARAMETER IS AT LIMIT.
   4  NsigPRS      6.65252e+04   1.68952e+02   1.00000e-01   1.57090e+00
                                 WARNING -   - ABOVE PARAMETER IS AT LIMIT.
                               ERR DEF= 0.5
 EXTERNAL ERROR MATRIX.    NDIM=  25    NPAR=  4    ERR DEF=0.5
  5.076e-04 -1.057e-14  4.040e-07 -1.127e-11 
 -1.057e-14  3.157e-03  3.715e-14  2.407e-07 
  4.040e-07  3.715e-14  3.905e-03  3.959e-11 
 -1.127e-11  2.407e-07  3.959e-11  2.566e-04 
 PARAMETER  CORRELATION COEFFICIENTS  
       NO.  GLOBAL      1      2      3      4
        1  0.00029   1.000 -0.000  0.000 -0.000
        2  0.00027  -0.000  1.000  0.000  0.000
        3  0.00029   0.000  0.000  1.000  0.000
        4  0.00027  -0.000  0.000  0.000  1.000
66 ; 0.622985 ; 2.53945
[#1] INFO:Plotting -- RooAbsPdf::plotOn(modelMRS) directly selected PDF components: (modelBkg)
[#1] INFO:Plotting -- RooAbsPdf::plotOn(modelMRS) indirectly selected PDF components: (pdfD0BG_n,poly_n)
[#1] INFO:NumericIntegration -- RooRealIntegral::init([pdfD0BG_n_X_poly_n]_Norm[x]_denominator_Int[x]) using numeric integrator RooIntegrator1D to calculate Int(x)
[#1] INFO:Plotting -- RooAbsPdf::plotOn(modelMRS) directly selected PDF components: (modelSig)
[#1] INFO:Plotting -- RooAbsPdf::plotOn(modelMRS) indirectly selected PDF components: ()
[#1] INFO:NumericIntegration -- RooRealIntegral::init([pdfD0BG_n_X_poly_n]_Norm[x]_denominator_Int[x]) using numeric integrator RooIntegrator1D to calculate Int(x)
[#1] INFO:NumericIntegration -- RooRealIntegral::init([pdfD0BG_n_X_poly_n]_Norm[x]_denominator_Int[x]) using numeric integrator RooIntegrator1D to calculate Int(x)
[#1] INFO:Plotting -- RooAbsPdf::plotOn(modelPRS) directly selected PDF components: (modelBkg)
[#1] INFO:Plotting -- RooAbsPdf::plotOn(modelPRS) indirectly selected PDF components: (pdfD0BG_n,poly_n)
[#1] INFO:NumericIntegration -- RooRealIntegral::init([pdfD0BG_n_X_poly_n]_Norm[x]_denominator_Int[x]) using numeric integrator RooIntegrator1D to calculate Int(x)
[#1] INFO:Plotting -- RooAbsPdf::plotOn(modelPRS) directly selected PDF components: (modelSig)
[#1] INFO:Plotting -- RooAbsPdf::plotOn(modelPRS) indirectly selected PDF components: ()
[#1] INFO:NumericIntegration -- RooRealIntegral::init([pdfD0BG_n_X_poly_n]_Norm[x]_denominator_Int[x]) using numeric integrator RooIntegrator1D to calculate Int(x)
[#1] INFO:NumericIntegration -- RooRealIntegral::init([pdfD0BG_n_X_poly_n]_Norm[x]_denominator_Int[x]) using numeric integrator RooIntegrator1D to calculate Int(x)
PRS chi2: 0.633294 ; MPS chi2: 2.60395
