   ------------------------------------------------------------------
  | Welcome to ROOT 6.24/08                        https://root.cern |
  | (c) 1995-2021, The ROOT Team; conception: R. Brun, F. Rademakers |
  | Built for linuxx8664gcc on Sep 29 2022, 13:04:57                 |
  | From tags/v6-24-08@v6-24-08                                      |
  | With c++ (GCC) 4.8.5 20150623 (Red Hat 4.8.5-44)                 |
  | Try '.help', '.demo', '.license', '.credits', '.quit'/'.q'       |
   ------------------------------------------------------------------


Processing full.C(6,1,"Up","2018")...

[1mRooFit v3.60 -- Developed by Wouter Verkerke and David Kirkby[0m 
                Copyright (C) 2000-2013 NIKHEF, University of California & Stanford University
                All rights reserved, please read http://roofit.sourceforge.net/license.txt

-------------------------
Set LHCb Style - May 2021
-------------------------
../fulltempt/PARAMs/FullMom_6_1.txt
../../../../../selection/promptD/results/2018MagUpFullRS.root/DecayTree
[#0] WARNING:InputArguments -- The parameter 'sigma3' with range [0, 10] of the RooGaussian 'sig_pdf2' exceeds the safe range of (0, inf). Advise to limit its range.
[#0] ERROR:Integration --  RooNumIntFactory::Init : libRooFitMore cannot be loaded. GSL integrators will not beavailable ! 
[#1] INFO:NumericIntegration -- RooRealIntegral::init(modelBkg_default_Int[x]) using numeric integrator RooIntegrator1D to calculate Int(x)
[#1] INFO:NumericIntegration -- RooRealIntegral::init(modelBkg_default_Int[x]) using numeric integrator RooIntegrator1D to calculate Int(x)
[#1] INFO:Fitting -- RooAddition::defaultErrorLevel(nll_d) Summation contains a RooNLLVar, using its error level
 **********
 **   13 **MIGRAD        6500           1
 **********
 FIRST CALL TO USER FUNCTION AT NEW START POINT, WITH IFLAG=4.
 START MIGRAD MINIMIZATION.  STRATEGY  1.  CONVERGENCE WHEN EDM .LT. 1.00e-03
 FCN=-4761.46 FROM MIGRAD    STATUS=INITIATE       83 CALLS          84 TOTAL
                     EDM= unknown      STRATEGY= 1      NO ERROR MATRIX       
  EXT PARAMETER               CURRENT GUESS       STEP         FIRST   
  NO.   NAME      VALUE            ERROR          SIZE      DERIVATIVE 
   1  NbkgMRS_d    7.17000e+01   3.58500e+01   0.00000e+00  -1.72558e+02
   2  NbkgPRS_d    7.46000e+01   3.73000e+01   0.00000e+00  -2.56845e+02
   3  NsigMRS_d    6.45300e+02   3.58500e+01   0.00000e+00   1.91700e+01
   4  NsigPRS_d    6.71400e+02   3.73000e+01   0.00000e+00   2.85335e+01
   5  am           1.00000e+00   2.00000e+00   0.00000e+00  -2.41472e+01
   6  bm          -7.00000e-01   3.50000e-01   0.00000e+00  -8.22766e+00
   7  cm           1.05197e+00   6.50000e+00  -3.99553e-02   8.68044e+01
   8  coeffsig     1.00000e-01   5.00000e-02   0.00000e+00  -7.59138e+00
   9  dm0          1.39000e+02   2.00000e+00   0.00000e+00  -3.10018e+01
  10  mean         1.45500e+02   2.10000e+00   0.00000e+00  -4.38968e+02
  11  sigma1       5.00000e-01   2.50000e-01   0.00000e+00   2.03450e+01
  12  sigma2       5.00000e-01   2.50000e-01   0.00000e+00  -3.84355e+00
  13  sigma3       1.30000e+00   6.50000e-01   0.00000e+00  -4.84809e+02
                               ERR DEF= 0.5
 EIGENVALUES OF SECOND-DERIVATIVE MATRIX:
        -2.4767e-02  8.0862e-02  1.8925e-01  3.7709e-01  5.0536e-01  5.4204e-01  7.0274e-01  7.7867e-01  8.0935e-01  1.1379e+00  2.1516e+00  2.4110e+00  3.3389e+00
 MINUIT WARNING IN MIGRAD  
 ============== MATRIX FORCED POS-DEF BY ADDING 0.028106 TO DIAGONAL.
 MIGRAD MINIMIZATION HAS CONVERGED.
 FCN=-4882.42 FROM MIGRAD    STATUS=CONVERGED    1701 CALLS        1702 TOTAL
                     EDM=9.24673e-05    STRATEGY= 1  ERROR MATRIX UNCERTAINTY   3.4 per cent
  EXT PARAMETER                                   STEP         FIRST   
  NO.   NAME      VALUE            ERROR          SIZE      DERIVATIVE 
   1  NbkgMRS_d    1.51038e+02   1.73950e+01  -3.45044e-05  -1.00486e+00
   2  NbkgPRS_d    1.94517e+02   1.75896e+01  -1.25288e-04  -1.00529e+00
   3  NsigMRS_d    5.64984e+02   2.75849e+01  -9.60186e-05  -2.39096e-01
   4  NsigPRS_d    5.51463e+02   2.53494e+01   1.42540e-04   3.41497e-01
   5  am           9.99885e+00   1.43969e-01   8.14088e-04  -7.35928e-02
   6  bm          -1.89772e+01   1.60400e+00  -1.48239e-03   1.38926e-02
   7  cm           5.82164e-01   2.54060e-01   3.27383e-05  -2.84106e+01
   8  coeffsig     6.85377e-01   7.47587e-02   6.42295e-05  -3.38571e-01
   9  dm0          1.39742e+02   5.84419e-02  -3.63233e-05  -1.90850e-01
  10  mean         1.45428e+02   8.47882e-02   1.92385e-05   3.47975e+00
  11  sigma1       7.32577e-01   8.38191e-02   8.73427e-05   4.71649e-01
  12  sigma2       1.02114e+00   8.87664e-02  -5.80875e-05   4.79555e-01
  13  sigma3       2.14900e+00   2.12156e-01   1.89922e-04   2.95162e+00
                               ERR DEF= 0.5
 EXTERNAL ERROR MATRIX.    NDIM=  28    NPAR= 13    ERR DEF=0.5
 ELEMENTS ABOVE DIAGONAL ARE NOT PRINTED.
  3.029e+02 
  3.858e+01  3.097e+02 
 -1.938e+02 -7.493e+01  7.632e+02 
 -3.666e+01 -1.540e+02  5.205e+01  6.439e+02 
 -1.584e-01 -1.964e-01  2.398e-01  1.796e-01  6.610e-04 
  9.908e+00  5.934e+00 -1.304e+01 -5.536e+00 -3.870e-02  2.695e+00 
 -8.232e-01 -1.570e+00 -2.219e-02  1.593e+00 -5.856e-04  1.326e-01  6.455e-02 
  5.552e-01  4.239e-01 -5.339e-01 -3.522e-01 -1.185e-03  6.523e-02  5.170e-03  5.638e-03 
  6.122e-02  8.860e-02 -5.188e-02 -9.950e-02 -5.722e-05 -1.029e-03 -2.437e-03  9.232e-05  3.415e-03 
  2.755e-01  2.929e-01 -1.545e-01 -2.343e-01 -4.770e-04  3.562e-02  3.704e-03  4.099e-04  1.384e-05  7.189e-03 
  4.707e-01  3.710e-01 -3.091e-01 -3.225e-01 -8.911e-04  5.432e-02  6.528e-03  3.411e-03  2.900e-05  4.969e-03  7.028e-03 
  8.498e-02  2.664e-02 -1.555e-01  1.294e-03 -1.245e-04  1.206e-02 -3.635e-04  2.936e-03  2.782e-05 -5.027e-03 -1.248e-03 
  8.498e-02  2.664e-02 -1.555e-01  1.294e-03 -1.245e-04  1.206e-02 -3.635e-04  2.936e-03  2.782e-05 -5.027e-03 -1.248e-03  7.882e-03 
  8.910e-01  3.765e-01 -5.535e-01 -4.260e-01 -2.370e-03  1.845e-01  4.067e-02  1.166e-02 -6.122e-04  1.957e-03  7.927e-03 
  8.910e-01  3.765e-01 -5.535e-01 -4.260e-01 -2.370e-03  1.845e-01  4.067e-02  1.166e-02 -6.122e-04  1.957e-03  7.927e-03  4.131e-03  4.505e-02 
 PARAMETER  CORRELATION COEFFICIENTS  
       NO.  GLOBAL      1      2      3      4      5      6      7      8      9     10     11     12     13
        1  0.97837   1.000  0.126 -0.403 -0.083 -0.354  0.347 -0.186  0.425  0.060  0.187  0.323  0.055  0.241
        2  0.97757   0.126  1.000 -0.154 -0.345 -0.434  0.205 -0.351  0.321  0.086  0.196  0.251  0.017  0.101
        3  0.90821  -0.403 -0.154  1.000  0.074  0.338 -0.287 -0.003 -0.257 -0.032 -0.066 -0.133 -0.063 -0.094
        4  0.91660  -0.083 -0.345  0.074  1.000  0.275 -0.133  0.247 -0.185 -0.067 -0.109 -0.152  0.001 -0.079
        5  0.99208  -0.354 -0.434  0.338  0.275  1.000 -0.917 -0.090 -0.614 -0.038 -0.219 -0.413 -0.055 -0.434
        6  0.99013   0.347  0.205 -0.287 -0.133 -0.917  1.000  0.318  0.529 -0.011  0.256  0.395  0.083  0.529
        7  0.99669  -0.186 -0.351 -0.003  0.247 -0.090  0.318  1.000  0.271 -0.164  0.172  0.306 -0.016  0.754
        8  0.98754   0.425  0.321 -0.257 -0.185 -0.614  0.529  0.271  1.000  0.021  0.064  0.542  0.440  0.732
        9  0.54686   0.060  0.086 -0.032 -0.067 -0.038 -0.011 -0.164  0.021  1.000  0.003  0.006  0.005 -0.049
       10  0.97551   0.187  0.196 -0.066 -0.109 -0.219  0.256  0.172  0.064  0.003  1.000  0.699 -0.668  0.109
       11  0.91996   0.323  0.251 -0.133 -0.152 -0.413  0.395  0.306  0.542  0.006  0.699  1.000 -0.168  0.445
       12  0.96224   0.055  0.017 -0.063  0.001 -0.055  0.083 -0.016  0.440  0.005 -0.668 -0.168  1.000  0.219
       13  0.99718   0.241  0.101 -0.094 -0.079 -0.434  0.529  0.754  0.732 -0.049  0.109  0.445  0.219  1.000
 **********
 **   18 **HESSE        6500
 **********
 COVARIANCE MATRIX CALCULATED SUCCESSFULLY
 FCN=-4882.42 FROM HESSE     STATUS=OK            135 CALLS        1837 TOTAL
                     EDM=0.192483    STRATEGY= 1      ERROR MATRIX ACCURATE 
  EXT PARAMETER                                INTERNAL      INTERNAL  
  NO.   NAME      VALUE            ERROR       STEP SIZE       VALUE   
   1  NbkgMRS_d    1.51038e+02   2.53862e+01   2.53751e-03  -6.17125e-01
   2  NbkgPRS_d    1.94517e+02   2.98348e+01   2.53367e-03  -4.98954e-01
   3  NsigMRS_d    5.64984e+02   3.24559e+01   4.11529e-03   6.13786e-01
   4  NsigPRS_d    5.51463e+02   3.53558e+01   3.69491e-03   4.98893e-01
   5  am           9.99885e+00   9.97584e-01   2.13143e-02   1.55566e+00
   6  bm          -1.89772e+01   3.06750e+00   1.42739e-02  -2.02703e+00
   7  cm           5.82164e-01   4.63693e-01   2.68696e-04  -1.11798e+00
   8  coeffsig     6.85377e-01   9.01321e-02   3.49950e-03   3.79820e-01
   9  dm0          1.39742e+02   5.28286e-02   2.50494e-04  -2.57577e-02
  10  mean         1.45428e+02   9.77179e-02   1.79214e-04  -2.96897e-01
  11  sigma1       7.32577e-01   9.68264e-02   7.77508e-04  -1.02264e+00
  12  sigma2       1.02114e+00   9.74792e-02   7.77129e-04  -9.20280e-01
  13  sigma3       2.14900e+00   2.13909e-01   1.62250e-03  -6.06750e-01
                               ERR DEF= 0.5
 EXTERNAL ERROR MATRIX.    NDIM=  28    NPAR= 13    ERR DEF=0.5
 ELEMENTS ABOVE DIAGONAL ARE NOT PRINTED.
  6.461e+02 
  4.753e+02  8.926e+02 
 -4.944e+02 -4.744e+02  1.058e+03 
 -4.765e+02 -7.002e+02  4.757e+02  1.255e+03 
 -2.148e-03 -2.867e-03  2.145e-03  2.877e-03  4.647e-03 
  6.426e+01  7.721e+01 -6.413e+01 -7.740e+01  4.748e-03  1.151e+01 
  6.603e+00  7.846e+00 -6.589e+00 -7.864e+00  1.297e-04  1.253e+00  2.150e-01 
  1.362e+00  1.587e+00 -1.359e+00 -1.591e+00  8.237e-06  2.128e-01  2.343e-02  8.228e-03 
 -6.166e-02 -7.229e-02  6.154e-02  7.246e-02 -1.287e-07 -1.490e-02 -4.569e-03 -1.056e-04  2.791e-03 
  2.752e-01  3.251e-01 -2.746e-01 -3.258e-01  1.604e-05  5.208e-02  2.182e-03  9.044e-04 -3.495e-05  9.549e-03 
  6.057e-01  6.838e-01 -6.045e-01 -6.855e-01  1.567e-05  1.018e-01  8.843e-03  4.656e-03 -1.809e-05  7.126e-03  9.380e-03 
  4.539e-01  5.265e-01 -4.531e-01 -5.279e-01 -1.608e-06  6.738e-02  9.121e-03  3.878e-03 -2.100e-05 -6.527e-03 -2.185e-03 
  4.539e-01  5.265e-01 -4.531e-01 -5.279e-01 -1.608e-06  6.738e-02  9.121e-03  3.878e-03 -2.100e-05 -6.527e-03 -2.185e-03  9.505e-03 
 -1.051e-01 -3.379e-01  1.062e-01  3.405e-01  6.010e-05  7.019e-02  2.299e-02  9.959e-03  2.385e-04  1.605e-03  7.755e-03 
 -1.051e-01 -3.379e-01  1.062e-01  3.405e-01  6.010e-05  7.019e-02  2.299e-02  9.959e-03  2.385e-04  1.605e-03  7.755e-03  3.759e-03  4.580e-02 
 PARAMETER  CORRELATION COEFFICIENTS  
       NO.  GLOBAL      1      2      3      4      5      6      7      8      9     10     11     12     13
        1  0.79628   1.000  0.626 -0.598 -0.529 -0.001  0.745  0.560  0.591 -0.046  0.111  0.246  0.183 -0.019
        2  0.81769   0.626  1.000 -0.488 -0.662 -0.001  0.762  0.566  0.585 -0.046  0.111  0.236  0.181 -0.053
        3  0.64003  -0.598 -0.488  1.000  0.413  0.001 -0.581 -0.437 -0.461  0.036 -0.086 -0.192 -0.143  0.015
        4  0.70615  -0.529 -0.662  0.413  1.000  0.001 -0.644 -0.479 -0.495  0.039 -0.094 -0.200 -0.153  0.045
        5  0.05092  -0.001 -0.001  0.001  0.001  1.000  0.021  0.004  0.001 -0.000  0.002  0.002 -0.000  0.004
        6  0.92371   0.745  0.762 -0.581 -0.644  0.021  1.000  0.796  0.691 -0.083  0.157  0.310  0.204  0.097
        7  0.83354   0.560  0.566 -0.437 -0.479  0.004  0.796  1.000  0.557 -0.187  0.048  0.197  0.202  0.232
        8  0.92857   0.591  0.585 -0.461 -0.495  0.001  0.691  0.557  1.000 -0.022  0.102  0.530  0.439  0.513
        9  0.23544  -0.046 -0.046  0.036  0.039 -0.000 -0.083 -0.187 -0.022  1.000 -0.007 -0.004 -0.004  0.021
       10  0.92431   0.111  0.111 -0.086 -0.094  0.002  0.157  0.048  0.102 -0.007  1.000  0.753 -0.685  0.077
       11  0.90117   0.246  0.236 -0.192 -0.200  0.002  0.310  0.197  0.530 -0.004  0.753  1.000 -0.231  0.374
       12  0.86596   0.183  0.181 -0.143 -0.153 -0.000  0.204  0.202  0.439 -0.004 -0.685 -0.231  1.000  0.180
       13  0.76380  -0.019 -0.053  0.015  0.045  0.004  0.097  0.232  0.513  0.021  0.077  0.374  0.180  1.000
[#1] INFO:NumericIntegration -- RooRealIntegral::init(modelBkg_default_Int[x]) using numeric integrator RooIntegrator1D to calculate Int(x)
[#1] INFO:NumericIntegration -- RooRealIntegral::init(modelBkg_default_Int[x]) using numeric integrator RooIntegrator1D to calculate Int(x)
aaaa0 ; 0 ; 0
aaaa1 ; 0 ; 0
aaaa2 ; 0 ; 0
aaaa3 ; 0 ; 0
aaaa4 ; 0 ; 0
aaaa5 ; 1 ; 0
aaaa6 ; 0 ; 0
aaaa7 ; 1 ; 1
aaaa8 ; 2 ; 1
aaaa9 ; 2 ; 0
aaaa10 ; 4 ; 5
aaaa11 ; 3 ; 2
aaaa12 ; 3 ; 2
aaaa13 ; 8 ; 1
aaaa14 ; 3 ; 2
aaaa15 ; 12 ; 2
aaaa16 ; 3 ; 3
aaaa17 ; 6 ; 1
aaaa18 ; 4 ; 0
aaaa19 ; 3 ; 4
aaaa20 ; 10 ; 2
aaaa21 ; 9 ; 6
aaaa22 ; 7 ; 1
aaaa23 ; 15 ; 4
aaaa24 ; 25 ; 3
aaaa25 ; 22 ; 1
aaaa26 ; 34 ; 0
aaaa27 ; 44 ; 4
aaaa28 ; 58 ; 4
aaaa29 ; 45 ; 3
aaaa30 ; 56 ; 1
aaaa31 ; 46 ; 3
aaaa32 ; 45 ; 3
aaaa33 ; 33 ; 1
aaaa34 ; 30 ; 1
aaaa35 ; 20 ; 2
aaaa36 ; 25 ; 2
aaaa37 ; 14 ; 0
aaaa38 ; 12 ; 1
aaaa39 ; 6 ; 4
aaaa40 ; 10 ; 3
aaaa41 ; 4 ; 2
aaaa42 ; 4 ; 2
aaaa43 ; 4 ; 3
aaaa44 ; 3 ; 5
aaaa45 ; 7 ; 1
aaaa46 ; 5 ; 0
aaaa47 ; 3 ; 5
aaaa48 ; 3 ; 1
aaaa49 ; 3 ; 2
aaaa50 ; 3 ; 3
aaaa51 ; 1 ; 1
aaaa52 ; 4 ; 1
aaaa53 ; 2 ; 2
aaaa54 ; 4 ; 2
aaaa55 ; 3 ; 1
aaaa56 ; 3 ; 1
aaaa57 ; 2 ; 4
aaaa58 ; 3 ; 2
aaaa59 ; 1 ; 4
aaaa60 ; 2 ; 3
aaaa61 ; 3 ; 4
aaaa62 ; 0 ; 1
aaaa63 ; 3 ; 2
aaaa64 ; 1 ; 4
aaaa65 ; 1 ; 4
aaaa66 ; 3 ; 1
aaaa67 ; 0 ; 0
aaaa68 ; 3 ; 5
aaaa69 ; 4 ; 6
aaaa70 ; 4 ; 3
aaaa71 ; 3 ; 2
aaaa72 ; 1 ; 3
aaaa73 ; 4 ; 5
aaaa74 ; 6 ; 2
aaaa75 ; 3 ; 5
aaaa76 ; 3 ; 0
aaaa77 ; 5 ; 4
aaaa78 ; 3 ; 5
aaaa79 ; 1 ; 2
aaaa80 ; 2 ; 2
aaaa81 ; 3 ; 6
aaaa82 ; 1 ; 6
aaaa83 ; 4 ; 4
[#0] WARNING:Plotting -- RooHist::addBin(signal_hist_plot__x) WARNING: negative entry set to zero when Poisson error bars are requested
[#0] WARNING:Plotting -- RooHist::addBin(signal_hist_plot__x) WARNING: negative entry set to zero when Poisson error bars are requested
[#0] WARNING:Plotting -- RooHist::addBin(signal_hist_plot__x) WARNING: negative entry set to zero when Poisson error bars are requested
[#0] WARNING:Plotting -- RooHist::addBin(signal_hist_plot__x) WARNING: negative entry set to zero when Poisson error bars are requested
[#0] WARNING:Plotting -- RooHist::addBin(signal_hist_plot__x) WARNING: negative entry set to zero when Poisson error bars are requested
[#0] WARNING:Plotting -- RooHist::addBin(signal_hist_plot__x) WARNING: negative entry set to zero when Poisson error bars are requested
[#0] WARNING:Plotting -- RooHist::addBin(signal_hist_plot__x) WARNING: negative entry set to zero when Poisson error bars are requested
[#0] WARNING:Plotting -- RooHist::addBin(signal_hist_plot__x) WARNING: negative entry set to zero when Poisson error bars are requested
[#0] WARNING:Plotting -- RooHist::addBin(signal_hist_plot__x) WARNING: negative entry set to zero when Poisson error bars are requested
[#0] WARNING:Plotting -- RooHist::addBin(signal_hist_plot__x) WARNING: negative entry set to zero when Poisson error bars are requested
[#0] WARNING:Plotting -- RooHist::addBin(signal_hist_plot__x) WARNING: negative entry set to zero when Poisson error bars are requested
[#0] WARNING:Plotting -- RooHist::addBin(signal_hist_plot__x) WARNING: negative entry set to zero when Poisson error bars are requested
[#0] WARNING:Plotting -- RooHist::addBin(signal_hist_plot__x) WARNING: negative entry set to zero when Poisson error bars are requested
[#0] WARNING:Plotting -- RooHist::addBin(signal_hist_plot__x) WARNING: negative entry set to zero when Poisson error bars are requested
[#0] WARNING:Plotting -- RooHist::addBin(signal_hist_plot__x) WARNING: negative entry set to zero when Poisson error bars are requested
[#0] WARNING:Plotting -- RooHist::addBin(signal_hist_plot__x) WARNING: negative entry set to zero when Poisson error bars are requested
[#0] WARNING:Plotting -- RooHist::addBin(signal_hist_plot__x) WARNING: negative entry set to zero when Poisson error bars are requested
[#0] WARNING:Plotting -- RooHist::addBin(signal_hist_plot__x) WARNING: negative entry set to zero when Poisson error bars are requested
[#0] WARNING:Plotting -- RooHist::addBin(signal_hist_plot__x) WARNING: negative entry set to zero when Poisson error bars are requested
[#0] WARNING:Plotting -- RooHist::addBin(signal_hist_plot__x) WARNING: negative entry set to zero when Poisson error bars are requested
[#1] INFO:NumericIntegration -- RooRealIntegral::init(modelBkg_Int[x]) using numeric integrator RooIntegrator1D to calculate Int(x)
[#1] INFO:NumericIntegration -- RooRealIntegral::init(modelBkg_Int[x]) using numeric integrator RooIntegrator1D to calculate Int(x)
[#1] INFO:NumericIntegration -- RooRealIntegral::init(modelBkg_Int[x]) using numeric integrator RooIntegrator1D to calculate Int(x)
[#1] INFO:NumericIntegration -- RooRealIntegral::init(modelBkg_Int[x]) using numeric integrator RooIntegrator1D to calculate Int(x)
[#1] INFO:Fitting -- RooAddition::defaultErrorLevel(nll) Summation contains a RooNLLVar, using its error level
 **********
 **   13 **MIGRAD        4000           1
 **********
 FIRST CALL TO USER FUNCTION AT NEW START POINT, WITH IFLAG=4.
 START MIGRAD MINIMIZATION.  STRATEGY  1.  CONVERGENCE WHEN EDM .LT. 1.00e-03
 FCN=-4945.02 FROM MIGRAD    STATUS=INITIATE       45 CALLS          46 TOTAL
                     EDM= unknown      STRATEGY= 1      NO ERROR MATRIX       
  EXT PARAMETER               CURRENT GUESS       STEP         FIRST   
  NO.   NAME      VALUE            ERROR          SIZE      DERIVATIVE 
   1  NbkgMRS      1.51038e+02   2.00000e+01   0.00000e+00  -2.13035e+00
   2  NbkgPRS      1.94517e+02   2.00000e+01   0.00000e+00   8.98770e+00
   3  NsigMRS      5.64984e+02   2.00000e+01   0.00000e+00   3.96240e-01
   4  NsigPRS      5.51463e+02   2.00000e+01   0.00000e+00  -3.17406e+00
   5  am           9.42080e+00   9.97584e-01  -3.26884e-01  -4.68205e+00
   6  bm          -1.89772e+01   3.06750e+00   0.00000e+00  -1.28492e+00
   7  cm           5.82164e-01   4.63693e-01   0.00000e+00  -1.93934e+02
   8  dm0          1.39742e+02   5.28286e-02   0.00000e+00   6.16657e+00
                               ERR DEF= 0.5
 MIGRAD MINIMIZATION HAS CONVERGED.
 MIGRAD WILL VERIFY CONVERGENCE AND ERROR MATRIX.
 COVARIANCE MATRIX CALCULATED SUCCESSFULLY
 FCN=-4948.56 FROM HESSE     STATUS=OK             69 CALLS         297 TOTAL
                     EDM=0.000765203    STRATEGY= 1      ERROR MATRIX ACCURATE 
  EXT PARAMETER                                   STEP         FIRST   
  NO.   NAME      VALUE            ERROR          SIZE      DERIVATIVE 
   1  NbkgMRS      1.56678e+02   1.75323e+01   7.62029e-03   8.17189e-04
   2  NbkgPRS      1.58561e+02   1.82218e+01   8.50553e-03   3.27994e-03
   3  NsigMRS      5.60306e+02   2.64027e+01   1.21432e-02  -3.13453e-03
   4  NsigPRS      5.87418e+02   2.72453e+01   1.33967e-02  -4.19968e-03
   5  am           9.74808e+00   4.89838e-01   6.94481e-03   5.27751e-02
   6  bm          -1.99999e+01   1.58965e+00   2.76284e-02  -1.45012e-02
   7  cm           1.07613e+00   4.96109e-01   3.38158e-04  -1.08229e+00
   8  dm0          1.39643e+02   1.09489e-01   4.66318e-04   2.39704e+00
                               ERR DEF= 0.5
 MIGRAD MINIMIZATION HAS CONVERGED.
 FCN=-4948.56 FROM MIGRAD    STATUS=CONVERGED     321 CALLS         322 TOTAL
                     EDM=5.48102e-05    STRATEGY= 1  ERROR MATRIX UNCERTAINTY   0.7 per cent
  EXT PARAMETER                                   STEP         FIRST   
  NO.   NAME      VALUE            ERROR          SIZE      DERIVATIVE 
   1  NbkgMRS      1.56750e+02   1.76198e+01   7.24505e-04  -1.21024e-03
   2  NbkgPRS      1.58622e+02   1.82905e+01   6.56224e-04   3.69243e-04
   3  NsigMRS      5.60243e+02   2.64453e+01  -6.34319e-04  -1.05907e-03
   4  NsigPRS      5.87368e+02   2.72786e+01  -5.31361e-04  -1.63492e-03
   5  am           9.74158e+00   5.06348e-01  -2.90006e-03   2.18348e-02
   6  bm          -2.00000e+01   1.60773e+00   2.59081e-03  -6.63951e-03
   7  cm           1.08400e+00   4.95080e-01   1.67439e-04  -6.03665e-01
   8  dm0          1.39641e+02   8.18224e-02  -1.95348e-04  -2.46885e-01
                               ERR DEF= 0.5
 EXTERNAL ERROR MATRIX.    NDIM=  25    NPAR=  8    ERR DEF=0.5
  3.137e+02  4.950e+01 -1.564e+02 -4.880e+01 -3.657e+00  1.443e-03  2.480e+00 -3.379e-02 
  4.950e+01  3.389e+02 -4.909e+01 -1.792e+02 -3.512e+00  1.217e-03  2.307e+00 -2.534e-02 
 -1.564e+02 -4.909e+01  7.163e+02  4.846e+01  3.625e+00 -1.140e-03 -2.452e+00  3.482e-02 
 -4.880e+01 -1.792e+02  4.846e+01  7.663e+02  3.465e+00 -8.447e-04 -2.268e+00  2.777e-02 
 -3.657e+00 -3.512e+00  3.625e+00  3.465e+00  2.608e-01 -2.771e-04 -1.821e-01  5.200e-03 
  1.443e-03  1.217e-03 -1.140e-03 -8.447e-04 -2.771e-04  1.547e-04  5.961e-05  1.686e-05 
  2.480e+00  2.307e+00 -2.452e+00 -2.268e+00 -1.821e-01  5.961e-05  2.451e-01 -1.166e-02 
 -3.379e-02 -2.534e-02  3.482e-02  2.777e-02  5.200e-03  1.686e-05 -1.166e-02  6.695e-03 
 PARAMETER  CORRELATION COEFFICIENTS  
       NO.  GLOBAL      1      2      3      4      5      6      7      8
        1  0.46624   1.000  0.152 -0.330 -0.100 -0.404  0.007  0.283 -0.023
        2  0.46083   0.152  1.000 -0.100 -0.352 -0.374  0.005  0.253 -0.017
        3  0.36020  -0.330 -0.100  1.000  0.065  0.265 -0.003 -0.185  0.016
        4  0.37264  -0.100 -0.352  0.065  1.000  0.245 -0.002 -0.165  0.012
        5  0.77990  -0.404 -0.374  0.265  0.245  1.000 -0.044 -0.720  0.124
        6  0.05895   0.007  0.005 -0.003 -0.002 -0.044  1.000  0.010  0.017
        7  0.74751   0.283  0.253 -0.185 -0.165 -0.720  0.010  1.000 -0.288
        8  0.31403  -0.023 -0.017  0.016  0.012  0.124  0.017 -0.288  1.000
 **********
 **   18 **HESSE        4000
 **********
 COVARIANCE MATRIX CALCULATED SUCCESSFULLY
 FCN=-4948.56 FROM HESSE     STATUS=OK             71 CALLS         393 TOTAL
                     EDM=0.00023911    STRATEGY= 1      ERROR MATRIX ACCURATE 
  EXT PARAMETER                                INTERNAL      INTERNAL  
  NO.   NAME      VALUE            ERROR       STEP SIZE       VALUE   
   1  NbkgMRS      1.56750e+02   1.76020e+01   3.04812e-03   5.71475e-02
   2  NbkgPRS      1.58622e+02   1.82889e+01   8.50432e-03  -3.67137e-01
   3  NsigMRS      5.60243e+02   2.64464e+01   1.21428e-02  -4.74321e-02
   4  NsigPRS      5.87368e+02   2.72946e+01   5.35867e-03   3.67253e-01
   5  am           9.74158e+00   4.90442e-01   2.77792e-03   1.34296e+00
   6  bm          -2.00000e+01   1.59971e+00   2.77361e-02  -1.57296e+00
   7  cm           1.08400e+00   4.81490e-01   3.38031e-04  -1.10717e+00
   8  dm0          1.39641e+02   6.93644e-02   2.75365e-04  -3.59386e-02
                               ERR DEF= 0.5
 EXTERNAL ERROR MATRIX.    NDIM=  25    NPAR=  8    ERR DEF=0.5
  3.131e+02  4.893e+01 -1.561e+02 -4.884e+01 -3.502e+00 -1.042e-03  2.360e+00 -2.113e-02 
  4.893e+01  3.389e+02 -4.888e+01 -1.800e+02 -3.384e+00 -9.503e-04  2.215e+00 -1.531e-02 
 -1.561e+02 -4.888e+01  7.164e+02  4.878e+01  3.498e+00  1.041e-03 -2.357e+00  2.110e-02 
 -4.884e+01 -1.800e+02  4.878e+01  7.673e+02  3.377e+00  9.483e-04 -2.210e+00  1.527e-02 
 -3.502e+00 -3.384e+00  3.498e+00  3.377e+00  2.444e-01 -1.694e-04 -1.698e-01  4.179e-03 
 -1.042e-03 -9.503e-04  1.041e-03  9.483e-04 -1.694e-04  1.539e-04 -8.993e-05  1.299e-06 
  2.360e+00  2.215e+00 -2.357e+00 -2.210e+00 -1.698e-01 -8.993e-05  2.318e-01 -8.412e-03 
 -2.113e-02 -1.531e-02  2.110e-02  1.527e-02  4.179e-03  1.299e-06 -8.412e-03  4.811e-03 
 PARAMETER  CORRELATION COEFFICIENTS  
       NO.  GLOBAL      1      2      3      4      5      6      7      8
        1  0.46372   1.000  0.150 -0.330 -0.100 -0.400 -0.005  0.277 -0.017
        2  0.46044   0.150  1.000 -0.099 -0.353 -0.372 -0.004  0.250 -0.012
        3  0.36020  -0.330 -0.099  1.000  0.066  0.264  0.003 -0.183  0.011
        4  0.37451  -0.100 -0.353  0.066  1.000  0.247  0.003 -0.166  0.008
        5  0.77362  -0.400 -0.372  0.264  0.247  1.000 -0.028 -0.713  0.122
        6  0.06277  -0.005 -0.004  0.003  0.003 -0.028  1.000 -0.015  0.002
        7  0.73342   0.277  0.250 -0.183 -0.166 -0.713 -0.015  1.000 -0.252
        8  0.26916  -0.017 -0.012  0.011  0.008  0.122  0.002 -0.252  1.000
76 ; 0.389113 ; 1.275
[#1] INFO:Plotting -- RooAbsPdf::plotOn(modelMRS) directly selected PDF components: (modelBkg)
[#1] INFO:Plotting -- RooAbsPdf::plotOn(modelMRS) indirectly selected PDF components: ()
[#1] INFO:NumericIntegration -- RooRealIntegral::init(modelBkg_Int[x]) using numeric integrator RooIntegrator1D to calculate Int(x)
[#1] INFO:Plotting -- RooAbsPdf::plotOn(modelMRS) directly selected PDF components: (modelSig)
[#1] INFO:Plotting -- RooAbsPdf::plotOn(modelMRS) indirectly selected PDF components: ()
[#1] INFO:NumericIntegration -- RooRealIntegral::init(modelBkg_Int[x]) using numeric integrator RooIntegrator1D to calculate Int(x)
[#1] INFO:NumericIntegration -- RooRealIntegral::init(modelBkg_Int[x]) using numeric integrator RooIntegrator1D to calculate Int(x)
[#1] INFO:Plotting -- RooAbsPdf::plotOn(modelPRS) directly selected PDF components: (modelBkg)
[#1] INFO:Plotting -- RooAbsPdf::plotOn(modelPRS) indirectly selected PDF components: ()
[#1] INFO:NumericIntegration -- RooRealIntegral::init(modelBkg_Int[x]) using numeric integrator RooIntegrator1D to calculate Int(x)
[#1] INFO:Plotting -- RooAbsPdf::plotOn(modelPRS) directly selected PDF components: (modelSig)
[#1] INFO:Plotting -- RooAbsPdf::plotOn(modelPRS) indirectly selected PDF components: ()
[#1] INFO:NumericIntegration -- RooRealIntegral::init(modelBkg_Int[x]) using numeric integrator RooIntegrator1D to calculate Int(x)
[#1] INFO:NumericIntegration -- RooRealIntegral::init(modelBkg_Int[x]) using numeric integrator RooIntegrator1D to calculate Int(x)
PRS chi2: 0.267102 ; MPS chi2: 1.07794
