   ------------------------------------------------------------------
  | Welcome to ROOT 6.24/08                        https://root.cern |
  | (c) 1995-2021, The ROOT Team; conception: R. Brun, F. Rademakers |
  | Built for linuxx8664gcc on Sep 29 2022, 13:04:57                 |
  | From tags/v6-24-08@v6-24-08                                      |
  | With c++ (GCC) 4.8.5 20150623 (Red Hat 4.8.5-44)                 |
  | Try '.help', '.demo', '.license', '.credits', '.quit'/'.q'       |
   ------------------------------------------------------------------


Processing ws_part.C(5,"Down","2017")...

[1mRooFit v3.60 -- Developed by Wouter Verkerke and David Kirkby[0m 
                Copyright (C) 2000-2013 NIKHEF, University of California & Stanford University
                All rights reserved, please read http://roofit.sourceforge.net/license.txt

-------------------------
Set LHCb Style - May 2021
-------------------------
../parttempt/PARAMs/PartMom_5.txt
[#0] ERROR:Integration --  RooNumIntFactory::Init : libRooFitMore cannot be loaded. GSL integrators will not beavailable ! 
[#1] INFO:NumericIntegration -- RooRealIntegral::init([pdfD0BG_X_poly]_Norm[x]_denominator_Int[x]) using numeric integrator RooIntegrator1D to calculate Int(x)
[#1] INFO:NumericIntegration -- RooRealIntegral::init([pdfD0BG_X_poly]_Norm[x]_denominator_Int[x]) using numeric integrator RooIntegrator1D to calculate Int(x)
[#1] INFO:Fitting -- RooAddition::defaultErrorLevel(nll) Summation contains a RooNLLVar, using its error level
 **********
 **   13 **MIGRAD        4500           1
 **********
 FIRST CALL TO USER FUNCTION AT NEW START POINT, WITH IFLAG=4.
 START MIGRAD MINIMIZATION.  STRATEGY  1.  CONVERGENCE WHEN EDM .LT. 1.00e-03
[#0] WARNING:Minization -- RooMinuitGlue: Minimized function has error status.
Returning maximum FCN so far (-87558.5) to force MIGRAD to back out of this region. Error log follows
Parameter values: NbkgMWS=9610, NbkgPWS=9509, am=5, bm=-9, cm=2.5, dm0=139.308, poly_a=0.1, poly_b=-0.2, poly_c=-0.2
RooAddition::nll[ nll_modelPWS_dataPWS + nll_modelMWS_dataMWS ]
     function value is NAN @ !set=(nll_modelPWS_dataPWS = -nan,nll_modelMWS_dataMWS = -nan)
RooNLLVar::nll_modelPWS_dataPWS[ paramSet=(NbkgPWS,am,bm,cm,dm0,poly_a,poly_b,poly_c) ]
     function value is NAN @ paramSet=(NbkgPWS = 9509,am = 5,bm = -9,cm = 2.5,dm0 = 139.308,poly_a = 0.1,poly_b = -0.2,poly_c = -0.2)
RooAddPdf::modelPWS[ NbkgPWS * modelBkg ]
     getLogVal() top-level p.d.f evaluates to zero @ !refCoefNorm=(), !pdfs=(modelBkg = 0/1), !coefficients=(NbkgPWS = 9509)
RooNLLVar::nll_modelMWS_dataMWS[ paramSet=(NbkgMWS,am,bm,cm,dm0,poly_a,poly_b,poly_c) ]
     function value is NAN @ paramSet=(NbkgMWS = 9610,am = 5,bm = -9,cm = 2.5,dm0 = 139.308,poly_a = 0.1,poly_b = -0.2,poly_c = -0.2)
RooAddPdf::modelMWS[ NbkgMWS * modelBkg ]
     getLogVal() top-level p.d.f evaluates to zero @ !refCoefNorm=(), !pdfs=(modelBkg = 0/1), !coefficients=(NbkgMWS = 9610)

 FCN=-87712.9 FROM MIGRAD    STATUS=INITIATE       40 CALLS          41 TOTAL
                     EDM= unknown      STRATEGY= 1      NO ERROR MATRIX       
  EXT PARAMETER               CURRENT GUESS       STEP         FIRST   
  NO.   NAME      VALUE            ERROR          SIZE      DERIVATIVE 
   1  NbkgMWS      9.61000e+03   3.92480e+02   2.01403e-01  -3.27852e-03
   2  NbkgPWS      9.50900e+03   3.80360e+02   2.01358e-01  -2.78967e-03
   3  am           5.00000e+00   1.20000e+00   2.04382e-01   2.08962e+03
   4  bm          -9.00000e+00   3.00000e+00   2.09401e-01   3.12164e+03
   5  cm           2.50000e+00   2.00000e+00   2.08372e-01   3.48521e+03
   6  dm0          1.39000e+02   1.50000e+00   2.05758e-01   3.81867e+03
   7  poly_a       1.00000e-01   2.00000e-01   2.02430e-01   1.04613e+03
   8  poly_b      -2.00000e-01   2.00000e-01   2.05758e-01  -2.25387e+03
   9  poly_c      -2.00000e-01   2.00000e-01   2.05758e-01  -1.50166e+03
                               ERR DEF= 0.5
[#0] WARNING:Minization -- RooMinuitGlue: Minimized function has error status.
Returning maximum FCN so far (-87558.5) to force MIGRAD to back out of this region. Error log follows
Parameter values: NbkgMWS=9610.02, NbkgPWS=9509.01, am=4.71561, bm=-10.8358, cm=-2.11274, dm0=138.946, poly_a=-0.0330356, poly_b=0.280407, poly_c=-0.0221181
RooAddition::nll[ nll_modelPWS_dataPWS + nll_modelMWS_dataMWS ]
     function value is NAN @ !set=(nll_modelPWS_dataPWS = -nan,nll_modelMWS_dataMWS = -nan)
RooNLLVar::nll_modelPWS_dataPWS[ paramSet=(NbkgPWS,am,bm,cm,dm0,poly_a,poly_b,poly_c) ]
     function value is NAN @ paramSet=(NbkgPWS = 9509.01,am = 4.71561,bm = -10.8358,cm = -2.11274,dm0 = 138.946,poly_a = -0.0330356,poly_b = 0.280407,poly_c = -0.0221181)
RooAddPdf::modelPWS[ NbkgPWS * modelBkg ]
     p.d.f value is Not-a-Number @ !refCoefNorm=(), !pdfs=(modelBkg = -nan/1), !coefficients=(NbkgPWS = 9509.01)
     getLogVal() top-level p.d.f evaluates to NaN @ !refCoefNorm=(), !pdfs=(modelBkg = -nan/1), !coefficients=(NbkgPWS = 9509.01)
     p.d.f value is Not-a-Number @ !refCoefNorm=(), !pdfs=(modelBkg = -nan/1), !coefficients=(NbkgPWS = 9509.01)
     getLogVal() top-level p.d.f evaluates to NaN @ !refCoefNorm=(), !pdfs=(modelBkg = -nan/1), !coefficients=(NbkgPWS = 9509.01)
     p.d.f value is Not-a-Number @ !refCoefNorm=(), !pdfs=(modelBkg = -nan/1), !coefficients=(NbkgPWS = 9509.01)
     getLogVal() top-level p.d.f evaluates to NaN @ !refCoefNorm=(), !pdfs=(modelBkg = -nan/1), !coefficients=(NbkgPWS = 9509.01)
     p.d.f value is Not-a-Number @ !refCoefNorm=(), !pdfs=(modelBkg = -nan/1), !coefficients=(NbkgPWS = 9509.01)
     getLogVal() top-level p.d.f evaluates to NaN @ !refCoefNorm=(), !pdfs=(modelBkg = -nan/1), !coefficients=(NbkgPWS = 9509.01)
     p.d.f value is Not-a-Number @ !refCoefNorm=(), !pdfs=(modelBkg = -nan/1), !coefficients=(NbkgPWS = 9509.01)
     getLogVal() top-level p.d.f evaluates to NaN @ !refCoefNorm=(), !pdfs=(modelBkg = -nan/1), !coefficients=(NbkgPWS = 9509.01)
     p.d.f value is Not-a-Number @ !refCoefNorm=(), !pdfs=(modelBkg = -nan/1), !coefficients=(NbkgPWS = 9509.01)
     getLogVal() top-level p.d.f evaluates to NaN @ !refCoefNorm=(), !pdfs=(modelBkg = -nan/1), !coefficients=(NbkgPWS = 9509.01)
    ... (remaining 130 messages suppressed)
RooProdPdf::modelBkg[ pdfD0BG * poly ]
     p.d.f value is Not-a-Number @ !pdfs=(pdfD0BG = 0,poly = 1.31639)
     p.d.f value is Not-a-Number @ !pdfs=(pdfD0BG = 0,poly = 1.27905)
     p.d.f value is Not-a-Number @ !pdfs=(pdfD0BG = 0,poly = 1.24305)
     p.d.f value is Not-a-Number @ !pdfs=(pdfD0BG = 0,poly = 1.20836)
     p.d.f value is Not-a-Number @ !pdfs=(pdfD0BG = 0,poly = 1.17498)
     p.d.f value is Not-a-Number @ !pdfs=(pdfD0BG = 0,poly = 1.14289)
     p.d.f value is Not-a-Number @ !pdfs=(pdfD0BG = 0,poly = 1.11208)
     p.d.f value is Not-a-Number @ !pdfs=(pdfD0BG = 0,poly = 1.08254)
     p.d.f value is Not-a-Number @ !pdfs=(pdfD0BG = 0,poly = 1.05426)
     p.d.f value is Not-a-Number @ !pdfs=(pdfD0BG = 0,poly = 1.02722)
     p.d.f value is Not-a-Number @ !pdfs=(pdfD0BG = 0,poly = 1.00141)
     p.d.f value is Not-a-Number @ !pdfs=(pdfD0BG = 0,poly = 0.976826)
    ... (remaining 60 messages suppressed)
RooGenProdProj::[pdfD0BG_X_poly]_Norm[x][ compSetN=(pdfD0BG,poly,[pdfD0BG_X_poly]_Norm[x]_numerator,[pdfD0BG_X_poly]_Norm[x]_numerator_Int[]) compSetD=(pdfD0BG,poly,[pdfD0BG_X_poly]_Norm[x]_denominator,[pdfD0BG_X_poly]_Norm[x]_denominator_Int[x]) intList=([pdfD0BG_X_poly]_Norm[x]_numerator_Int[],[pdfD0BG_X_poly]_Norm[x]_denominator_Int[x]) ]
     function value is NAN @ compSetN=(pdfD0BG = 0,poly = 1.31639,[pdfD0BG_X_poly]_Norm[x]_numerator = 0,[pdfD0BG_X_poly]_Norm[x]_numerator_Int[] = 0), compSetD=(pdfD0BG = 0,poly = 1.31639,[pdfD0BG_X_poly]_Norm[x]_denominator = 0,[pdfD0BG_X_poly]_Norm[x]_denominator_Int[x] = 0), intList=([pdfD0BG_X_poly]_Norm[x]_numerator_Int[] = 0,[pdfD0BG_X_poly]_Norm[x]_denominator_Int[x] = 0)
     function value is NAN @ compSetN=(pdfD0BG = 0,poly = 1.27905,[pdfD0BG_X_poly]_Norm[x]_numerator = 0,[pdfD0BG_X_poly]_Norm[x]_numerator_Int[] = 0), compSetD=(pdfD0BG = 0,poly = 1.27905,[pdfD0BG_X_poly]_Norm[x]_denominator = 0,[pdfD0BG_X_poly]_Norm[x]_denominator_Int[x] = 0), intList=([pdfD0BG_X_poly]_Norm[x]_numerator_Int[] = 0,[pdfD0BG_X_poly]_Norm[x]_denominator_Int[x] = 0)
     function value is NAN @ compSetN=(pdfD0BG = 0,poly = 1.24305,[pdfD0BG_X_poly]_Norm[x]_numerator = 0,[pdfD0BG_X_poly]_Norm[x]_numerator_Int[] = 0), compSetD=(pdfD0BG = 0,poly = 1.24305,[pdfD0BG_X_poly]_Norm[x]_denominator = 0,[pdfD0BG_X_poly]_Norm[x]_denominator_Int[x] = 0), intList=([pdfD0BG_X_poly]_Norm[x]_numerator_Int[] = 0,[pdfD0BG_X_poly]_Norm[x]_denominator_Int[x] = 0)
     function value is NAN @ compSetN=(pdfD0BG = 0,poly = 1.20836,[pdfD0BG_X_poly]_Norm[x]_numerator = 0,[pdfD0BG_X_poly]_Norm[x]_numerator_Int[] = 0), compSetD=(pdfD0BG = 0,poly = 1.20836,[pdfD0BG_X_poly]_Norm[x]_denominator = 0,[pdfD0BG_X_poly]_Norm[x]_denominator_Int[x] = 0), intList=([pdfD0BG_X_poly]_Norm[x]_numerator_Int[] = 0,[pdfD0BG_X_poly]_Norm[x]_denominator_Int[x] = 0)
     function value is NAN @ compSetN=(pdfD0BG = 0,poly = 1.17498,[pdfD0BG_X_poly]_Norm[x]_numerator = 0,[pdfD0BG_X_poly]_Norm[x]_numerator_Int[] = 0), compSetD=(pdfD0BG = 0,poly = 1.17498,[pdfD0BG_X_poly]_Norm[x]_denominator = 0,[pdfD0BG_X_poly]_Norm[x]_denominator_Int[x] = 0), intList=([pdfD0BG_X_poly]_Norm[x]_numerator_Int[] = 0,[pdfD0BG_X_poly]_Norm[x]_denominator_Int[x] = 0)
     function value is NAN @ compSetN=(pdfD0BG = 0,poly = 1.14289,[pdfD0BG_X_poly]_Norm[x]_numerator = 0,[pdfD0BG_X_poly]_Norm[x]_numerator_Int[] = 0), compSetD=(pdfD0BG = 0,poly = 1.14289,[pdfD0BG_X_poly]_Norm[x]_denominator = 0,[pdfD0BG_X_poly]_Norm[x]_denominator_Int[x] = 0), intList=([pdfD0BG_X_poly]_Norm[x]_numerator_Int[] = 0,[pdfD0BG_X_poly]_Norm[x]_denominator_Int[x] = 0)
     function value is NAN @ compSetN=(pdfD0BG = 0,poly = 1.11208,[pdfD0BG_X_poly]_Norm[x]_numerator = 0,[pdfD0BG_X_poly]_Norm[x]_numerator_Int[] = 0), compSetD=(pdfD0BG = 0,poly = 1.11208,[pdfD0BG_X_poly]_Norm[x]_denominator = 0,[pdfD0BG_X_poly]_Norm[x]_denominator_Int[x] = 0), intList=([pdfD0BG_X_poly]_Norm[x]_numerator_Int[] = 0,[pdfD0BG_X_poly]_Norm[x]_denominator_Int[x] = 0)
     function value is NAN @ compSetN=(pdfD0BG = 0,poly = 1.08254,[pdfD0BG_X_poly]_Norm[x]_numerator = 0,[pdfD0BG_X_poly]_Norm[x]_numerator_Int[] = 0), compSetD=(pdfD0BG = 0,poly = 1.08254,[pdfD0BG_X_poly]_Norm[x]_denominator = 0,[pdfD0BG_X_poly]_Norm[x]_denominator_Int[x] = 0), intList=([pdfD0BG_X_poly]_Norm[x]_numerator_Int[] = 0,[pdfD0BG_X_poly]_Norm[x]_denominator_Int[x] = 0)
     function value is NAN @ compSetN=(pdfD0BG = 0,poly = 1.05426,[pdfD0BG_X_poly]_Norm[x]_numerator = 0,[pdfD0BG_X_poly]_Norm[x]_numerator_Int[] = 0), compSetD=(pdfD0BG = 0,poly = 1.05426,[pdfD0BG_X_poly]_Norm[x]_denominator = 0,[pdfD0BG_X_poly]_Norm[x]_denominator_Int[x] = 0), intList=([pdfD0BG_X_poly]_Norm[x]_numerator_Int[] = 0,[pdfD0BG_X_poly]_Norm[x]_denominator_Int[x] = 0)
     function value is NAN @ compSetN=(pdfD0BG = 0,poly = 1.02722,[pdfD0BG_X_poly]_Norm[x]_numerator = 0,[pdfD0BG_X_poly]_Norm[x]_numerator_Int[] = 0), compSetD=(pdfD0BG = 0,poly = 1.02722,[pdfD0BG_X_poly]_Norm[x]_denominator = 0,[pdfD0BG_X_poly]_Norm[x]_denominator_Int[x] = 0), intList=([pdfD0BG_X_poly]_Norm[x]_numerator_Int[] = 0,[pdfD0BG_X_poly]_Norm[x]_denominator_Int[x] = 0)
     function value is NAN @ compSetN=(pdfD0BG = 0,poly = 1.00141,[pdfD0BG_X_poly]_Norm[x]_numerator = 0,[pdfD0BG_X_poly]_Norm[x]_numerator_Int[] = 0), compSetD=(pdfD0BG = 0,poly = 1.00141,[pdfD0BG_X_poly]_Norm[x]_denominator = 0,[pdfD0BG_X_poly]_Norm[x]_denominator_Int[x] = 0), intList=([pdfD0BG_X_poly]_Norm[x]_numerator_Int[] = 0,[pdfD0BG_X_poly]_Norm[x]_denominator_Int[x] = 0)
     function value is NAN @ compSetN=(pdfD0BG = 0,poly = 0.976826,[pdfD0BG_X_poly]_Norm[x]_numerator = 0,[pdfD0BG_X_poly]_Norm[x]_numerator_Int[] = 0), compSetD=(pdfD0BG = 0,poly = 0.976826,[pdfD0BG_X_poly]_Norm[x]_denominator = 0,[pdfD0BG_X_poly]_Norm[x]_denominator_Int[x] = 0), intList=([pdfD0BG_X_poly]_Norm[x]_numerator_Int[] = 0,[pdfD0BG_X_poly]_Norm[x]_denominator_Int[x] = 0)
    ... (remaining 60 messages suppressed)
RooNLLVar::nll_modelMWS_dataMWS[ paramSet=(NbkgMWS,am,bm,cm,dm0,poly_a,poly_b,poly_c) ]
     function value is NAN @ paramSet=(NbkgMWS = 9610.02,am = 4.71561,bm = -10.8358,cm = -2.11274,dm0 = 138.946,poly_a = -0.0330356,poly_b = 0.280407,poly_c = -0.0221181)
RooAddPdf::modelMWS[ NbkgMWS * modelBkg ]
     p.d.f value is Not-a-Number @ !refCoefNorm=(), !pdfs=(modelBkg = -nan/1), !coefficients=(NbkgMWS = 9610.02)
     getLogVal() top-level p.d.f evaluates to NaN @ !refCoefNorm=(), !pdfs=(modelBkg = -nan/1), !coefficients=(NbkgMWS = 9610.02)
     p.d.f value is Not-a-Number @ !refCoefNorm=(), !pdfs=(modelBkg = -nan/1), !coefficients=(NbkgMWS = 9610.02)
     getLogVal() top-level p.d.f evaluates to NaN @ !refCoefNorm=(), !pdfs=(modelBkg = -nan/1), !coefficients=(NbkgMWS = 9610.02)
     p.d.f value is Not-a-Number @ !refCoefNorm=(), !pdfs=(modelBkg = -nan/1), !coefficients=(NbkgMWS = 9610.02)
     getLogVal() top-level p.d.f evaluates to NaN @ !refCoefNorm=(), !pdfs=(modelBkg = -nan/1), !coefficients=(NbkgMWS = 9610.02)
     p.d.f value is Not-a-Number @ !refCoefNorm=(), !pdfs=(modelBkg = -nan/1), !coefficients=(NbkgMWS = 9610.02)
     getLogVal() top-level p.d.f evaluates to NaN @ !refCoefNorm=(), !pdfs=(modelBkg = -nan/1), !coefficients=(NbkgMWS = 9610.02)
     p.d.f value is Not-a-Number @ !refCoefNorm=(), !pdfs=(modelBkg = -nan/1), !coefficients=(NbkgMWS = 9610.02)
     getLogVal() top-level p.d.f evaluates to NaN @ !refCoefNorm=(), !pdfs=(modelBkg = -nan/1), !coefficients=(NbkgMWS = 9610.02)
     p.d.f value is Not-a-Number @ !refCoefNorm=(), !pdfs=(modelBkg = -nan/1), !coefficients=(NbkgMWS = 9610.02)
     getLogVal() top-level p.d.f evaluates to NaN @ !refCoefNorm=(), !pdfs=(modelBkg = -nan/1), !coefficients=(NbkgMWS = 9610.02)
    ... (remaining 130 messages suppressed)
RooProdPdf::modelBkg[ pdfD0BG * poly ]
     p.d.f value is Not-a-Number @ !pdfs=(pdfD0BG = 0,poly = 1.31639)
     p.d.f value is Not-a-Number @ !pdfs=(pdfD0BG = 0,poly = 1.27905)
     p.d.f value is Not-a-Number @ !pdfs=(pdfD0BG = 0,poly = 1.24305)
     p.d.f value is Not-a-Number @ !pdfs=(pdfD0BG = 0,poly = 1.20836)
     p.d.f value is Not-a-Number @ !pdfs=(pdfD0BG = 0,poly = 1.17498)
     p.d.f value is Not-a-Number @ !pdfs=(pdfD0BG = 0,poly = 1.14289)
     p.d.f value is Not-a-Number @ !pdfs=(pdfD0BG = 0,poly = 1.11208)
     p.d.f value is Not-a-Number @ !pdfs=(pdfD0BG = 0,poly = 1.08254)
     p.d.f value is Not-a-Number @ !pdfs=(pdfD0BG = 0,poly = 1.05426)
     p.d.f value is Not-a-Number @ !pdfs=(pdfD0BG = 0,poly = 1.02722)
     p.d.f value is Not-a-Number @ !pdfs=(pdfD0BG = 0,poly = 1.00141)
     p.d.f value is Not-a-Number @ !pdfs=(pdfD0BG = 0,poly = 0.976826)
    ... (remaining 60 messages suppressed)
RooGenProdProj::[pdfD0BG_X_poly]_Norm[x][ compSetN=(pdfD0BG,poly,[pdfD0BG_X_poly]_Norm[x]_numerator,[pdfD0BG_X_poly]_Norm[x]_numerator_Int[]) compSetD=(pdfD0BG,poly,[pdfD0BG_X_poly]_Norm[x]_denominator,[pdfD0BG_X_poly]_Norm[x]_denominator_Int[x]) intList=([pdfD0BG_X_poly]_Norm[x]_numerator_Int[],[pdfD0BG_X_poly]_Norm[x]_denominator_Int[x]) ]
     function value is NAN @ compSetN=(pdfD0BG = 0,poly = 1.31639,[pdfD0BG_X_poly]_Norm[x]_numerator = 0,[pdfD0BG_X_poly]_Norm[x]_numerator_Int[] = 0), compSetD=(pdfD0BG = 0,poly = 1.31639,[pdfD0BG_X_poly]_Norm[x]_denominator = 0,[pdfD0BG_X_poly]_Norm[x]_denominator_Int[x] = 0), intList=([pdfD0BG_X_poly]_Norm[x]_numerator_Int[] = 0,[pdfD0BG_X_poly]_Norm[x]_denominator_Int[x] = 0)
     function value is NAN @ compSetN=(pdfD0BG = 0,poly = 1.27905,[pdfD0BG_X_poly]_Norm[x]_numerator = 0,[pdfD0BG_X_poly]_Norm[x]_numerator_Int[] = 0), compSetD=(pdfD0BG = 0,poly = 1.27905,[pdfD0BG_X_poly]_Norm[x]_denominator = 0,[pdfD0BG_X_poly]_Norm[x]_denominator_Int[x] = 0), intList=([pdfD0BG_X_poly]_Norm[x]_numerator_Int[] = 0,[pdfD0BG_X_poly]_Norm[x]_denominator_Int[x] = 0)
     function value is NAN @ compSetN=(pdfD0BG = 0,poly = 1.24305,[pdfD0BG_X_poly]_Norm[x]_numerator = 0,[pdfD0BG_X_poly]_Norm[x]_numerator_Int[] = 0), compSetD=(pdfD0BG = 0,poly = 1.24305,[pdfD0BG_X_poly]_Norm[x]_denominator = 0,[pdfD0BG_X_poly]_Norm[x]_denominator_Int[x] = 0), intList=([pdfD0BG_X_poly]_Norm[x]_numerator_Int[] = 0,[pdfD0BG_X_poly]_Norm[x]_denominator_Int[x] = 0)
     function value is NAN @ compSetN=(pdfD0BG = 0,poly = 1.20836,[pdfD0BG_X_poly]_Norm[x]_numerator = 0,[pdfD0BG_X_poly]_Norm[x]_numerator_Int[] = 0), compSetD=(pdfD0BG = 0,poly = 1.20836,[pdfD0BG_X_poly]_Norm[x]_denominator = 0,[pdfD0BG_X_poly]_Norm[x]_denominator_Int[x] = 0), intList=([pdfD0BG_X_poly]_Norm[x]_numerator_Int[] = 0,[pdfD0BG_X_poly]_Norm[x]_denominator_Int[x] = 0)
     function value is NAN @ compSetN=(pdfD0BG = 0,poly = 1.17498,[pdfD0BG_X_poly]_Norm[x]_numerator = 0,[pdfD0BG_X_poly]_Norm[x]_numerator_Int[] = 0), compSetD=(pdfD0BG = 0,poly = 1.17498,[pdfD0BG_X_poly]_Norm[x]_denominator = 0,[pdfD0BG_X_poly]_Norm[x]_denominator_Int[x] = 0), intList=([pdfD0BG_X_poly]_Norm[x]_numerator_Int[] = 0,[pdfD0BG_X_poly]_Norm[x]_denominator_Int[x] = 0)
     function value is NAN @ compSetN=(pdfD0BG = 0,poly = 1.14289,[pdfD0BG_X_poly]_Norm[x]_numerator = 0,[pdfD0BG_X_poly]_Norm[x]_numerator_Int[] = 0), compSetD=(pdfD0BG = 0,poly = 1.14289,[pdfD0BG_X_poly]_Norm[x]_denominator = 0,[pdfD0BG_X_poly]_Norm[x]_denominator_Int[x] = 0), intList=([pdfD0BG_X_poly]_Norm[x]_numerator_Int[] = 0,[pdfD0BG_X_poly]_Norm[x]_denominator_Int[x] = 0)
     function value is NAN @ compSetN=(pdfD0BG = 0,poly = 1.11208,[pdfD0BG_X_poly]_Norm[x]_numerator = 0,[pdfD0BG_X_poly]_Norm[x]_numerator_Int[] = 0), compSetD=(pdfD0BG = 0,poly = 1.11208,[pdfD0BG_X_poly]_Norm[x]_denominator = 0,[pdfD0BG_X_poly]_Norm[x]_denominator_Int[x] = 0), intList=([pdfD0BG_X_poly]_Norm[x]_numerator_Int[] = 0,[pdfD0BG_X_poly]_Norm[x]_denominator_Int[x] = 0)
     function value is NAN @ compSetN=(pdfD0BG = 0,poly = 1.08254,[pdfD0BG_X_poly]_Norm[x]_numerator = 0,[pdfD0BG_X_poly]_Norm[x]_numerator_Int[] = 0), compSetD=(pdfD0BG = 0,poly = 1.08254,[pdfD0BG_X_poly]_Norm[x]_denominator = 0,[pdfD0BG_X_poly]_Norm[x]_denominator_Int[x] = 0), intList=([pdfD0BG_X_poly]_Norm[x]_numerator_Int[] = 0,[pdfD0BG_X_poly]_Norm[x]_denominator_Int[x] = 0)
     function value is NAN @ compSetN=(pdfD0BG = 0,poly = 1.05426,[pdfD0BG_X_poly]_Norm[x]_numerator = 0,[pdfD0BG_X_poly]_Norm[x]_numerator_Int[] = 0), compSetD=(pdfD0BG = 0,poly = 1.05426,[pdfD0BG_X_poly]_Norm[x]_denominator = 0,[pdfD0BG_X_poly]_Norm[x]_denominator_Int[x] = 0), intList=([pdfD0BG_X_poly]_Norm[x]_numerator_Int[] = 0,[pdfD0BG_X_poly]_Norm[x]_denominator_Int[x] = 0)
     function value is NAN @ compSetN=(pdfD0BG = 0,poly = 1.02722,[pdfD0BG_X_poly]_Norm[x]_numerator = 0,[pdfD0BG_X_poly]_Norm[x]_numerator_Int[] = 0), compSetD=(pdfD0BG = 0,poly = 1.02722,[pdfD0BG_X_poly]_Norm[x]_denominator = 0,[pdfD0BG_X_poly]_Norm[x]_denominator_Int[x] = 0), intList=([pdfD0BG_X_poly]_Norm[x]_numerator_Int[] = 0,[pdfD0BG_X_poly]_Norm[x]_denominator_Int[x] = 0)
     function value is NAN @ compSetN=(pdfD0BG = 0,poly = 1.00141,[pdfD0BG_X_poly]_Norm[x]_numerator = 0,[pdfD0BG_X_poly]_Norm[x]_numerator_Int[] = 0), compSetD=(pdfD0BG = 0,poly = 1.00141,[pdfD0BG_X_poly]_Norm[x]_denominator = 0,[pdfD0BG_X_poly]_Norm[x]_denominator_Int[x] = 0), intList=([pdfD0BG_X_poly]_Norm[x]_numerator_Int[] = 0,[pdfD0BG_X_poly]_Norm[x]_denominator_Int[x] = 0)
     function value is NAN @ compSetN=(pdfD0BG = 0,poly = 0.976826,[pdfD0BG_X_poly]_Norm[x]_numerator = 0,[pdfD0BG_X_poly]_Norm[x]_numerator_Int[] = 0), compSetD=(pdfD0BG = 0,poly = 0.976826,[pdfD0BG_X_poly]_Norm[x]_denominator = 0,[pdfD0BG_X_poly]_Norm[x]_denominator_Int[x] = 0), intList=([pdfD0BG_X_poly]_Norm[x]_numerator_Int[] = 0,[pdfD0BG_X_poly]_Norm[x]_denominator_Int[x] = 0)
    ... (remaining 60 messages suppressed)

 MIGRAD FAILS TO FIND IMPROVEMENT
 EIGENVALUES OF SECOND-DERIVATIVE MATRIX:
        -3.2665e-03  1.3050e-02  8.5360e-02  7.7575e-01  9.8706e-01  1.0000e+00  1.0000e+00  1.4903e+00  3.6517e+00
 MINUIT WARNING IN HESSE   
 ============== MATRIX FORCED POS-DEF BY ADDING 0.006918 TO DIAGONAL.
 FCN=-88432.3 FROM HESSE     STATUS=NOT POSDEF     79 CALLS         312 TOTAL
                     EDM=0.0140407    STRATEGY= 1      ERR MATRIX NOT POS-DEF
  EXT PARAMETER                APPROXIMATE        STEP         FIRST   
  NO.   NAME      VALUE            ERROR          SIZE      DERIVATIVE 
   1  NbkgMWS      9.61002e+03   9.76547e+01   1.02604e-02   3.34226e-03
   2  NbkgPWS      9.50901e+03   9.71381e+01   1.05294e-02   2.84391e-03
   3  am           5.10152e+00   2.30263e-01   9.05041e-04   1.92524e+01
   4  bm          -9.12788e+00   6.28757e-01   1.02537e-03   1.70709e+01
   5  cm           1.19495e+00   1.44493e-01   1.26844e-03   1.03977e+01
   6  dm0          1.39000e+02   4.38319e-03   1.34596e-04  -4.24669e+01
   7  poly_a       1.12833e-01   1.59368e-01   2.54957e-03   6.01524e+00
   8  poly_b       7.76323e-02   2.75186e-02   2.45684e-03   2.43960e+00
   9  poly_c      -3.08986e-02   2.22152e-02   2.07169e-03  -4.39522e+00
                               ERR DEF= 0.5
 MIGRAD MINIMIZATION HAS CONVERGED.
 MIGRAD WILL VERIFY CONVERGENCE AND ERROR MATRIX.
 COVARIANCE MATRIX CALCULATED SUCCESSFULLY
 MIGRAD TERMINATED WITHOUT CONVERGENCE.
 FCN=-88434 FROM MIGRAD    STATUS=FAILED       1137 CALLS        1138 TOTAL
                     EDM=0.119447    STRATEGY= 1      ERR MATRIX APPROXIMATE
  EXT PARAMETER                APPROXIMATE        STEP         FIRST   
  NO.   NAME      VALUE            ERROR          SIZE      DERIVATIVE 
   1  NbkgMWS      9.61002e+03   9.79916e+01   1.02606e-02   3.20877e-03
   2  NbkgPWS      9.50901e+03   9.74732e+01   1.05295e-02   2.73032e-03
   3  am           5.97731e+00   6.96125e-02   3.31011e-04  -4.10087e+00
   4  bm          -1.34536e+01   2.27952e-01   4.67817e-04  -3.59859e+00
   5  cm           1.98462e+00   6.74937e-01   1.25635e-03  -4.33135e-01
   6  dm0          1.38990e+02   5.01267e-02   8.01211e-04   5.22769e+01
   7  poly_a       3.25027e-01   6.14453e-02   2.36019e-03  -1.13875e+00
   8  poly_b       8.29535e-03   6.97902e-02   2.35345e-03  -4.11088e-01
   9  poly_c      -2.18686e-01   4.78958e-02   1.91228e-03   1.00660e+00
                               ERR DEF= 0.5
 EXTERNAL ERROR MATRIX.    NDIM=  25    NPAR=  9    ERR DEF=0.5
  9.610e+03 -3.299e-06  8.530e-09 -1.081e-07  6.426e-08  4.543e-10  1.385e-08  3.805e-09 -1.097e-08 
 -3.299e-06  9.509e+03 -2.093e-08  8.594e-08 -9.000e-08  2.462e-09  1.216e-08 -2.397e-09  1.022e-08 
  8.530e-09 -2.093e-08  4.846e-03 -3.781e-03 -2.324e-02  1.044e-03  1.121e-04 -3.311e-03  1.189e-03 
 -1.081e-07  8.594e-08 -3.781e-03  5.197e-02 -8.719e-02  2.982e-03  3.206e-03 -6.539e-03  8.063e-03 
  6.426e-08 -9.000e-08 -2.324e-02 -8.719e-02  4.563e-01 -2.261e-02 -2.753e-02  4.486e-02 -2.991e-02 
  4.543e-10  2.462e-09  1.044e-03  2.982e-03 -2.261e-02  2.513e-03  1.697e-03 -1.956e-03  1.199e-03 
  1.385e-08  1.216e-08  1.121e-04  3.206e-03 -2.753e-02  1.697e-03  3.781e-03 -2.277e-03  1.569e-03 
  3.805e-09 -2.397e-09 -3.311e-03 -6.539e-03  4.486e-02 -1.956e-03 -2.277e-03  4.879e-03 -2.864e-03 
 -1.097e-08  1.022e-08  1.189e-03  8.063e-03 -2.991e-02  1.199e-03  1.569e-03 -2.864e-03  2.296e-03 
ERR MATRIX APPROXIMATE
 PARAMETER  CORRELATION COEFFICIENTS  
       NO.  GLOBAL      1      2      3      4      5      6      7      8      9
        1  0.00000   1.000 -0.000  0.000 -0.000  0.000  0.000  0.000  0.000 -0.000
        2  0.00000  -0.000  1.000 -0.000  0.000 -0.000  0.000  0.000 -0.000  0.000
        3  0.99141   0.000 -0.000  1.000 -0.238 -0.494  0.299  0.026 -0.681  0.356
        4  0.99234  -0.000  0.000 -0.238  1.000 -0.566  0.261  0.229 -0.411  0.738
        5  0.99605   0.000 -0.000 -0.494 -0.566  1.000 -0.668 -0.663  0.951 -0.924
        6  0.82028   0.000  0.000  0.299  0.261 -0.668  1.000  0.551 -0.559  0.499
        7  0.98426   0.000  0.000  0.026  0.229 -0.663  0.551  1.000 -0.530  0.533
        8  0.98645   0.000 -0.000 -0.681 -0.411  0.951 -0.559 -0.530  1.000 -0.856
        9  0.98187  -0.000  0.000  0.356  0.738 -0.924  0.499  0.533 -0.856  1.000
 ERR MATRIX APPROXIMATE
 **********
 **   18 **HESSE        4500
 **********
 COVARIANCE MATRIX CALCULATED SUCCESSFULLY
 FCN=-88434 FROM HESSE     STATUS=OK             73 CALLS        1211 TOTAL
                     EDM=0.142284    STRATEGY= 1      ERROR MATRIX ACCURATE 
  EXT PARAMETER                                INTERNAL      INTERNAL  
  NO.   NAME      VALUE            ERROR       STEP SIZE       VALUE   
   1  NbkgMWS      9.61002e+03   9.79900e+01   4.10424e-04   2.05965e-02
   2  NbkgPWS      9.50901e+03   9.74715e+01   4.21181e-04   7.19011e-06
   3  am           5.97731e+00   1.24623e-01   1.32404e-05   3.35828e-01
   4  bm          -1.34536e+01   4.57439e-01   9.35634e-05  -5.98704e-01
   5  cm           1.98462e+00   8.32857e-01   5.02540e-05   1.99789e-01
   6  dm0          1.38990e+02   5.51058e-02   1.60242e-04   2.00052e-01
   7  poly_a       3.25027e-01   7.28189e-02   4.72037e-04   3.31041e-01
   8  poly_b       8.29535e-03   8.20677e-02   4.70689e-04   8.29545e-03
   9  poly_c      -2.18686e-01   6.50584e-02   3.82456e-04  -2.20467e-01
                               ERR DEF= 0.5
 EXTERNAL ERROR MATRIX.    NDIM=  25    NPAR=  9    ERR DEF=0.5
  9.610e+03  1.025e-07 -3.970e-05  1.028e-04  4.619e-05 -3.222e-06  1.982e-06  1.465e-05  2.776e-06 
  1.025e-07  9.509e+03 -3.949e-05  1.022e-04  4.595e-05 -3.205e-06  1.971e-06  1.457e-05  2.761e-06 
 -3.970e-05 -3.949e-05  1.553e-02 -4.197e-02 -9.672e-03  9.811e-04 -1.763e-03 -5.014e-03 -1.695e-03 
  1.028e-04  1.022e-04 -4.197e-02  2.093e-01 -2.055e-01  6.729e-03  1.553e-02 -6.371e-03  2.335e-02 
  4.619e-05  4.595e-05 -9.672e-03 -2.055e-01  6.953e-01 -3.357e-02 -4.682e-02  6.155e-02 -4.970e-02 
 -3.222e-06 -3.205e-06  9.811e-04  6.729e-03 -3.357e-02  3.037e-03  2.511e-03 -2.873e-03  2.017e-03 
  1.982e-06  1.971e-06 -1.763e-03  1.553e-02 -4.682e-02  2.511e-03  5.313e-03 -3.418e-03  3.331e-03 
  1.465e-05  1.457e-05 -5.014e-03 -6.371e-03  6.155e-02 -2.873e-03 -3.418e-03  6.750e-03 -3.774e-03 
  2.776e-06  2.761e-06 -1.695e-03  2.335e-02 -4.970e-02  2.017e-03  3.331e-03 -3.774e-03  4.239e-03 
 PARAMETER  CORRELATION COEFFICIENTS  
       NO.  GLOBAL      1      2      3      4      5      6      7      8      9
        1  0.00000   1.000  0.000 -0.000  0.000  0.000 -0.000  0.000  0.000  0.000
        2  0.00000   0.000  1.000 -0.000  0.000  0.000 -0.000  0.000  0.000  0.000
        3  0.99733  -0.000 -0.000  1.000 -0.736 -0.093  0.143 -0.194 -0.490 -0.209
        4  0.99811   0.000  0.000 -0.736  1.000 -0.539  0.267  0.466 -0.169  0.784
        5  0.99741   0.000  0.000 -0.093 -0.539  1.000 -0.731 -0.770  0.898 -0.915
        6  0.85396  -0.000 -0.000  0.143  0.267 -0.731  1.000  0.625 -0.635  0.562
        7  0.98883   0.000  0.000 -0.194  0.466 -0.770  0.625  1.000 -0.571  0.702
        8  0.99023   0.000  0.000 -0.490 -0.169  0.898 -0.635 -0.571  1.000 -0.705
        9  0.99022   0.000  0.000 -0.209  0.784 -0.915  0.562  0.702 -0.705  1.000
[#1] INFO:NumericIntegration -- RooRealIntegral::init([pdfD0BG_X_poly]_Norm[x]_denominator_Int[x]) using numeric integrator RooIntegrator1D to calculate Int(x)
[#1] INFO:NumericIntegration -- RooRealIntegral::init([pdfD0BG_X_poly]_Norm[x]_denominator_Int[x]) using numeric integrator RooIntegrator1D to calculate Int(x)
