   ------------------------------------------------------------------
  | Welcome to ROOT 6.24/08                        https://root.cern |
  | (c) 1995-2021, The ROOT Team; conception: R. Brun, F. Rademakers |
  | Built for linuxx8664gcc on Sep 29 2022, 13:04:57                 |
  | From tags/v6-24-08@v6-24-08                                      |
  | With c++ (GCC) 4.8.5 20150623 (Red Hat 4.8.5-44)                 |
  | Try '.help', '.demo', '.license', '.credits', '.quit'/'.q'       |
   ------------------------------------------------------------------


Processing full.C(0,4,"Down","2017")...

[1mRooFit v3.60 -- Developed by Wouter Verkerke and David Kirkby[0m 
                Copyright (C) 2000-2013 NIKHEF, University of California & Stanford University
                All rights reserved, please read http://roofit.sourceforge.net/license.txt

-------------------------
Set LHCb Style - May 2021
-------------------------
../fulltempt/PARAMs/FullMom_0_4.txt
../../../../selection/promptD/results/2017MagDownFullRS.root/DecayTree
[#0] WARNING:InputArguments -- The parameter 'sigma3' with range [0, 50] of the RooGaussian 'sig_pdf2' exceeds the safe range of (0, inf). Advise to limit its range.
[#0] ERROR:Integration --  RooNumIntFactory::Init : libRooFitMore cannot be loaded. GSL integrators will not beavailable ! 
[#1] INFO:NumericIntegration -- RooRealIntegral::init(modelBkg_Int[x]) using numeric integrator RooIntegrator1D to calculate Int(x)
[#1] INFO:NumericIntegration -- RooRealIntegral::init(modelBkg_Int[x]) using numeric integrator RooIntegrator1D to calculate Int(x)
[#1] INFO:NumericIntegration -- RooRealIntegral::init(modelBkg_Int[x]) using numeric integrator RooIntegrator1D to calculate Int(x)
[#1] INFO:NumericIntegration -- RooRealIntegral::init(modelBkg_Int[x]) using numeric integrator RooIntegrator1D to calculate Int(x)
[#1] INFO:Fitting -- RooAddition::defaultErrorLevel(nll) Summation contains a RooNLLVar, using its error level
 **********
 **   13 **MIGRAD        6000           1
 **********
 FIRST CALL TO USER FUNCTION AT NEW START POINT, WITH IFLAG=4.
 START MIGRAD MINIMIZATION.  STRATEGY  1.  CONVERGENCE WHEN EDM .LT. 1.00e-03
 FCN=-8541.99 FROM MIGRAD    STATUS=INITIATE      125 CALLS         126 TOTAL
                     EDM= unknown      STRATEGY= 1      NO ERROR MATRIX       
  EXT PARAMETER               CURRENT GUESS       STEP         FIRST   
  NO.   NAME      VALUE            ERROR          SIZE      DERIVATIVE 
   1  NbkgMRS      1.21400e+02   6.07000e+01   0.00000e+00  -4.07554e+02
   2  NbkgPRS      1.13300e+02   5.66500e+01   0.00000e+00  -3.79306e+02
   3  NsigMRS      1.09260e+03   6.07000e+01   0.00000e+00   4.52745e+01
   4  NsigPRS      1.01970e+03   5.66500e+01   0.00000e+00   4.21355e+01
   5  am           1.01464e+01   3.00000e+00   0.00000e+00   4.49226e+02
   6  bm          -2.40000e+01   5.00000e+00   0.00000e+00   1.85738e+02
   7  cm           4.40000e+00   7.20000e+00   0.00000e+00   8.91201e+02
   8  coeffsig     9.00000e-01   5.00000e-02   0.00000e+00   6.72134e+02
   9  dm0          1.37915e+02   2.00000e+00  -1.50020e-01   1.19171e+01
  10  mean         1.45400e+02   2.10000e+00   0.00000e+00  -3.73224e+02
  11  sigma1       6.00000e-01   3.00000e-01   0.00000e+00  -4.32628e+02
  12  sigma2       7.00000e-01   3.50000e-01   0.00000e+00  -5.85246e+02
                               ERR DEF= 0.5
 MIGRAD MINIMIZATION HAS CONVERGED.
 MIGRAD WILL VERIFY CONVERGENCE AND ERROR MATRIX.
 COVARIANCE MATRIX CALCULATED SUCCESSFULLY
 FCN=-8923.65 FROM MIGRAD    STATUS=CONVERGED    1064 CALLS        1065 TOTAL
                     EDM=0.000125819    STRATEGY= 1      ERROR MATRIX ACCURATE 
  EXT PARAMETER                                   STEP         FIRST   
  NO.   NAME      VALUE            ERROR          SIZE      DERIVATIVE 
   1  NbkgMRS      4.95923e+02   2.91015e+01   2.69068e-03  -8.81168e-02
   2  NbkgPRS      4.60390e+02   2.78625e+01   2.78439e-03   3.67920e-02
   3  NsigMRS      7.17955e+02   3.26939e+01   3.13361e-03  -4.08160e-02
   4  NsigPRS      6.72654e+02   3.14393e+01   3.25100e-03   1.10074e-02
   5  am           1.04312e+01   2.86753e-01   3.82914e-04  -3.14990e-01
   6  bm          -2.41900e+01   8.85185e-01   6.73097e-04  -4.72384e-02
   7  cm           7.15104e-01   1.57923e-01   1.60894e-04   2.46596e-01
   8  coeffsig     9.71617e-01   2.49516e-02   6.99462e-03   4.15396e-02
   9  dm0          1.39072e+02   4.40944e-02   2.64755e-04   5.07197e-01
  10  mean         1.45503e+02   6.05051e-02   1.38003e-04  -1.37770e+00
  11  sigma1       6.51860e-01   4.43684e-02   5.79840e-04   1.64799e-02
  12  sigma2       6.78560e-01   4.57832e-02   5.81915e-04  -1.91211e-01
                               ERR DEF= 0.5
 EXTERNAL ERROR MATRIX.    NDIM=  28    NPAR= 12    ERR DEF=0.5
 ELEMENTS ABOVE DIAGONAL ARE NOT PRINTED.
  8.476e+02 
  2.074e+02  7.770e+02 
 -3.516e+02 -2.076e+02  1.070e+03 
 -2.076e+02 -3.164e+02  2.078e+02  9.895e+02 
 -1.996e+00 -1.839e+00  1.997e+00  1.840e+00  8.224e-02 
  2.978e+00  2.651e+00 -2.981e+00 -2.653e+00 -2.336e-01  7.839e-01 
  1.068e+00  1.016e+00 -1.068e+00 -1.016e+00 -3.011e-03 -2.554e-02  2.494e-02 
  3.287e-01  3.055e-01 -3.291e-01 -3.059e-01 -2.286e-03  4.102e-03  8.263e-04  6.273e-04 
 -7.921e-02 -7.459e-02  7.925e-02  7.463e-02  1.312e-03 -8.999e-04 -2.723e-03 -1.001e-04  1.944e-03 
 -2.928e-02 -4.205e-02  2.935e-02  4.211e-02 -4.190e-04  2.312e-03 -2.876e-04 -8.477e-05  9.378e-06  3.661e-03 
 -8.851e-02 -1.023e-01  8.848e-02  1.022e-01 -4.974e-05  2.354e-03 -7.819e-04  1.644e-05  2.140e-05  2.260e-03  1.969e-03 
 -1.257e-02  9.911e-04  1.240e-02 -1.135e-03  7.589e-04 -2.594e-03 -8.700e-05  1.787e-04 -9.405e-06 -2.345e-03 -1.279e-03 
 -1.257e-02  9.911e-04  1.240e-02 -1.135e-03  7.589e-04 -2.594e-03 -8.700e-05  1.787e-04 -9.405e-06 -2.345e-03 -1.279e-03  2.096e-03 
 PARAMETER  CORRELATION COEFFICIENTS  
       NO.  GLOBAL      1      2      3      4      5      6      7      8      9     10     11     12
        1  0.53369   1.000  0.256 -0.369 -0.227 -0.239  0.116  0.232  0.451 -0.062 -0.017 -0.069 -0.009
        2  0.52383   0.256  1.000 -0.228 -0.361 -0.230  0.107  0.231  0.438 -0.061 -0.025 -0.083  0.001
        3  0.48227  -0.369 -0.228  1.000  0.202  0.213 -0.103 -0.207 -0.402  0.055  0.015  0.061  0.008
        4  0.47185  -0.227 -0.361  0.202  1.000  0.204 -0.095 -0.205 -0.388  0.054  0.022  0.073 -0.001
        5  0.95817  -0.239 -0.230  0.213  0.204  1.000 -0.920 -0.066 -0.318  0.104 -0.024 -0.004  0.058
        6  0.95666   0.116  0.107 -0.103 -0.095 -0.920  1.000 -0.183  0.185 -0.023  0.043  0.060 -0.064
        7  0.69217   0.232  0.231 -0.207 -0.205 -0.066 -0.183  1.000  0.209 -0.391 -0.030 -0.112 -0.012
        8  0.70329   0.451  0.438 -0.402 -0.388 -0.318  0.185  0.209  1.000 -0.091 -0.056  0.015  0.156
        9  0.41180  -0.062 -0.061  0.055  0.054  0.104 -0.023 -0.391 -0.091  1.000  0.004  0.011 -0.005
       10  0.93606  -0.017 -0.025  0.015  0.022 -0.024  0.043 -0.030 -0.056  0.004  1.000  0.842 -0.847
       11  0.86915  -0.069 -0.083  0.061  0.073 -0.004  0.060 -0.112  0.015  0.011  0.842  1.000 -0.629
       12  0.87177  -0.009  0.001  0.008 -0.001  0.058 -0.064 -0.012  0.156 -0.005 -0.847 -0.629  1.000
 **********
 **   18 **HESSE        6000
 **********
 COVARIANCE MATRIX CALCULATED SUCCESSFULLY
 FCN=-8923.65 FROM HESSE     STATUS=OK            115 CALLS        1180 TOTAL
                     EDM=0.000146649    STRATEGY= 1      ERROR MATRIX ACCURATE 
  EXT PARAMETER                                INTERNAL      INTERNAL  
  NO.   NAME      VALUE            ERROR       STEP SIZE       VALUE   
   1  NbkgMRS      4.95923e+02   2.94784e+01   5.38136e-04  -1.84031e-01
   2  NbkgPRS      4.60390e+02   2.81955e+01   5.56878e-04  -1.88421e-01
   3  NsigMRS      7.17955e+02   3.30258e+01   6.26722e-04   1.83826e-01
   4  NsigPRS      6.72654e+02   3.17321e+01   1.30040e-04   1.88500e-01
   5  am           1.04312e+01   3.55407e-01   1.53165e-05   3.70502e-01
   6  bm          -2.41900e+01   1.09668e+00   2.69239e-05   3.24042e-02
   7  cm           7.15104e-01   1.58109e-01   6.43577e-06  -1.11509e+00
   8  coeffsig     9.71617e-01   2.56220e-02   2.79785e-04   1.23224e+00
   9  dm0          1.39072e+02   4.41660e-02   1.05902e-05  -9.28895e-02
  10  mean         1.45503e+02   6.12187e-02   2.76007e-05  -2.89473e-01
  11  sigma1       6.51860e-01   4.47643e-02   2.31936e-05  -1.05445e+00
  12  sigma2       6.78560e-01   4.63175e-02   1.16383e-04  -1.04373e+00
                               ERR DEF= 0.5
 EXTERNAL ERROR MATRIX.    NDIM=  28    NPAR= 12    ERR DEF=0.5
 ELEMENTS ABOVE DIAGONAL ARE NOT PRINTED.
  8.697e+02 
  2.276e+02  7.957e+02 
 -3.738e+02 -2.277e+02  1.092e+03 
 -2.277e+02 -3.353e+02  2.277e+02  1.008e+03 
 -2.866e+00 -2.632e+00  2.866e+00  2.633e+00  1.263e-01 
  5.637e+00  5.075e+00 -5.638e+00 -5.076e+00 -3.698e-01  1.203e+00 
  1.048e+00  9.985e-01 -1.048e+00 -9.987e-01 -1.414e-03 -3.033e-02  2.500e-02 
  3.566e-01  3.312e-01 -3.567e-01 -3.313e-01 -3.360e-03  7.377e-03  8.022e-04  6.618e-04 
 -8.620e-02 -8.096e-02  8.621e-02  8.098e-02  1.719e-03 -2.178e-03 -2.710e-03 -1.073e-04  1.951e-03 
 -2.547e-02 -3.930e-02  2.548e-02  3.931e-02 -7.594e-04  3.410e-03 -3.162e-04 -8.097e-05  7.126e-06  3.748e-03 
 -8.451e-02 -9.912e-02  8.450e-02  9.913e-02 -3.044e-04  3.154e-03 -7.997e-04  2.167e-05  1.998e-05  2.315e-03  2.004e-03 
 -1.740e-02 -2.903e-03  1.737e-02  2.884e-03  1.194e-03 -3.985e-03 -5.613e-05  1.743e-04 -5.430e-06 -2.410e-03 -1.319e-03 
 -1.740e-02 -2.903e-03  1.737e-02  2.884e-03  1.194e-03 -3.985e-03 -5.613e-05  1.743e-04 -5.430e-06 -2.410e-03 -1.319e-03  2.146e-03 
 PARAMETER  CORRELATION COEFFICIENTS  
       NO.  GLOBAL      1      2      3      4      5      6      7      8      9     10     11     12
        1  0.55046   1.000  0.274 -0.384 -0.243 -0.273  0.174  0.225  0.470 -0.066 -0.014 -0.064 -0.013
        2  0.53986   0.274  1.000 -0.244 -0.374 -0.263  0.164  0.224  0.456 -0.065 -0.023 -0.078 -0.002
        3  0.49794  -0.384 -0.244  1.000  0.217  0.244 -0.156 -0.201 -0.420  0.059  0.013  0.057  0.011
        4  0.48676  -0.243 -0.374  0.217  1.000  0.233 -0.146 -0.199 -0.406  0.058  0.020  0.070  0.002
        5  0.97298  -0.273 -0.263  0.244  0.233  1.000 -0.948 -0.025 -0.367  0.109 -0.035 -0.019  0.073
        6  0.97199   0.174  0.164 -0.156 -0.146 -0.948  1.000 -0.175  0.261 -0.045  0.051  0.064 -0.078
        7  0.69305   0.225  0.224 -0.201 -0.199 -0.025 -0.175  1.000  0.197 -0.388 -0.033 -0.113 -0.008
        8  0.72172   0.470  0.456 -0.420 -0.406 -0.367  0.261  0.197  1.000 -0.094 -0.051  0.019  0.146
        9  0.41396  -0.066 -0.065  0.059  0.058  0.109 -0.045 -0.388 -0.094  1.000  0.003  0.010 -0.003
       10  0.93759  -0.014 -0.023  0.013  0.020 -0.035  0.051 -0.033 -0.051  0.003  1.000  0.845 -0.850
       11  0.87163  -0.064 -0.078  0.057  0.070 -0.019  0.064 -0.113  0.019  0.010  0.845  1.000 -0.636
       12  0.87492  -0.013 -0.002  0.011  0.002  0.073 -0.078 -0.008  0.146 -0.003 -0.850 -0.636  1.000
72 ; 1.54778 ; 0.991121
[#1] INFO:Plotting -- RooAbsPdf::plotOn(modelMRS) directly selected PDF components: (modelBkg)
[#1] INFO:Plotting -- RooAbsPdf::plotOn(modelMRS) indirectly selected PDF components: ()
[#1] INFO:NumericIntegration -- RooRealIntegral::init(modelBkg_Int[x]) using numeric integrator RooIntegrator1D to calculate Int(x)
[#1] INFO:Plotting -- RooAbsPdf::plotOn(modelMRS) directly selected PDF components: (modelSig)
[#1] INFO:Plotting -- RooAbsPdf::plotOn(modelMRS) indirectly selected PDF components: (sig_pdf1,sig_pdf2)
[#1] INFO:NumericIntegration -- RooRealIntegral::init(modelBkg_Int[x]) using numeric integrator RooIntegrator1D to calculate Int(x)
[#1] INFO:NumericIntegration -- RooRealIntegral::init(modelBkg_Int[x]) using numeric integrator RooIntegrator1D to calculate Int(x)
[#1] INFO:Plotting -- RooAbsPdf::plotOn(modelPRS) directly selected PDF components: (modelBkg)
[#1] INFO:Plotting -- RooAbsPdf::plotOn(modelPRS) indirectly selected PDF components: ()
[#1] INFO:NumericIntegration -- RooRealIntegral::init(modelBkg_Int[x]) using numeric integrator RooIntegrator1D to calculate Int(x)
[#1] INFO:Plotting -- RooAbsPdf::plotOn(modelPRS) directly selected PDF components: (modelSig)
[#1] INFO:Plotting -- RooAbsPdf::plotOn(modelPRS) indirectly selected PDF components: (sig_pdf1,sig_pdf2)
[#1] INFO:NumericIntegration -- RooRealIntegral::init(modelBkg_Int[x]) using numeric integrator RooIntegrator1D to calculate Int(x)
[#1] INFO:NumericIntegration -- RooRealIntegral::init(modelBkg_Int[x]) using numeric integrator RooIntegrator1D to calculate Int(x)
PRS chi2: 0.889634 ; MPS chi2: 0.72297
