   ------------------------------------------------------------------
  | Welcome to ROOT 6.24/08                        https://root.cern |
  | (c) 1995-2021, The ROOT Team; conception: R. Brun, F. Rademakers |
  | Built for linuxx8664gcc on Sep 29 2022, 13:04:57                 |
  | From tags/v6-24-08@v6-24-08                                      |
  | With c++ (GCC) 4.8.5 20150623 (Red Hat 4.8.5-44)                 |
  | Try '.help', '.demo', '.license', '.credits', '.quit'/'.q'       |
   ------------------------------------------------------------------


Processing full.C(1,4,"Up","2016")...

[1mRooFit v3.60 -- Developed by Wouter Verkerke and David Kirkby[0m 
                Copyright (C) 2000-2013 NIKHEF, University of California & Stanford University
                All rights reserved, please read http://roofit.sourceforge.net/license.txt

-------------------------
Set LHCb Style - May 2021
-------------------------
../fulltempt/PARAMs/FullMom_1_4.txt
../../../../selection/promptD/results/2016MagUpFullRS.root/DecayTree
[#0] WARNING:InputArguments -- The parameter 'sigma3' with range [0, 10] of the RooGaussian 'sig_pdf2' exceeds the safe range of (0, inf). Advise to limit its range.
[#0] ERROR:Integration --  RooNumIntFactory::Init : libRooFitMore cannot be loaded. GSL integrators will not beavailable ! 
[#1] INFO:NumericIntegration -- RooRealIntegral::init(modelBkg_Int[x]) using numeric integrator RooIntegrator1D to calculate Int(x)
[#1] INFO:NumericIntegration -- RooRealIntegral::init(modelBkg_Int[x]) using numeric integrator RooIntegrator1D to calculate Int(x)
[#1] INFO:NumericIntegration -- RooRealIntegral::init(modelBkg_Int[x]) using numeric integrator RooIntegrator1D to calculate Int(x)
[#1] INFO:NumericIntegration -- RooRealIntegral::init(modelBkg_Int[x]) using numeric integrator RooIntegrator1D to calculate Int(x)
[#1] INFO:Fitting -- RooAddition::defaultErrorLevel(nll) Summation contains a RooNLLVar, using its error level
 **********
 **   13 **MIGRAD        6500           1
 **********
 FIRST CALL TO USER FUNCTION AT NEW START POINT, WITH IFLAG=4.
 START MIGRAD MINIMIZATION.  STRATEGY  1.  CONVERGENCE WHEN EDM .LT. 1.00e-03
 FCN=-13790.7 FROM MIGRAD    STATUS=INITIATE      207 CALLS         208 TOTAL
                     EDM= unknown      STRATEGY= 1      NO ERROR MATRIX       
  EXT PARAMETER               CURRENT GUESS       STEP         FIRST   
  NO.   NAME      VALUE            ERROR          SIZE      DERIVATIVE 
   1  NbkgMRS      1.69000e+02   8.45000e+01   0.00000e+00  -6.32078e+02
   2  NbkgPRS      1.63100e+02   8.15500e+01   0.00000e+00  -6.72728e+02
   3  NsigMRS      1.52100e+03   8.45000e+01   0.00000e+00   7.02135e+01
   4  NsigPRS      1.46790e+03   8.15500e+01   0.00000e+00   7.47245e+01
   5  am           4.00000e+00   2.00000e+00   0.00000e+00  -3.48537e+02
   6  bm          -9.59979e+00   1.75000e+00   0.00000e+00  -2.32211e+02
   7  cm           2.16478e-01   7.50000e+00   0.00000e+00  -8.43841e+01
   8  coeffsig     3.25160e-01   5.00000e-02   0.00000e+00  -6.50514e+00
   9  dm0          1.39286e+02   2.00000e+00  -1.14203e-02  -1.27046e+02
  10  mean         1.45500e+02   2.10000e+00   0.00000e+00   1.09061e+03
  11  sigma1       5.00000e-01   2.50000e-01   0.00000e+00  -4.00050e+01
  12  sigma2       5.00000e-01   2.50000e-01   0.00000e+00   4.00427e+01
  13  sigma3       1.10000e+00   5.50000e-01   0.00000e+00  -1.00725e+03
                               ERR DEF= 0.5
 MIGRAD FAILS TO FIND IMPROVEMENT
 MIGRAD MINIMIZATION HAS CONVERGED.
 MIGRAD WILL VERIFY CONVERGENCE AND ERROR MATRIX.
 COVARIANCE MATRIX CALCULATED SUCCESSFULLY
 FCN=-14225.9 FROM HESSE     STATUS=OK            135 CALLS        2069 TOTAL
                     EDM=0.000914546    STRATEGY= 1      ERROR MATRIX ACCURATE 
  EXT PARAMETER                                   STEP         FIRST   
  NO.   NAME      VALUE            ERROR          SIZE      DERIVATIVE 
   1  NbkgMRS      5.15708e+02   3.17146e+01   2.79693e-03   1.89033e-01
   2  NbkgPRS      5.33094e+02   3.12339e+01   2.86627e-03  -1.22143e-01
   3  NsigMRS      1.17428e+03   4.07776e+01   3.85561e-03  -8.94294e-02
   4  NsigPRS      1.09771e+03   3.92344e+01   3.80332e-03  -7.81364e-02
   5  am           8.87602e+00   1.13528e-01   1.65660e-03   8.90527e-01
   6  bm          -2.00000e+01   4.22129e-01   2.48754e-02   2.55456e-02
   7  cm           6.73947e-01   1.42966e-01   2.12315e-04   5.61569e+00
   8  coeffsig     9.68951e-01   1.30339e-02   4.79908e-03  -1.68817e-02
   9  dm0          1.39292e+02   2.04793e-02   1.93997e-04  -1.57935e+01
  10  mean         1.45428e+02   4.57938e-02   1.49977e-04   3.75409e+00
  11  sigma1       6.93956e-01   3.41173e-02   5.90117e-04  -1.84878e-01
  12  sigma2       8.01423e-01   3.59233e-02   6.10962e-04   7.76692e-01
  13  sigma3       9.99945e+00   9.70420e+00   2.10996e-01   2.07167e-03
                               ERR DEF= 0.5
 MIGRAD MINIMIZATION HAS CONVERGED.
 FCN=-14225.9 FROM MIGRAD    STATUS=CONVERGED    2126 CALLS        2127 TOTAL
                     EDM=1.0825e-05    STRATEGY= 1  ERROR MATRIX UNCERTAINTY   1.7 per cent
  EXT PARAMETER                                   STEP         FIRST   
  NO.   NAME      VALUE            ERROR          SIZE      DERIVATIVE 
   1  NbkgMRS      5.15501e+02   3.16827e+01  -2.20006e-04   1.04568e-02
   2  NbkgPRS      5.33172e+02   3.12430e+01   9.14591e-05  -9.77214e-03
   3  NsigMRS      1.17450e+03   4.07554e+01   2.34371e-04  -6.04188e-03
   4  NsigPRS      1.09782e+03   3.92067e+01   1.18094e-04  -4.71386e-03
   5  am           8.87481e+00   1.12267e-01  -2.28287e-04   4.65710e-02
   6  bm          -2.00000e+01   4.35339e-01  -1.16548e-03** at limit **
   7  cm           6.72940e-01   1.40661e-01  -1.59178e-05   4.00104e-01
   8  coeffsig     9.68902e-01   1.30218e-02  -2.27973e-04  -1.43054e-03
   9  dm0          1.39292e+02   6.80327e-03  -2.52828e-06   5.19840e+00
  10  mean         1.45428e+02   4.58534e-02  -2.63220e-05   2.66029e-01
  11  sigma1       6.93761e-01   3.41437e-02  -6.54661e-05  -1.51095e-02
  12  sigma2       8.01518e-01   3.59284e-02   2.92537e-05   5.51295e-02
  13  sigma3       9.99997e+00   9.63806e+00  -1.53268e-02  -5.02270e-04
                               ERR DEF= 0.5
 EXTERNAL ERROR MATRIX.    NDIM=  28    NPAR= 13    ERR DEF=0.5
 ELEMENTS ABOVE DIAGONAL ARE NOT PRINTED.
  1.004e+03 
  2.509e+02  9.767e+02 
 -4.883e+02 -2.509e+02  1.663e+03 
 -2.513e+02 -4.414e+02  2.514e+02  1.539e+03 
 -6.776e-01 -6.329e-01  6.771e-01  6.482e-01  1.261e-02 
  2.220e-03 -8.567e-04 -2.359e-03 -1.163e-03 -2.091e-05  5.708e-06 
  7.784e-01  7.397e-01 -7.801e-01 -7.458e-01 -8.094e-03  5.141e-06  1.979e-02 
  1.806e-01  1.654e-01 -1.809e-01 -1.652e-01  6.301e-05  6.337e-07 -3.384e-05  1.699e-04 
  5.657e-03 -6.628e-03 -4.014e-03  4.024e-04  9.546e-05 -1.157e-07 -3.250e-05  8.472e-07  4.628e-05 
  3.566e-03 -1.244e-02 -3.792e-03  9.959e-03  1.041e-05  3.600e-06  6.052e-05 -1.608e-05  1.418e-05  2.103e-03 
 -1.150e-01 -1.182e-01  1.147e-01  1.166e-01  5.441e-04  2.436e-06 -5.114e-04 -8.221e-06  1.099e-05  1.274e-03  1.166e-03 
 -1.111e-01 -9.556e-02  1.110e-01  9.594e-02  4.368e-04 -1.222e-06 -5.778e-04  2.222e-05 -2.674e-06 -1.312e-03 -6.669e-04 
 -1.111e-01 -9.556e-02  1.110e-01  9.594e-02  4.368e-04 -1.222e-06 -5.778e-04  2.222e-05 -2.674e-06 -1.312e-03 -6.669e-04  1.291e-03 
 -2.341e-02  2.389e-02  2.512e-02  3.887e-03  2.814e-04  2.338e-06 -2.860e-04 -4.776e-06  1.399e-05 -3.799e-05 -2.440e-05 
 -2.341e-02  2.389e-02  2.512e-02  3.887e-03  2.814e-04  2.338e-06 -2.860e-04 -4.776e-06  1.399e-05 -3.799e-05 -2.440e-05 -5.116e-07  1.863e-03 
 PARAMETER  CORRELATION COEFFICIENTS  
       NO.  GLOBAL      1      2      3      4      5      6      7      8      9     10     11     12     13
        1  0.55379   1.000  0.253 -0.378 -0.202 -0.190  0.029  0.175  0.437  0.026  0.002 -0.106 -0.098 -0.017
        2  0.52350   0.253  1.000 -0.197 -0.360 -0.180 -0.011  0.168  0.406 -0.031 -0.009 -0.111 -0.085  0.018
        3  0.45046  -0.378 -0.197  1.000  0.157  0.148 -0.024 -0.136 -0.340 -0.014 -0.002  0.082  0.076  0.014
        4  0.43568  -0.202 -0.360  0.157  1.000  0.147 -0.012 -0.135 -0.323  0.002  0.006  0.087  0.068  0.002
        5  0.57366  -0.190 -0.180  0.148  0.147  1.000 -0.078 -0.512  0.043  0.125  0.002  0.142  0.108  0.058
        6  0.10957   0.029 -0.011 -0.024 -0.012 -0.078  1.000  0.015  0.020 -0.007  0.033  0.030 -0.014  0.023
        7  0.53453   0.175  0.168 -0.136 -0.135 -0.512  0.015  1.000 -0.018 -0.034  0.009 -0.106 -0.114 -0.047
        8  0.63084   0.437  0.406 -0.340 -0.323  0.043  0.020 -0.018  1.000  0.010 -0.027 -0.018  0.047 -0.008
        9  0.15956   0.026 -0.031 -0.014  0.002  0.125 -0.007 -0.034  0.010  1.000  0.045  0.047 -0.011  0.048
       10  0.91709   0.002 -0.009 -0.002  0.006  0.002  0.033  0.009 -0.027  0.045  1.000  0.814 -0.796 -0.019
       11  0.84600  -0.106 -0.111  0.082  0.087  0.142  0.030 -0.106 -0.018  0.047  0.814  1.000 -0.544 -0.017
       12  0.82808  -0.098 -0.085  0.076  0.068  0.108 -0.014 -0.114  0.047 -0.011 -0.796 -0.544  1.000 -0.000
       13  0.09921  -0.017  0.018  0.014  0.002  0.058  0.023 -0.047 -0.008  0.048 -0.019 -0.017 -0.000  1.000
 **********
 **   18 **HESSE        6500
 **********
 COVARIANCE MATRIX CALCULATED SUCCESSFULLY
 FCN=-14225.9 FROM HESSE     STATUS=OK            151 CALLS        2278 TOTAL
                     EDM=4.55096e-05    STRATEGY= 1      ERROR MATRIX ACCURATE 
  EXT PARAMETER                                INTERNAL      INTERNAL  
  NO.   NAME      VALUE            ERROR       STEP SIZE       VALUE   
   1  NbkgMRS      5.15501e+02   3.17104e+01   2.79706e-03  -4.00567e-01
   2  NbkgPRS      5.33172e+02   3.12368e+01   2.86601e-03  -3.53521e-01
   3  NsigMRS      1.17450e+03   4.07874e+01   3.85468e-03   4.00570e-01
   4  NsigPRS      1.09782e+03   3.92390e+01   3.80258e-03   3.53509e-01
   5  am           8.87481e+00   1.12806e-01   1.66360e-03   1.09185e+00
   6  bm          -2.00000e+01   4.45056e-01   2.38304e-02  -1.56999e+00
                                 WARNING -   - ABOVE PARAMETER IS AT LIMIT.
   7  cm           6.72940e-01   1.41542e-01   2.12373e-04  -1.11601e+00
   8  coeffsig     9.68902e-01   1.30494e-02   4.79859e-03   1.21625e+00
   9  dm0          1.39292e+02   1.52301e-02   1.06921e-04  -7.08615e-02
  10  mean         1.45428e+02   4.57644e-02   1.49989e-04  -2.96911e-01
  11  sigma1       6.93761e-01   3.40948e-02   5.90112e-04  -1.03772e+00
  12  sigma2       8.01518e-01   3.59056e-02   6.11034e-04  -9.96724e-01
  13  sigma3       9.99997e+00   9.66192e+00   2.17284e-01   1.56747e+00
                               ERR DEF= 0.5
 EXTERNAL ERROR MATRIX.    NDIM=  28    NPAR= 13    ERR DEF=0.5
 ELEMENTS ABOVE DIAGONAL ARE NOT PRINTED.
  1.006e+03 
  2.534e+02  9.763e+02 
 -4.902e+02 -2.535e+02  1.665e+03 
 -2.536e+02 -4.427e+02  2.537e+02  1.541e+03 
 -6.509e-01 -6.284e-01  6.493e-01  6.270e-01  1.273e-02 
  5.036e-05  3.175e-05 -5.078e-05 -3.215e-05 -3.062e-05  5.836e-06 
  7.870e-01  7.583e-01 -7.853e-01 -7.568e-01 -8.020e-03 -4.647e-06  2.003e-02 
  1.822e-01  1.662e-01 -1.824e-01 -1.665e-01  7.130e-05  1.254e-07 -2.442e-05  1.706e-04 
 -1.201e-02 -1.173e-02  1.201e-02  1.173e-02  8.368e-05  1.745e-08 -3.158e-04 -6.410e-06  2.320e-04 
  2.374e-03 -9.040e-03 -2.317e-03  9.086e-03  3.085e-05  2.211e-07  4.909e-05 -1.560e-05  1.019e-07  2.094e-03 
 -1.156e-01 -1.160e-01  1.155e-01  1.159e-01  5.545e-04  3.028e-07 -5.180e-04 -7.942e-06  3.180e-06  1.269e-03  1.163e-03 
 -1.108e-01 -9.633e-02  1.107e-01  9.620e-02  4.273e-04 -1.962e-07 -5.750e-04  2.201e-05  2.503e-06 -1.309e-03 -6.652e-04 
 -1.108e-01 -9.633e-02  1.107e-01  9.620e-02  4.273e-04 -1.962e-07 -5.750e-04  2.201e-05  2.503e-06 -1.309e-03 -6.652e-04  1.289e-03 
  7.605e-03  1.285e-02 -7.687e-03 -1.294e-02  4.285e-04 -1.765e-08 -1.307e-04  3.394e-06  6.455e-08  5.332e-06  2.909e-06 
  7.605e-03  1.285e-02 -7.687e-03 -1.294e-02  4.285e-04 -1.765e-08 -1.307e-04  3.394e-06  6.455e-08  5.332e-06  2.909e-06 -1.211e-05  1.890e-03 
 PARAMETER  CORRELATION COEFFICIENTS  
       NO.  GLOBAL      1      2      3      4      5      6      7      8      9     10     11     12     13
        1  0.55326   1.000  0.256 -0.379 -0.204 -0.182  0.001  0.175  0.440 -0.025  0.002 -0.107 -0.097  0.006
        2  0.52332   0.256  1.000 -0.199 -0.361 -0.178  0.000  0.171  0.407 -0.025 -0.006 -0.109 -0.086  0.009
        3  0.45074  -0.379 -0.199  1.000  0.158  0.141 -0.001 -0.136 -0.342  0.019 -0.001  0.083  0.076 -0.004
        4  0.43601  -0.204 -0.361  0.158  1.000  0.142 -0.000 -0.136 -0.325  0.020  0.005  0.087  0.068 -0.008
        5  0.56734  -0.182 -0.178  0.141  0.142  1.000 -0.112 -0.502  0.048  0.049  0.006  0.144  0.105  0.087
        6  0.14377   0.001  0.000 -0.001 -0.000 -0.112  1.000 -0.014  0.004  0.000  0.002  0.004 -0.002 -0.000
        7  0.54269   0.175  0.171 -0.136 -0.136 -0.502 -0.014  1.000 -0.013 -0.146  0.008 -0.107 -0.113 -0.021
        8  0.63283   0.440  0.407 -0.342 -0.325  0.048  0.004 -0.013  1.000 -0.032 -0.026 -0.018  0.047  0.006
        9  0.15481  -0.025 -0.025  0.019  0.020  0.049  0.000 -0.146 -0.032  1.000  0.000  0.006  0.005  0.000
       10  0.91673   0.002 -0.006 -0.001  0.005  0.006  0.002  0.008 -0.026  0.000  1.000  0.813 -0.797  0.003
       11  0.84552  -0.107 -0.109  0.083  0.087  0.144  0.004 -0.107 -0.018  0.006  0.813  1.000 -0.543  0.002
       12  0.82786  -0.097 -0.086  0.076  0.068  0.105 -0.002 -0.113  0.047  0.005 -0.797 -0.543  1.000 -0.008
       13  0.10047   0.006  0.009 -0.004 -0.008  0.087 -0.000 -0.021  0.006  0.000  0.003  0.002 -0.008  1.000
71 ; 1.11908 ; 0.973896
[#1] INFO:Plotting -- RooAbsPdf::plotOn(modelMRS) directly selected PDF components: (modelBkg)
[#1] INFO:Plotting -- RooAbsPdf::plotOn(modelMRS) indirectly selected PDF components: ()
[#1] INFO:NumericIntegration -- RooRealIntegral::init(modelBkg_Int[x]) using numeric integrator RooIntegrator1D to calculate Int(x)
[#1] INFO:Plotting -- RooAbsPdf::plotOn(modelMRS) directly selected PDF components: (modelSig)
[#1] INFO:Plotting -- RooAbsPdf::plotOn(modelMRS) indirectly selected PDF components: (sig_pdf1,sig_pdf2)
[#1] INFO:NumericIntegration -- RooRealIntegral::init(modelBkg_Int[x]) using numeric integrator RooIntegrator1D to calculate Int(x)
[#1] INFO:NumericIntegration -- RooRealIntegral::init(modelBkg_Int[x]) using numeric integrator RooIntegrator1D to calculate Int(x)
[#1] INFO:Plotting -- RooAbsPdf::plotOn(modelPRS) directly selected PDF components: (modelBkg)
[#1] INFO:Plotting -- RooAbsPdf::plotOn(modelPRS) indirectly selected PDF components: ()
[#1] INFO:NumericIntegration -- RooRealIntegral::init(modelBkg_Int[x]) using numeric integrator RooIntegrator1D to calculate Int(x)
[#1] INFO:Plotting -- RooAbsPdf::plotOn(modelPRS) directly selected PDF components: (modelSig)
[#1] INFO:Plotting -- RooAbsPdf::plotOn(modelPRS) indirectly selected PDF components: (sig_pdf1,sig_pdf2)
[#1] INFO:NumericIntegration -- RooRealIntegral::init(modelBkg_Int[x]) using numeric integrator RooIntegrator1D to calculate Int(x)
[#1] INFO:NumericIntegration -- RooRealIntegral::init(modelBkg_Int[x]) using numeric integrator RooIntegrator1D to calculate Int(x)
PRS chi2: 0.846579 ; MPS chi2: 0.71775
