   ------------------------------------------------------------------
  | Welcome to ROOT 6.24/08                        https://root.cern |
  | (c) 1995-2021, The ROOT Team; conception: R. Brun, F. Rademakers |
  | Built for linuxx8664gcc on Sep 29 2022, 13:04:57                 |
  | From tags/v6-24-08@v6-24-08                                      |
  | With c++ (GCC) 4.8.5 20150623 (Red Hat 4.8.5-44)                 |
  | Try '.help', '.demo', '.license', '.credits', '.quit'/'.q'       |
   ------------------------------------------------------------------


Processing full.C(2,1,"Down","2018")...

[1mRooFit v3.60 -- Developed by Wouter Verkerke and David Kirkby[0m 
                Copyright (C) 2000-2013 NIKHEF, University of California & Stanford University
                All rights reserved, please read http://roofit.sourceforge.net/license.txt

-------------------------
Set LHCb Style - May 2021
-------------------------
../fulltempt/PARAMs/FullMom_2_1.txt
../../../../selection/promptD/results/2018MagDownFullRS.root/DecayTree
[#0] WARNING:InputArguments -- The parameter 'sigma3' with range [0, 10] of the RooGaussian 'sig_pdf2' exceeds the safe range of (0, inf). Advise to limit its range.
[#0] ERROR:Integration --  RooNumIntFactory::Init : libRooFitMore cannot be loaded. GSL integrators will not beavailable ! 
[#1] INFO:NumericIntegration -- RooRealIntegral::init(modelBkg_Int[x]) using numeric integrator RooIntegrator1D to calculate Int(x)
[#1] INFO:NumericIntegration -- RooRealIntegral::init(modelBkg_Int[x]) using numeric integrator RooIntegrator1D to calculate Int(x)
[#1] INFO:NumericIntegration -- RooRealIntegral::init(modelBkg_Int[x]) using numeric integrator RooIntegrator1D to calculate Int(x)
[#1] INFO:NumericIntegration -- RooRealIntegral::init(modelBkg_Int[x]) using numeric integrator RooIntegrator1D to calculate Int(x)
[#1] INFO:Fitting -- RooAddition::defaultErrorLevel(nll) Summation contains a RooNLLVar, using its error level
 **********
 **   13 **MIGRAD        5500           1
 **********
 FIRST CALL TO USER FUNCTION AT NEW START POINT, WITH IFLAG=4.
 START MIGRAD MINIMIZATION.  STRATEGY  1.  CONVERGENCE WHEN EDM .LT. 1.00e-03
 FCN=-327680 FROM MIGRAD    STATUS=INITIATE       78 CALLS          79 TOTAL
                     EDM= unknown      STRATEGY= 1      NO ERROR MATRIX       
  EXT PARAMETER               CURRENT GUESS       STEP         FIRST   
  NO.   NAME      VALUE            ERROR          SIZE      DERIVATIVE 
   1  NbkgMRS      2.33820e+03   1.16910e+03   0.00000e+00  -2.11960e+03
   2  NbkgPRS      2.23480e+03   1.11740e+03   0.00000e+00  -2.10176e+03
   3  NsigMRS      2.10438e+04   1.16910e+03   0.00000e+00   2.35362e+02
   4  NsigPRS      2.01132e+04   1.11740e+03   0.00000e+00   2.33379e+02
   5  am           1.00000e+00   2.00000e+00   0.00000e+00   7.12168e+01
   6  bm          -2.13631e+00   7.50000e-01  -1.11076e-01   2.84343e+01
   7  coeffsig     5.00000e-01   1.00000e-01   0.00000e+00   1.15831e+03
   8  dm0          1.39900e+02   2.00000e+00   0.00000e+00   8.99210e+02
   9  mean         1.46000e+02   2.10000e+00   0.00000e+00   1.86852e+05
  10  sigma2       4.00000e-01   2.00000e-01   0.00000e+00   1.30872e+04
  11  sigma3       1.20000e+00   6.00000e-01   0.00000e+00  -9.43143e+03
                               ERR DEF= 0.5
 MIGRAD FAILS TO FIND IMPROVEMENT
 MIGRAD MINIMIZATION HAS CONVERGED.
 MIGRAD WILL VERIFY CONVERGENCE AND ERROR MATRIX.
 EIGENVALUES OF SECOND-DERIVATIVE MATRIX:
        -5.5318e-03  9.7243e-02  2.1658e-01  5.1241e-01  8.3855e-01  8.9520e-01  1.1119e+00  1.1617e+00  1.6090e+00  1.9611e+00  2.6019e+00
 MINUIT WARNING IN HESSE   
 ============== MATRIX FORCED POS-DEF BY ADDING 0.008134 TO DIAGONAL.
 FCN=-331511 FROM HESSE     STATUS=NOT POSDEF    120 CALLS         851 TOTAL
                     EDM=0.00222703    STRATEGY= 1      ERR MATRIX NOT POS-DEF
  EXT PARAMETER                APPROXIMATE        STEP         FIRST   
  NO.   NAME      VALUE            ERROR          SIZE      DERIVATIVE 
   1  NbkgMRS      3.45938e+03   9.53286e+01   3.38822e-03  -1.38599e-01
   2  NbkgPRS      3.39260e+03   9.57160e+01   3.49004e-03   2.16834e-02
   3  NsigMRS      1.99244e+04   1.59263e+02   6.95400e-03   7.50705e-01
   4  NsigPRS      1.89558e+04   1.56636e+02   7.03913e-03   1.80151e-01
   5  am           4.44323e+00   8.40124e-01   2.71662e-03  -1.03205e+00
   6  bm          -1.04803e+01   1.60907e+00   4.52552e-03   3.69329e-01
   7  coeffsig     8.42596e-01   7.91948e-03   4.43383e-03   3.31781e-01
   8  dm0          1.40352e+02   6.50763e-02   2.07656e-03   8.81940e+00
   9  mean         1.45451e+02   7.54712e-03   1.65843e-04   1.09618e+00
  10  sigma2       7.57809e-01   1.00957e-02   7.66013e-04   1.34892e+00
  11  sigma3       1.89221e+00   4.56144e-02   2.84351e-03  -6.94694e-01
                               ERR DEF= 0.5
 MIGRAD FAILS TO FIND IMPROVEMENT
 MACHINE ACCURACY LIMITS FURTHER IMPROVEMENT.
 MIGRAD MINIMIZATION HAS CONVERGED.
 MIGRAD WILL VERIFY CONVERGENCE AND ERROR MATRIX.
 EIGENVALUES OF SECOND-DERIVATIVE MATRIX:
        -5.5488e-03  9.7973e-02  2.4432e-01  5.2514e-01  8.3840e-01  9.0555e-01  1.1113e+00  1.1619e+00  1.5965e+00  1.9613e+00  2.5633e+00
 MINUIT WARNING IN HESSE   
 ============== MATRIX FORCED POS-DEF BY ADDING 0.008112 TO DIAGONAL.
 FCN=-331511 FROM MIGRAD    STATUS=CONVERGED    1033 CALLS        1034 TOTAL
                     EDM=0.000569064    STRATEGY= 1      ERR MATRIX NOT POS-DEF
  EXT PARAMETER                APPROXIMATE        STEP         FIRST   
  NO.   NAME      VALUE            ERROR          SIZE      DERIVATIVE 
   1  NbkgMRS      3.46408e+03   9.47695e+01   3.38882e-03   6.47800e-01
   2  NbkgPRS      3.39694e+03   9.51534e+01   3.49031e-03   5.00408e-01
   3  NsigMRS      1.99164e+04   1.58832e+02   6.94087e-03  -7.62639e-01
   4  NsigPRS      1.89507e+04   1.56250e+02   7.02175e-03  -2.45468e-01
   5  am           4.49687e+00   8.27764e-01   2.68782e-03   8.84769e-01
   6  bm          -1.05830e+01   1.59890e+00   4.50130e-03  -6.64968e-01
   7  coeffsig     8.42624e-01   7.96295e-03   4.44255e-03   1.55166e-01
   8  dm0          1.40346e+02   5.39242e-02   1.77908e-03   1.08535e+00
   9  mean         1.45451e+02   7.53688e-03   1.65840e-04  -1.34027e+00
  10  sigma2       7.57639e-01   1.00927e-02   7.66086e-04  -1.79006e+00
  11  sigma3       1.88974e+00   4.35374e-02   2.84878e-03   1.91785e-01
                               ERR DEF= 0.5
 EXTERNAL ERROR MATRIX.    NDIM=  28    NPAR= 11    ERR DEF=0.5
  8.982e+03 
  3.940e+03  9.055e+03 
 -5.498e+03 -3.914e+03  2.523e+04 
 -3.915e+03 -5.638e+03  3.889e+03  2.442e+04 
  2.544e+01  2.580e+01 -2.526e+01 -2.562e+01  6.872e-01 
  5.617e+01  5.698e+01 -5.577e+01 -5.658e+01  1.325e+00  2.579e+00 
  2.531e-01  2.607e-01 -2.513e-01 -2.590e-01  1.789e-03  3.874e-03  6.342e-05 
 -1.038e+00 -1.041e+00  1.032e+00  1.035e+00  4.940e-03  9.064e-03  2.386e-05  2.908e-03 
 -7.454e-02 -7.774e-02  7.406e-02  7.726e-02 -6.082e-04 -1.314e-03 -3.790e-05 -4.645e-05  5.680e-05 
  7.899e-02  8.214e-02 -7.850e-02 -8.166e-02  7.760e-04  1.650e-03  5.562e-05  5.253e-05 -6.294e-05  1.019e-04 
 -9.993e-01 -9.896e-01  9.940e-01  9.846e-01 -4.272e-04 -1.901e-03  1.610e-04  1.051e-03 -1.256e-04  1.832e-04  1.896e-03 
ERR MATRIX NOT POS-DEF
 PARAMETER  CORRELATION COEFFICIENTS  
       NO.  GLOBAL      1      2      3      4      5      6      7      8      9     10     11
        1  0.66814   1.000  0.437 -0.365 -0.264  0.324  0.369  0.335 -0.203 -0.104  0.083 -0.242
        2  0.67566   0.437  1.000 -0.259 -0.379  0.327  0.373  0.344 -0.203 -0.108  0.086 -0.239
        3  0.41571  -0.365 -0.259  1.000  0.157 -0.192 -0.219 -0.199  0.120  0.062 -0.049  0.144
        4  0.42909  -0.264 -0.379  0.157  1.000 -0.198 -0.225 -0.208  0.123  0.066 -0.052  0.145
        5  0.99736   0.324  0.327 -0.192 -0.198  1.000  0.995  0.271  0.111 -0.097  0.093 -0.012
        6  0.99754   0.369  0.373 -0.219 -0.225  0.995  1.000  0.303  0.105 -0.109  0.102 -0.027
        7  0.86088   0.335  0.344 -0.199 -0.208  0.271  0.303  1.000  0.056 -0.631  0.692  0.464
        8  0.55704  -0.203 -0.203  0.120  0.123  0.111  0.105  0.056  1.000 -0.114  0.097  0.447
        9  0.83263  -0.104 -0.108  0.062  0.066 -0.097 -0.109 -0.631 -0.114  1.000 -0.827 -0.383
       10  0.86420   0.083  0.086 -0.049 -0.052  0.093  0.102  0.692  0.097 -0.827  1.000  0.417
       11  0.76708  -0.242 -0.239  0.144  0.145 -0.012 -0.027  0.464  0.447 -0.383  0.417  1.000
 ERR MATRIX NOT POS-DEF
 **********
 **   18 **HESSE        5500
 **********
 COVARIANCE MATRIX CALCULATED SUCCESSFULLY
 FCN=-331511 FROM HESSE     STATUS=OK            108 CALLS        1142 TOTAL
                     EDM=1.19168    STRATEGY= 1      ERROR MATRIX ACCURATE 
  EXT PARAMETER                                INTERNAL      INTERNAL  
  NO.   NAME      VALUE            ERROR       STEP SIZE       VALUE   
   1  NbkgMRS      3.46408e+03   1.32307e+02   1.35553e-04  -7.80587e-01
   2  NbkgPRS      3.39694e+03   1.33040e+02   1.39612e-04  -7.69806e-01
   3  NsigMRS      1.99164e+04   1.84208e+02   2.77635e-04   7.80399e-01
   4  NsigPRS      1.89507e+04   1.82315e+02   2.80870e-04   7.69760e-01
   5  am           4.49687e+00   1.74420e+00   1.07513e-04   4.66415e-01
   6  bm          -1.05830e+01   3.28311e+00   1.80052e-04   3.19993e+00
   7  coeffsig     8.42624e-01   9.80467e-03   1.77702e-04   7.54945e-01
   8  dm0          1.40346e+02   2.57209e-01   1.40466e-01   3.45621e-02
   9  mean         1.45451e+02   7.85050e-03   3.31680e-05  -2.94586e-01
  10  sigma2       7.57639e-01   1.07559e-02   3.06434e-05  -1.01309e+00
  11  sigma3       1.88974e+00   5.11705e-02   1.13951e-04  -6.71360e-01
                               ERR DEF= 0.5
 EXTERNAL ERROR MATRIX.    NDIM=  28    NPAR= 11    ERR DEF=0.5
  1.751e+04 
  1.248e+04  1.770e+04 
 -1.404e+04 -1.247e+04  3.394e+04 
 -1.248e+04 -1.430e+04  1.247e+04  3.324e+04 
  3.281e+01  3.354e+01 -3.279e+01 -3.352e+01  3.082e+00 
  7.457e+01  7.611e+01 -7.454e+01 -7.608e+01  5.866e+00  1.119e+01 
  7.678e-01  7.794e-01 -7.674e-01 -7.792e-01  2.732e-03  5.927e-03  9.615e-05 
 -2.292e+01 -2.306e+01  2.291e+01  2.305e+01  1.206e-01  2.167e-01 -1.267e-03  6.617e-02 
 -1.861e-01 -1.904e-01  1.860e-01  1.903e-01 -1.172e-03 -2.442e-03 -4.693e-05  2.031e-04  6.163e-05 
  3.313e-01  3.366e-01 -3.311e-01 -3.365e-01  1.181e-03  2.555e-03  7.411e-05 -5.659e-04 -7.079e-05  1.157e-04 
 -3.518e+00 -3.524e+00  3.517e+00  3.523e+00  1.065e-02  1.770e-02  7.891e-06  8.248e-03 -9.747e-05  1.137e-04  2.619e-03 
 PARAMETER  CORRELATION COEFFICIENTS  
       NO.  GLOBAL      1      2      3      4      5      6      7      8      9     10     11
        1  0.84480   1.000  0.709 -0.576 -0.517  0.141  0.168  0.592 -0.673 -0.179  0.233 -0.520
        2  0.84837   0.709  1.000 -0.509 -0.589  0.144  0.171  0.597 -0.674 -0.182  0.235 -0.518
        3  0.61648  -0.576 -0.509  1.000  0.371 -0.101 -0.121 -0.425  0.483  0.129 -0.167  0.373
        4  0.62919  -0.517 -0.589  0.371  1.000 -0.105 -0.125 -0.436  0.492  0.133 -0.172  0.378
        5  0.99941   0.141  0.144 -0.101 -0.105  1.000  0.999  0.159  0.267 -0.085  0.063  0.119
        6  0.99943   0.168  0.171 -0.121 -0.125  0.999  1.000  0.181  0.252 -0.093  0.071  0.103
        7  0.90987   0.592  0.597 -0.425 -0.436  0.159  0.181  1.000 -0.502 -0.610  0.703  0.016
        8  0.90237  -0.673 -0.674  0.483  0.492  0.267  0.252 -0.502  1.000  0.101 -0.205  0.627
        9  0.84558  -0.179 -0.182  0.129  0.133 -0.085 -0.093 -0.610  0.101  1.000 -0.838 -0.243
       10  0.88051   0.233  0.235 -0.167 -0.172  0.063  0.071  0.703 -0.205 -0.838  1.000  0.207
       11  0.83645  -0.520 -0.518  0.373  0.378  0.119  0.103  0.016  0.627 -0.243  0.207  1.000
73 ; 3.82985 ; 2.64677
[#1] INFO:Plotting -- RooAbsPdf::plotOn(modelMRS) directly selected PDF components: (modelBkg)
[#1] INFO:Plotting -- RooAbsPdf::plotOn(modelMRS) indirectly selected PDF components: ()
[#1] INFO:NumericIntegration -- RooRealIntegral::init(modelBkg_Int[x]) using numeric integrator RooIntegrator1D to calculate Int(x)
[#1] INFO:Plotting -- RooAbsPdf::plotOn(modelMRS) directly selected PDF components: (modelSig)
[#1] INFO:Plotting -- RooAbsPdf::plotOn(modelMRS) indirectly selected PDF components: (sig_pdf1,sig_pdf2)
[#1] INFO:NumericIntegration -- RooRealIntegral::init(modelBkg_Int[x]) using numeric integrator RooIntegrator1D to calculate Int(x)
[#1] INFO:NumericIntegration -- RooRealIntegral::init(modelBkg_Int[x]) using numeric integrator RooIntegrator1D to calculate Int(x)
[#1] INFO:Plotting -- RooAbsPdf::plotOn(modelPRS) directly selected PDF components: (modelBkg)
[#1] INFO:Plotting -- RooAbsPdf::plotOn(modelPRS) indirectly selected PDF components: ()
[#1] INFO:NumericIntegration -- RooRealIntegral::init(modelBkg_Int[x]) using numeric integrator RooIntegrator1D to calculate Int(x)
[#1] INFO:Plotting -- RooAbsPdf::plotOn(modelPRS) directly selected PDF components: (modelSig)
[#1] INFO:Plotting -- RooAbsPdf::plotOn(modelPRS) indirectly selected PDF components: (sig_pdf1,sig_pdf2)
[#1] INFO:NumericIntegration -- RooRealIntegral::init(modelBkg_Int[x]) using numeric integrator RooIntegrator1D to calculate Int(x)
[#1] INFO:NumericIntegration -- RooRealIntegral::init(modelBkg_Int[x]) using numeric integrator RooIntegrator1D to calculate Int(x)
PRS chi2: 3.55479 ; MPS chi2: 2.80999
