   ------------------------------------------------------------------
  | Welcome to ROOT 6.24/08                        https://root.cern |
  | (c) 1995-2021, The ROOT Team; conception: R. Brun, F. Rademakers |
  | Built for linuxx8664gcc on Sep 29 2022, 13:04:57                 |
  | From tags/v6-24-08@v6-24-08                                      |
  | With c++ (GCC) 4.8.5 20150623 (Red Hat 4.8.5-44)                 |
  | Try '.help', '.demo', '.license', '.credits', '.quit'/'.q'       |
   ------------------------------------------------------------------


Processing full.C(4,5,"Up","2017")...

[1mRooFit v3.60 -- Developed by Wouter Verkerke and David Kirkby[0m 
                Copyright (C) 2000-2013 NIKHEF, University of California & Stanford University
                All rights reserved, please read http://roofit.sourceforge.net/license.txt

-------------------------
Set LHCb Style - May 2021
-------------------------
../fulltempt/PARAMs/FullMom_4_5.txt
../../../../../selection/promptD/results/2017MagUpFullRS.root/DecayTree
[#0] WARNING:InputArguments -- The parameter 'sigma3' with range [0, 10] of the RooGaussian 'sig_pdf2' exceeds the safe range of (0, inf). Advise to limit its range.
[#0] ERROR:Integration --  RooNumIntFactory::Init : libRooFitMore cannot be loaded. GSL integrators will not beavailable ! 
[#1] INFO:NumericIntegration -- RooRealIntegral::init(modelBkg_default_Int[x]) using numeric integrator RooIntegrator1D to calculate Int(x)
[#1] INFO:NumericIntegration -- RooRealIntegral::init(modelBkg_default_Int[x]) using numeric integrator RooIntegrator1D to calculate Int(x)
[#1] INFO:Fitting -- RooAddition::defaultErrorLevel(nll_d) Summation contains a RooNLLVar, using its error level
 **********
 **   13 **MIGRAD        6500           1
 **********
 FIRST CALL TO USER FUNCTION AT NEW START POINT, WITH IFLAG=4.
 START MIGRAD MINIMIZATION.  STRATEGY  1.  CONVERGENCE WHEN EDM .LT. 1.00e-03
 FCN=-38205.6 FROM MIGRAD    STATUS=INITIATE      215 CALLS         216 TOTAL
                     EDM= unknown      STRATEGY= 1      NO ERROR MATRIX       
  EXT PARAMETER               CURRENT GUESS       STEP         FIRST   
  NO.   NAME      VALUE            ERROR          SIZE      DERIVATIVE 
   1  NbkgMRS_d    3.38300e+02   1.69150e+02   0.00000e+00   1.74952e+02
   2  NbkgPRS_d    3.42700e+02   1.71350e+02   0.00000e+00   2.18367e+02
   3  NsigMRS_d    3.04470e+03   1.69150e+02   0.00000e+00  -1.94524e+01
   4  NsigPRS_d    3.08430e+03   1.71350e+02   0.00000e+00  -2.42761e+01
   5  am          -2.28455e+00   2.00000e+00   0.00000e+00  -1.70102e+01
   6  bm          -4.50000e+00   2.00000e+00   0.00000e+00  -2.38642e+01
   7  cm           2.86094e+00   8.00000e+00   0.00000e+00  -2.03947e+00
   8  coeffsig     4.30039e-01   5.00000e-02   0.00000e+00  -1.22768e+00
   9  dm0          1.39323e+02   2.00000e+00  -7.73297e-03   6.58195e+00
  10  mean         1.45500e+02   2.10000e+00   0.00000e+00   7.61528e+03
  11  sigma1       5.00000e-01   2.50000e-01   0.00000e+00  -9.79818e+02
  12  sigma2       5.00000e-01   2.50000e-01   0.00000e+00   5.46439e+02
  13  sigma3       1.10000e+00   5.50000e-01   0.00000e+00   7.67115e+02
                               ERR DEF= 0.5
 EIGENVALUES OF SECOND-DERIVATIVE MATRIX:
        -1.3446e+00  1.0601e-03  2.5239e-02  5.1369e-02  6.7086e-02  2.1782e-01  7.2219e-01  8.8124e-01  9.4603e-01  9.5469e-01  1.2309e+00  2.8126e+00  6.4343e+00
 MINUIT WARNING IN MIGRAD  
 ============== MATRIX FORCED POS-DEF BY ADDING 1.350987 TO DIAGONAL.
 EIGENVALUES OF SECOND-DERIVATIVE MATRIX:
        -4.7980e-01  2.3802e-04  3.8613e-02  6.4981e-02  1.8532e-01  3.3045e-01  7.6524e-01  1.0560e+00  1.1170e+00  1.2900e+00  1.6073e+00  2.0332e+00  4.9914e+00
 MINUIT WARNING IN MIGRAD  
 ============== MATRIX FORCED POS-DEF BY ADDING 0.484791 TO DIAGONAL.
 MIGRAD MINIMIZATION HAS CONVERGED.
 FCN=-38280.9 FROM MIGRAD    STATUS=CONVERGED    2123 CALLS        2124 TOTAL
                     EDM=3.22744e-05    STRATEGY= 1  ERROR MATRIX UNCERTAINTY  10.6 per cent
  EXT PARAMETER                                   STEP         FIRST   
  NO.   NAME      VALUE            ERROR          SIZE      DERIVATIVE 
   1  NbkgMRS_d    2.41733e+02   2.25134e+01  -1.60503e-04   2.15111e-01
   2  NbkgPRS_d    2.21206e+02   2.30764e+01  -4.40172e-05   2.74846e-02
   3  NsigMRS_d    3.14163e+03   5.89828e+01   4.17618e-04   6.60057e-02
   4  NsigPRS_d    3.20598e+03   6.18099e+01  -3.10880e-04   2.90997e-02
   5  am          -9.99989e+00   2.35961e+00  -4.69373e-03  -7.51763e-03
   6  bm          -8.14824e-01   3.86318e-01   3.80258e-04  -8.57347e-02
   7  cm           4.43234e+00   1.36581e+00   1.76071e-05  -3.92601e-01
   8  coeffsig     3.43155e-01   5.61310e-02   3.73544e-04   7.95022e-03
   9  dm0          1.39289e+02   1.20082e-02  -7.89948e-06   3.68659e+00
  10  mean         1.45463e+02   3.21386e-02   1.84793e-06  -4.64185e-01
  11  sigma1       5.66300e-01   5.82139e-02   3.49059e-05   2.04471e-01
  12  sigma2       4.19875e-01   5.11292e-02   3.69457e-05   2.12192e-01
  13  sigma3       1.00574e+00   3.66428e-02   4.72668e-05  -3.29923e-01
                               ERR DEF= 0.5
 EXTERNAL ERROR MATRIX.    NDIM=  28    NPAR= 13    ERR DEF=0.5
 ELEMENTS ABOVE DIAGONAL ARE NOT PRINTED.
  5.070e+02 
  1.671e+01  5.327e+02 
 -4.148e+02 -2.385e+02  3.484e+03 
 -1.765e+02 -1.172e+02 -2.037e+02  3.827e+03 
  1.249e-01  8.334e-02  1.752e-01 -1.914e-01  1.078e-03 
 -6.666e-01 -9.982e-01 -7.303e-01  3.204e+00 -2.593e-03  1.497e-01 
  1.258e+00 -7.352e-01  8.134e+00  2.519e+00 -6.455e-03 -3.494e-01  1.866e+00 
 -4.728e-01 -2.678e-01 -5.775e-02  1.498e-01 -7.888e-05  2.998e-04  7.597e-03  3.165e-03 
  1.108e-01  9.997e-02 -1.217e-01 -1.579e-01  2.198e-04 -2.821e-03  6.223e-03 -3.134e-04  1.442e-04 
 -5.343e-03  8.026e-03 -8.162e-02 -7.711e-02  5.105e-05  7.174e-04 -8.286e-03  4.249e-04 -8.994e-06  1.033e-03 
 -2.245e-01 -1.103e-01 -2.591e-01 -8.204e-02  6.494e-05  7.681e-04 -4.399e-03  1.879e-03 -1.707e-04  1.514e-03  3.390e-03 
 -3.434e-01 -2.030e-01  4.668e-02  1.819e-01 -8.246e-05 -6.951e-04  1.613e-02  1.525e-03 -2.255e-04 -9.481e-04 -5.628e-04 
 -3.434e-01 -2.030e-01  4.668e-02  1.819e-01 -8.246e-05 -6.951e-04  1.613e-02  1.525e-03 -2.255e-04 -9.481e-04 -5.628e-04  2.615e-03 
 -3.064e-01 -2.315e-01  1.572e-01  2.104e-01 -1.447e-04  1.034e-03  4.291e-03  1.832e-03 -2.338e-04  7.296e-05  7.615e-04 
 -3.064e-01 -2.315e-01  1.572e-01  2.104e-01 -1.447e-04  1.034e-03  4.291e-03  1.832e-03 -2.338e-04  7.296e-05  7.615e-04  1.042e-03  1.343e-03 
 PARAMETER  CORRELATION COEFFICIENTS  
       NO.  GLOBAL      1      2      3      4      5      6      7      8      9     10     11     12     13
        1  0.84886   1.000  0.032 -0.312 -0.127  0.169 -0.077  0.041 -0.373  0.410 -0.007 -0.171 -0.298 -0.371
        2  0.91511   0.032  1.000 -0.175 -0.082  0.110 -0.112 -0.023 -0.206  0.361  0.011 -0.082 -0.172 -0.274
        3  0.98975  -0.312 -0.175  1.000 -0.056  0.090 -0.032  0.101 -0.017 -0.172 -0.043 -0.075  0.015  0.073
        4  0.95695  -0.127 -0.082 -0.056  1.000 -0.094  0.134  0.030  0.043 -0.213 -0.039 -0.023  0.057  0.093
        5  0.99733   0.169  0.110  0.090 -0.094  1.000 -0.204 -0.144 -0.043  0.557  0.048  0.034 -0.049 -0.120
        6  0.94442  -0.077 -0.112 -0.032  0.134 -0.204  1.000 -0.661  0.014 -0.607  0.058  0.034 -0.035  0.073
        7  0.99668   0.041 -0.023  0.101  0.030 -0.144 -0.661  1.000  0.099  0.379 -0.189 -0.055  0.231  0.086
        8  0.97103  -0.373 -0.206 -0.017  0.043 -0.043  0.014  0.099  1.000 -0.464  0.235  0.574  0.530  0.888
        9  0.99904   0.410  0.361 -0.172 -0.213  0.557 -0.607  0.379 -0.464  1.000 -0.023 -0.244 -0.367 -0.531
       10  0.97627  -0.007  0.011 -0.043 -0.039  0.048  0.058 -0.189  0.235 -0.023  1.000  0.809 -0.577  0.062
       11  0.99593  -0.171 -0.082 -0.075 -0.023  0.034  0.034 -0.055  0.574 -0.244  0.809  1.000 -0.189  0.357
       12  0.99468  -0.298 -0.172  0.015  0.057 -0.049 -0.035  0.231  0.530 -0.367 -0.577 -0.189  1.000  0.556
       13  0.97484  -0.371 -0.274  0.073  0.093 -0.120  0.073  0.086  0.888 -0.531  0.062  0.357  0.556  1.000
 **********
 **   18 **HESSE        6500
 **********
 COVARIANCE MATRIX CALCULATED SUCCESSFULLY
 FCN=-38280.9 FROM HESSE     STATUS=OK            151 CALLS        2275 TOTAL
                     EDM=0.000381458    STRATEGY= 1      ERROR MATRIX ACCURATE 
  EXT PARAMETER                                INTERNAL      INTERNAL  
  NO.   NAME      VALUE            ERROR       STEP SIZE       VALUE   
   1  NbkgMRS_d    2.41733e+02   2.23739e+01   3.06089e-03  -1.02959e+00
   2  NbkgPRS_d    2.21206e+02   2.18848e+01   3.07371e-03  -1.05704e+00
   3  NsigMRS_d    3.14163e+03   5.82682e+01   8.81962e-03   1.03001e+00
   4  NsigPRS_d    3.20598e+03   5.87942e+01   9.22574e-03   1.05726e+00
   5  am          -9.99989e+00   1.27023e+01   1.26161e-01  -1.57548e+00
   6  bm          -8.14824e-01   3.69688e-01   8.33605e-03   1.16431e+00
   7  cm           4.43234e+00   1.46137e+00   2.43721e-03  -1.04029e+00
   8  coeffsig     3.43155e-01   5.64486e-02   4.76060e-03  -3.19076e-01
   9  dm0          1.39289e+02   9.66515e-02   1.20274e-03  -7.11164e-02
  10  mean         1.45463e+02   2.94619e-02   1.44896e-04  -2.93435e-01
  11  sigma1       5.66300e-01   5.65910e-02   1.31194e-03  -1.09024e+00
  12  sigma2       4.19875e-01   5.01507e-02   1.41575e-03  -1.15806e+00
  13  sigma3       1.00574e+00   3.50846e-02   6.38961e-04  -9.25385e-01
                               ERR DEF= 0.5
 EXTERNAL ERROR MATRIX.    NDIM=  28    NPAR= 13    ERR DEF=0.5
 ELEMENTS ABOVE DIAGONAL ARE NOT PRINTED.
  5.007e+02 
  1.044e+02  4.791e+02 
 -2.571e+02 -1.037e+02  3.400e+03 
 -1.036e+02 -2.557e+02  1.029e+02  3.462e+03 
 -3.304e-02 -3.284e-02  3.278e-02  3.255e-02  2.599e-03 
 -1.627e+00 -1.662e+00  1.614e+00  1.647e+00 -5.117e-03  1.371e-01 
 -3.621e+00 -3.271e+00  3.596e+00  3.246e+00 -1.200e-02 -2.803e-01  2.136e+00 
 -2.876e-01 -2.941e-01  2.860e-01  2.922e-01  4.577e-05  2.493e-03  5.316e-03  3.202e-03 
  2.556e-01  2.494e-01 -2.536e-01 -2.472e-01 -4.828e-05  3.966e-04 -4.453e-02 -3.543e-04  9.342e-03 
  2.839e-02  1.985e-02 -2.816e-02 -1.967e-02 -2.215e-06  7.808e-04 -8.170e-03  4.027e-04  1.188e-04  8.680e-04 
 -6.352e-02 -7.289e-02  6.328e-02  7.249e-02  1.274e-05  1.815e-03 -8.388e-03  2.012e-03  2.717e-05  1.308e-03  3.203e-03 
 -2.208e-01 -2.143e-01  2.195e-01  2.128e-01  3.261e-05  7.462e-04  1.277e-02  1.701e-03 -3.673e-04 -7.571e-04 -9.026e-05 
 -2.208e-01 -2.143e-01  2.195e-01  2.128e-01  3.261e-05  7.462e-04  1.277e-02  1.701e-03 -3.673e-04 -7.571e-04 -9.026e-05  2.516e-03 
 -2.797e-01 -2.861e-01  2.781e-01  2.841e-01  4.557e-05  2.261e-03  6.717e-03  1.719e-03 -3.721e-04  7.681e-05  7.692e-04 
 -2.797e-01 -2.861e-01  2.781e-01  2.841e-01  4.557e-05  2.261e-03  6.717e-03  1.719e-03 -3.721e-04  7.681e-05  7.692e-04  1.035e-03  1.231e-03 
 PARAMETER  CORRELATION COEFFICIENTS  
       NO.  GLOBAL      1      2      3      4      5      6      7      8      9     10     11     12     13
        1  0.47093   1.000  0.213 -0.197 -0.079 -0.029 -0.196 -0.111 -0.227  0.118  0.043 -0.050 -0.197 -0.356
        2  0.48359   0.213  1.000 -0.081 -0.199 -0.029 -0.205 -0.102 -0.237  0.118  0.031 -0.059 -0.195 -0.373
        3  0.21836  -0.197 -0.081  1.000  0.030  0.011  0.075  0.042  0.087 -0.045 -0.016  0.019  0.075  0.136
        4  0.21820  -0.079 -0.199  0.030  1.000  0.011  0.076  0.038  0.088 -0.043 -0.011  0.022  0.072  0.138
        5  0.53512  -0.029 -0.029  0.011  0.011  1.000 -0.271 -0.161  0.016 -0.010 -0.001  0.004  0.013  0.025
        6  0.75065  -0.196 -0.205  0.075  0.076 -0.271  1.000 -0.518  0.119  0.011  0.072  0.087  0.040  0.174
        7  0.75461  -0.111 -0.102  0.042  0.038 -0.161 -0.518  1.000  0.064 -0.315 -0.190 -0.101  0.174  0.131
        8  0.95531  -0.227 -0.237  0.087  0.088  0.016  0.119  0.064  1.000 -0.065  0.242  0.628  0.599  0.866
        9  0.39357   0.118  0.118 -0.045 -0.043 -0.010  0.011 -0.315 -0.065  1.000  0.042  0.005 -0.076 -0.110
       10  0.93067   0.043  0.031 -0.016 -0.011 -0.001  0.072 -0.190  0.242  0.042  1.000  0.784 -0.512  0.074
       11  0.91809  -0.050 -0.059  0.019  0.022  0.004  0.087 -0.101  0.628  0.005  0.784  1.000 -0.032  0.387
       12  0.90805  -0.197 -0.195  0.075  0.072  0.013  0.040  0.174  0.599 -0.076 -0.512 -0.032  1.000  0.588
       13  0.91409  -0.356 -0.373  0.136  0.138  0.025  0.174  0.131  0.866 -0.110  0.074  0.387  0.588  1.000
[#1] INFO:NumericIntegration -- RooRealIntegral::init(modelBkg_default_Int[x]) using numeric integrator RooIntegrator1D to calculate Int(x)
[#1] INFO:NumericIntegration -- RooRealIntegral::init(modelBkg_default_Int[x]) using numeric integrator RooIntegrator1D to calculate Int(x)
aaaa0 ; 0 ; 0
aaaa1 ; 0 ; 0
aaaa2 ; 0 ; 0
aaaa3 ; 0 ; 0
aaaa4 ; 0 ; 0
aaaa5 ; 0 ; 0
aaaa6 ; 0 ; 1
aaaa7 ; 0 ; 0
aaaa8 ; 0 ; 3
aaaa9 ; 1 ; 1
aaaa10 ; 2 ; 2
aaaa11 ; 2 ; 1
aaaa12 ; 3 ; 2
aaaa13 ; 4 ; 3
aaaa14 ; 2 ; 7
aaaa15 ; 5 ; 2
aaaa16 ; 3 ; 3
aaaa17 ; 11 ; 4
aaaa18 ; 11 ; 1
aaaa19 ; 8 ; 3
aaaa20 ; 21 ; 3
aaaa21 ; 33 ; 5
aaaa22 ; 28 ; 2
aaaa23 ; 45 ; 4
aaaa24 ; 115 ; 3
aaaa25 ; 156 ; 5
aaaa26 ; 221 ; 2
aaaa27 ; 305 ; 3
aaaa28 ; 378 ; 3
aaaa29 ; 438 ; 3
aaaa30 ; 412 ; 1
aaaa31 ; 351 ; 8
aaaa32 ; 215 ; 4
aaaa33 ; 167 ; 2
aaaa34 ; 122 ; 3
aaaa35 ; 105 ; 2
aaaa36 ; 69 ; 4
aaaa37 ; 37 ; 4
aaaa38 ; 17 ; 1
aaaa39 ; 17 ; 4
aaaa40 ; 14 ; 2
aaaa41 ; 6 ; 4
aaaa42 ; 6 ; 5
aaaa43 ; 5 ; 3
aaaa44 ; 5 ; 2
aaaa45 ; 5 ; 4
aaaa46 ; 5 ; 7
aaaa47 ; 4 ; 4
aaaa48 ; 3 ; 4
aaaa49 ; 2 ; 3
aaaa50 ; 3 ; 3
aaaa51 ; 3 ; 4
aaaa52 ; 3 ; 5
aaaa53 ; 5 ; 2
aaaa54 ; 4 ; 2
aaaa55 ; 0 ; 1
aaaa56 ; 2 ; 3
aaaa57 ; 0 ; 3
aaaa58 ; 2 ; 6
aaaa59 ; 2 ; 5
aaaa60 ; 3 ; 3
aaaa61 ; 3 ; 1
aaaa62 ; 2 ; 0
aaaa63 ; 2 ; 2
aaaa64 ; 4 ; 2
aaaa65 ; 2 ; 1
aaaa66 ; 1 ; 4
aaaa67 ; 2 ; 1
aaaa68 ; 2 ; 2
aaaa69 ; 1 ; 5
aaaa70 ; 1 ; 3
aaaa71 ; 3 ; 0
aaaa72 ; 2 ; 3
aaaa73 ; 2 ; 2
aaaa74 ; 3 ; 1
aaaa75 ; 1 ; 4
aaaa76 ; 0 ; 1
aaaa77 ; 2 ; 2
aaaa78 ; 0 ; 4
aaaa79 ; 3 ; 1
aaaa80 ; 1 ; 3
aaaa81 ; 1 ; 4
aaaa82 ; 2 ; 1
aaaa83 ; 1 ; 0
[#0] WARNING:Plotting -- RooHist::addBin(signal_hist_plot__x) WARNING: negative entry set to zero when Poisson error bars are requested
[#0] WARNING:Plotting -- RooHist::addBin(signal_hist_plot__x) WARNING: negative entry set to zero when Poisson error bars are requested
[#0] WARNING:Plotting -- RooHist::addBin(signal_hist_plot__x) WARNING: negative entry set to zero when Poisson error bars are requested
[#0] WARNING:Plotting -- RooHist::addBin(signal_hist_plot__x) WARNING: negative entry set to zero when Poisson error bars are requested
[#0] WARNING:Plotting -- RooHist::addBin(signal_hist_plot__x) WARNING: negative entry set to zero when Poisson error bars are requested
[#0] WARNING:Plotting -- RooHist::addBin(signal_hist_plot__x) WARNING: negative entry set to zero when Poisson error bars are requested
[#0] WARNING:Plotting -- RooHist::addBin(signal_hist_plot__x) WARNING: negative entry set to zero when Poisson error bars are requested
[#0] WARNING:Plotting -- RooHist::addBin(signal_hist_plot__x) WARNING: negative entry set to zero when Poisson error bars are requested
[#0] WARNING:Plotting -- RooHist::addBin(signal_hist_plot__x) WARNING: negative entry set to zero when Poisson error bars are requested
[#0] WARNING:Plotting -- RooHist::addBin(signal_hist_plot__x) WARNING: negative entry set to zero when Poisson error bars are requested
[#0] WARNING:Plotting -- RooHist::addBin(signal_hist_plot__x) WARNING: negative entry set to zero when Poisson error bars are requested
[#0] WARNING:Plotting -- RooHist::addBin(signal_hist_plot__x) WARNING: negative entry set to zero when Poisson error bars are requested
[#0] WARNING:Plotting -- RooHist::addBin(signal_hist_plot__x) WARNING: negative entry set to zero when Poisson error bars are requested
[#0] WARNING:Plotting -- RooHist::addBin(signal_hist_plot__x) WARNING: negative entry set to zero when Poisson error bars are requested
[#0] WARNING:Plotting -- RooHist::addBin(signal_hist_plot__x) WARNING: negative entry set to zero when Poisson error bars are requested
[#0] WARNING:Plotting -- RooHist::addBin(signal_hist_plot__x) WARNING: negative entry set to zero when Poisson error bars are requested
[#0] WARNING:Plotting -- RooHist::addBin(signal_hist_plot__x) WARNING: negative entry set to zero when Poisson error bars are requested
[#0] WARNING:Plotting -- RooHist::addBin(signal_hist_plot__x) WARNING: negative entry set to zero when Poisson error bars are requested
[#0] WARNING:Plotting -- RooHist::addBin(signal_hist_plot__x) WARNING: negative entry set to zero when Poisson error bars are requested
[#0] WARNING:Plotting -- RooHist::addBin(signal_hist_plot__x) WARNING: negative entry set to zero when Poisson error bars are requested
[#0] WARNING:Plotting -- RooHist::addBin(signal_hist_plot__x) WARNING: negative entry set to zero when Poisson error bars are requested
[#0] WARNING:Plotting -- RooHist::addBin(signal_hist_plot__x) WARNING: negative entry set to zero when Poisson error bars are requested
[#1] INFO:NumericIntegration -- RooRealIntegral::init(modelBkg_Int[x]) using numeric integrator RooIntegrator1D to calculate Int(x)
[#1] INFO:NumericIntegration -- RooRealIntegral::init(modelBkg_Int[x]) using numeric integrator RooIntegrator1D to calculate Int(x)
[#1] INFO:NumericIntegration -- RooRealIntegral::init(modelBkg_Int[x]) using numeric integrator RooIntegrator1D to calculate Int(x)
[#1] INFO:NumericIntegration -- RooRealIntegral::init(modelBkg_Int[x]) using numeric integrator RooIntegrator1D to calculate Int(x)
[#1] INFO:Fitting -- RooAddition::defaultErrorLevel(nll) Summation contains a RooNLLVar, using its error level
 **********
 **   13 **MIGRAD        4000           1
 **********
 FIRST CALL TO USER FUNCTION AT NEW START POINT, WITH IFLAG=4.
 START MIGRAD MINIMIZATION.  STRATEGY  1.  CONVERGENCE WHEN EDM .LT. 1.00e-03
 FCN=-38377.9 FROM MIGRAD    STATUS=INITIATE       24 CALLS          25 TOTAL
                     EDM= unknown      STRATEGY= 1      NO ERROR MATRIX       
  EXT PARAMETER               CURRENT GUESS       STEP         FIRST   
  NO.   NAME      VALUE            ERROR          SIZE      DERIVATIVE 
   1  NbkgMRS      2.41733e+02   2.00000e+01   2.01358e-01   8.58592e+00
   2  NbkgPRS      2.21206e+02   2.00000e+01   2.01358e-01   1.35148e+01
   3  NsigMRS      3.14163e+03   2.00000e+01   2.01358e-01  -6.48963e-01
   4  NsigPRS      3.20598e+03   2.00000e+01   2.01358e-01  -9.26154e-01
   5  am          -9.99989e+00   1.27023e+01   9.21245e-01   5.18585e-02
   6  bm          -8.14824e-01   3.69688e-01   9.60855e-02   1.72871e+01
   7  cm           4.43234e+00   1.46137e+00   2.75408e-02   2.75627e+01
   8  dm0          1.39289e+02   9.66515e-02   9.68979e-03   1.78688e+01
                               ERR DEF= 0.5
 MIGRAD MINIMIZATION HAS CONVERGED.
 MIGRAD WILL VERIFY CONVERGENCE AND ERROR MATRIX.
 COVARIANCE MATRIX CALCULATED SUCCESSFULLY
 FCN=-38384.6 FROM MIGRAD    STATUS=CONVERGED     242 CALLS         243 TOTAL
                     EDM=8.4864e-05    STRATEGY= 1      ERROR MATRIX ACCURATE 
  EXT PARAMETER                                   STEP         FIRST   
  NO.   NAME      VALUE            ERROR          SIZE      DERIVATIVE 
   1  NbkgMRS      2.02265e+02   1.98997e+01   2.79967e-02  -7.96860e-03
   2  NbkgPRS      1.61874e+02   1.83897e+01   2.98300e-02  -1.50555e-02
   3  NsigMRS      3.18059e+03   5.43622e+01   8.39778e-02  -3.74176e-03
   4  NsigPRS      3.26539e+03   5.37020e+01   9.76062e-02   7.23150e-03
   5  am          -9.99999e+00   1.44172e+01   1.67683e-01  -4.63950e-04
   6  bm          -1.02079e+00   3.95077e-01   7.62492e-03   2.86219e-02
   7  cm           5.98153e+00   2.91828e+00   4.58438e-03   6.05577e-03
   8  dm0          1.39253e+02   1.34046e-01   1.62415e-03  -2.87818e-01
                               ERR DEF= 0.5
 EXTERNAL ERROR MATRIX.    NDIM=  25    NPAR=  8    ERR DEF=0.5
  4.023e+02  2.688e+01 -1.969e+02 -2.594e+01 -1.357e-02 -6.827e-01 -6.652e+00  2.989e-01 
  2.688e+01  3.442e+02 -2.634e+01 -1.774e+02 -1.156e-02 -6.525e-01 -4.658e+00  2.463e-01 
 -1.969e+02 -2.634e+01  3.381e+03  2.542e+01  1.330e-02  6.687e-01  6.523e+00 -2.930e-01 
 -2.594e+01 -1.774e+02  2.542e+01  3.457e+03  1.115e-02  6.296e-01  4.497e+00 -2.378e-01 
 -1.357e-02 -1.156e-02  1.330e-02  1.115e-02  3.248e-04 -3.498e-03 -1.429e-02 -4.745e-05 
 -6.827e-01 -6.525e-01  6.687e-01  6.296e-01 -3.498e-03  1.565e-01 -4.408e-01  1.537e-03 
 -6.652e+00 -4.658e+00  6.523e+00  4.497e+00 -1.429e-02 -4.408e-01  8.524e+00 -1.343e-01 
  2.989e-01  2.463e-01 -2.930e-01 -2.378e-01 -4.745e-05  1.537e-03 -1.343e-01  1.797e-02 
 PARAMETER  CORRELATION COEFFICIENTS  
       NO.  GLOBAL      1      2      3      4      5      6      7      8
        1  0.31866   1.000  0.072 -0.169 -0.022 -0.038 -0.086 -0.114  0.111
        2  0.29146   0.072  1.000 -0.024 -0.163 -0.035 -0.089 -0.086  0.099
        3  0.17614  -0.169 -0.024  1.000  0.007  0.013  0.029  0.038 -0.038
        4  0.16680  -0.022 -0.163  0.007  1.000  0.011  0.027  0.026 -0.030
        5  0.75175  -0.038 -0.035  0.013  0.011  1.000 -0.491 -0.272 -0.020
        6  0.78012  -0.086 -0.089  0.029  0.027 -0.491  1.000 -0.382  0.029
        7  0.76028  -0.114 -0.086  0.038  0.026 -0.272 -0.382  1.000 -0.343
        8  0.44233   0.111  0.099 -0.038 -0.030 -0.020  0.029 -0.343  1.000
 **********
 **   18 **HESSE        4000
 **********
[#0] WARNING:Minization -- RooMinuitGlue: Minimized function has error status.
Returning maximum FCN so far (-38375.6) to force MIGRAD to back out of this region. Error log follows
Parameter values: NbkgMRS=202.265, NbkgPRS=161.874, NsigMRS=3180.59, NsigPRS=3265.39, am=-9.99999, bm=-1.02079, cm=5.98153, dm0=139.692
RooAddition::nll[ nll_modelPRS_dataPRS + nll_modelMRS_dataMRS ]
     function value is NAN @ !set=(nll_modelPRS_dataPRS = -19384.2,nll_modelMRS_dataMRS = -nan)
RooNLLVar::nll_modelMRS_dataMRS[ paramSet=(NbkgMRS,NsigMRS,am,bm,cm,dm0) ]
     function value is NAN @ paramSet=(NbkgMRS = 202.265 +/- 19.8997,NsigMRS = 3180.59 +/- 54.3622,am = -9.99999 +/- 14.4172,bm = -1.02079 +/- 0.395077,cm = 5.98153 +/- 2.91828,dm0 = 139.692 +/- 0.134046)
RooAddPdf::modelMRS[ NsigMRS * modelSig + NbkgMRS * modelBkg ]
     getLogVal() top-level p.d.f evaluates to zero @ !refCoefNorm=(), !pdfs=(modelSig = 0/3206,modelBkg = 0/5.14157), !coefficients=(NsigMRS = 3180.59 +/- 54.3622,NbkgMRS = 202.265 +/- 19.8997)

[#0] WARNING:Minization -- RooMinuitGlue: Minimized function has error status.
Returning maximum FCN so far (-38375.6) to force MIGRAD to back out of this region. Error log follows
Parameter values: NbkgMRS=202.368, NbkgPRS=161.874, NsigMRS=3180.59, NsigPRS=3265.39, am=-9.99999, bm=-1.02079, cm=5.98153, dm0=139.692
RooAddition::nll[ nll_modelPRS_dataPRS + nll_modelMRS_dataMRS ]
     function value is NAN @ !set=(nll_modelPRS_dataPRS = -19384.2,nll_modelMRS_dataMRS = -nan)
RooNLLVar::nll_modelMRS_dataMRS[ paramSet=(NbkgMRS,NsigMRS,am,bm,cm,dm0) ]
     function value is NAN @ paramSet=(NbkgMRS = 202.368 +/- 19.8997,NsigMRS = 3180.59 +/- 54.3622,am = -9.99999 +/- 14.4172,bm = -1.02079 +/- 0.395077,cm = 5.98153 +/- 2.91828,dm0 = 139.692 +/- 0.134046)
RooAddPdf::modelMRS[ NsigMRS * modelSig + NbkgMRS * modelBkg ]
     getLogVal() top-level p.d.f evaluates to zero @ !refCoefNorm=(), !pdfs=(modelSig = 0/3206,modelBkg = 0/5.14157), !coefficients=(NsigMRS = 3180.59 +/- 54.3622,NbkgMRS = 202.368 +/- 19.8997)

[#0] WARNING:Minization -- RooMinuitGlue: Minimized function has error status.
Returning maximum FCN so far (-38375.6) to force MIGRAD to back out of this region. Error log follows
Parameter values: NbkgMRS=202.265, NbkgPRS=161.97, NsigMRS=3180.59, NsigPRS=3265.39, am=-9.99999, bm=-1.02079, cm=5.98153, dm0=139.692
RooAddition::nll[ nll_modelPRS_dataPRS + nll_modelMRS_dataMRS ]
     function value is NAN @ !set=(nll_modelPRS_dataPRS = -19384.2,nll_modelMRS_dataMRS = -nan)
RooNLLVar::nll_modelMRS_dataMRS[ paramSet=(NbkgMRS,NsigMRS,am,bm,cm,dm0) ]
     function value is NAN @ paramSet=(NbkgMRS = 202.265 +/- 19.8997,NsigMRS = 3180.59 +/- 54.3622,am = -9.99999 +/- 14.4172,bm = -1.02079 +/- 0.395077,cm = 5.98153 +/- 2.91828,dm0 = 139.692 +/- 0.134046)
RooAddPdf::modelMRS[ NsigMRS * modelSig + NbkgMRS * modelBkg ]
     getLogVal() top-level p.d.f evaluates to zero @ !refCoefNorm=(), !pdfs=(modelSig = 0/3206,modelBkg = 0/5.14157), !coefficients=(NsigMRS = 3180.59 +/- 54.3622,NbkgMRS = 202.265 +/- 19.8997)

[#0] WARNING:Minization -- RooMinuitGlue: Minimized function has error status.
Returning maximum FCN so far (-38375.6) to force MIGRAD to back out of this region. Error log follows
Parameter values: NbkgMRS=202.265, NbkgPRS=161.874, NsigMRS=3180.9, NsigPRS=3265.39, am=-9.99999, bm=-1.02079, cm=5.98153, dm0=139.692
RooAddition::nll[ nll_modelPRS_dataPRS + nll_modelMRS_dataMRS ]
     function value is NAN @ !set=(nll_modelPRS_dataPRS = -19384.2,nll_modelMRS_dataMRS = -nan)
RooNLLVar::nll_modelMRS_dataMRS[ paramSet=(NbkgMRS,NsigMRS,am,bm,cm,dm0) ]
     function value is NAN @ paramSet=(NbkgMRS = 202.265 +/- 19.8997,NsigMRS = 3180.9 +/- 54.3622,am = -9.99999 +/- 14.4172,bm = -1.02079 +/- 0.395077,cm = 5.98153 +/- 2.91828,dm0 = 139.692 +/- 0.134046)
RooAddPdf::modelMRS[ NsigMRS * modelSig + NbkgMRS * modelBkg ]
     getLogVal() top-level p.d.f evaluates to zero @ !refCoefNorm=(), !pdfs=(modelSig = 0/3206,modelBkg = 0/5.14157), !coefficients=(NsigMRS = 3180.9 +/- 54.3622,NbkgMRS = 202.265 +/- 19.8997)

[#0] WARNING:Minization -- RooMinuitGlue: Minimized function has error status.
Returning maximum FCN so far (-38375.6) to force MIGRAD to back out of this region. Error log follows
Parameter values: NbkgMRS=202.265, NbkgPRS=161.874, NsigMRS=3180.59, NsigPRS=3265.7, am=-9.99999, bm=-1.02079, cm=5.98153, dm0=139.692
RooAddition::nll[ nll_modelPRS_dataPRS + nll_modelMRS_dataMRS ]
     function value is NAN @ !set=(nll_modelPRS_dataPRS = -19384.2,nll_modelMRS_dataMRS = -nan)
RooNLLVar::nll_modelMRS_dataMRS[ paramSet=(NbkgMRS,NsigMRS,am,bm,cm,dm0) ]
     function value is NAN @ paramSet=(NbkgMRS = 202.265 +/- 19.8997,NsigMRS = 3180.59 +/- 54.3622,am = -9.99999 +/- 14.4172,bm = -1.02079 +/- 0.395077,cm = 5.98153 +/- 2.91828,dm0 = 139.692 +/- 0.134046)
RooAddPdf::modelMRS[ NsigMRS * modelSig + NbkgMRS * modelBkg ]
     getLogVal() top-level p.d.f evaluates to zero @ !refCoefNorm=(), !pdfs=(modelSig = 0/3206,modelBkg = 0/5.14157), !coefficients=(NsigMRS = 3180.59 +/- 54.3622,NbkgMRS = 202.265 +/- 19.8997)

[#0] WARNING:Minization -- RooMinuitGlue: Minimized function has error status.
Returning maximum FCN so far (-38375.6) to force MIGRAD to back out of this region. Error log follows
Parameter values: NbkgMRS=202.265, NbkgPRS=161.874, NsigMRS=3180.59, NsigPRS=3265.39, am=-8.78177, bm=-1.02079, cm=5.98153, dm0=139.692
RooAddition::nll[ nll_modelPRS_dataPRS + nll_modelMRS_dataMRS ]
     function value is NAN @ !set=(nll_modelPRS_dataPRS = -19382.9,nll_modelMRS_dataMRS = -nan)
RooNLLVar::nll_modelMRS_dataMRS[ paramSet=(NbkgMRS,NsigMRS,am,bm,cm,dm0) ]
     function value is NAN @ paramSet=(NbkgMRS = 202.265 +/- 19.8997,NsigMRS = 3180.59 +/- 54.3622,am = -8.78177 +/- 14.4172,bm = -1.02079 +/- 0.395077,cm = 5.98153 +/- 2.91828,dm0 = 139.692 +/- 0.134046)
RooAddPdf::modelMRS[ NsigMRS * modelSig + NbkgMRS * modelBkg ]
     getLogVal() top-level p.d.f evaluates to zero @ !refCoefNorm=(), !pdfs=(modelSig = 0/3206,modelBkg = 0/5.70927), !coefficients=(NsigMRS = 3180.59 +/- 54.3622,NbkgMRS = 202.265 +/- 19.8997)

[#0] WARNING:Minization -- RooMinuitGlue: Minimized function has error status.
Returning maximum FCN so far (-38375.6) to force MIGRAD to back out of this region. Error log follows
Parameter values: NbkgMRS=202.265, NbkgPRS=161.874, NsigMRS=3180.59, NsigPRS=3265.39, am=-9.99999, bm=-1.01944, cm=5.98153, dm0=139.692
RooAddition::nll[ nll_modelPRS_dataPRS + nll_modelMRS_dataMRS ]
     function value is NAN @ !set=(nll_modelPRS_dataPRS = -19384.2,nll_modelMRS_dataMRS = -nan)
RooNLLVar::nll_modelMRS_dataMRS[ paramSet=(NbkgMRS,NsigMRS,am,bm,cm,dm0) ]
     function value is NAN @ paramSet=(NbkgMRS = 202.265 +/- 19.8997,NsigMRS = 3180.59 +/- 54.3622,am = -9.99999 +/- 14.4172,bm = -1.01944 +/- 0.395077,cm = 5.98153 +/- 2.91828,dm0 = 139.692 +/- 0.134046)
RooAddPdf::modelMRS[ NsigMRS * modelSig + NbkgMRS * modelBkg ]
     getLogVal() top-level p.d.f evaluates to zero @ !refCoefNorm=(), !pdfs=(modelSig = 0/3206,modelBkg = 0/5.14336), !coefficients=(NsigMRS = 3180.59 +/- 54.3622,NbkgMRS = 202.265 +/- 19.8997)

[#0] WARNING:Minization -- RooMinuitGlue: Minimized function has error status.
Returning maximum FCN so far (-38375.6) to force MIGRAD to back out of this region. Error log follows
Parameter values: NbkgMRS=202.265, NbkgPRS=161.874, NsigMRS=3180.59, NsigPRS=3265.39, am=-9.99999, bm=-1.02079, cm=5.99174, dm0=139.692
RooAddition::nll[ nll_modelPRS_dataPRS + nll_modelMRS_dataMRS ]
     function value is NAN @ !set=(nll_modelPRS_dataPRS = -19384.2,nll_modelMRS_dataMRS = -nan)
RooNLLVar::nll_modelMRS_dataMRS[ paramSet=(NbkgMRS,NsigMRS,am,bm,cm,dm0) ]
     function value is NAN @ paramSet=(NbkgMRS = 202.265 +/- 19.8997,NsigMRS = 3180.59 +/- 54.3622,am = -9.99999 +/- 14.4172,bm = -1.02079 +/- 0.395077,cm = 5.99174 +/- 2.91828,dm0 = 139.692 +/- 0.134046)
RooAddPdf::modelMRS[ NsigMRS * modelSig + NbkgMRS * modelBkg ]
     getLogVal() top-level p.d.f evaluates to zero @ !refCoefNorm=(), !pdfs=(modelSig = 0/3206,modelBkg = 0/5.13676), !coefficients=(NsigMRS = 3180.59 +/- 54.3622,NbkgMRS = 202.265 +/- 19.8997)

 COVARIANCE MATRIX CALCULATED SUCCESSFULLY
 FCN=-38384.6 FROM HESSE     STATUS=OK             71 CALLS         314 TOTAL
                     EDM=7.65184e-05    STRATEGY= 1      ERROR MATRIX ACCURATE 
  EXT PARAMETER                                INTERNAL      INTERNAL  
  NO.   NAME      VALUE            ERROR       STEP SIZE       VALUE   
   1  NbkgMRS      2.02265e+02   1.99292e+01   1.11987e-03  -4.05722e-01
   2  NbkgPRS      1.61874e+02   1.84407e+01   1.19320e-03  -6.35176e-01
   3  NsigMRS      3.18059e+03   5.43493e+01   3.35911e-03   4.00217e-01
   4  NsigPRS      3.26539e+03   5.37166e+01   3.90425e-03   6.36129e-01
   5  am          -9.99999e+00   3.61693e+00   5.00000e-01  -1.57204e+00
   6  bm          -1.02079e+00   3.73507e-01   3.04997e-04   1.11502e+00
   7  cm           5.98153e+00   3.80265e+00   1.83375e-04  -1.01181e+00
   8  dm0          1.39253e+02   1.26474e-01   4.39106e-02  -7.47302e-02
                               ERR DEF= 0.5
 EXTERNAL ERROR MATRIX.    NDIM=  25    NPAR=  8    ERR DEF=0.5
  4.036e+02  2.825e+01 -2.011e+02 -2.838e+01 -2.668e-02 -5.407e-01  1.409e+00 -1.024e-01 
  2.825e+01  3.462e+02 -2.821e+01 -1.847e+02 -2.478e-02 -5.170e-01  2.762e+00 -9.667e-02 
 -2.011e+02 -2.821e+01  3.380e+03  2.835e+01  2.667e-02  5.395e-01 -1.415e+00  1.034e-01 
 -2.838e+01 -1.847e+02  2.835e+01  3.460e+03  2.527e-02  5.126e-01 -2.879e+00  1.129e-01 
 -2.668e-02 -2.478e-02  2.667e-02  2.527e-02  1.188e-04 -1.304e-03 -2.926e-02  4.550e-04 
 -5.407e-01 -5.170e-01  5.395e-01  5.126e-01 -1.304e-03  1.398e-01 -3.211e-01 -4.952e-03 
  1.409e+00  2.762e+00 -1.415e+00 -2.879e+00 -2.926e-02 -3.211e-01  1.448e+01 -1.121e-01 
 -1.024e-01 -9.667e-02  1.034e-01  1.129e-01  4.550e-04 -4.952e-03 -1.121e-01  1.600e-02 
 PARAMETER  CORRELATION COEFFICIENTS  
       NO.  GLOBAL      1      2      3      4      5      6      7      8
        1  0.32328   1.000  0.076 -0.172 -0.024 -0.122 -0.072  0.018 -0.040
        2  0.30071   0.076  1.000 -0.026 -0.169 -0.122 -0.074  0.039 -0.041
        3  0.17993  -0.172 -0.026  1.000  0.008  0.042  0.025 -0.006  0.014
        4  0.17356  -0.024 -0.169  0.008  1.000  0.039  0.023 -0.013  0.015
        5  0.88379  -0.122 -0.122  0.042  0.039  1.000 -0.320 -0.705  0.330
        6  0.74922  -0.072 -0.074  0.025  0.023 -0.320  1.000 -0.226 -0.105
        7  0.86656   0.018  0.039 -0.006 -0.013 -0.705 -0.226  1.000 -0.233
        8  0.33006  -0.040 -0.041  0.014  0.015  0.330 -0.105 -0.233  1.000
76 ; 0.191442 ; 1.71986
[#1] INFO:Plotting -- RooAbsPdf::plotOn(modelMRS) directly selected PDF components: (modelBkg)
[#1] INFO:Plotting -- RooAbsPdf::plotOn(modelMRS) indirectly selected PDF components: ()
[#1] INFO:NumericIntegration -- RooRealIntegral::init(modelBkg_Int[x]) using numeric integrator RooIntegrator1D to calculate Int(x)
[#1] INFO:Plotting -- RooAbsPdf::plotOn(modelMRS) directly selected PDF components: (modelSig)
[#1] INFO:Plotting -- RooAbsPdf::plotOn(modelMRS) indirectly selected PDF components: ()
[#1] INFO:NumericIntegration -- RooRealIntegral::init(modelBkg_Int[x]) using numeric integrator RooIntegrator1D to calculate Int(x)
[#1] INFO:NumericIntegration -- RooRealIntegral::init(modelBkg_Int[x]) using numeric integrator RooIntegrator1D to calculate Int(x)
[#1] INFO:Plotting -- RooAbsPdf::plotOn(modelPRS) directly selected PDF components: (modelBkg)
[#1] INFO:Plotting -- RooAbsPdf::plotOn(modelPRS) indirectly selected PDF components: ()
[#1] INFO:NumericIntegration -- RooRealIntegral::init(modelBkg_Int[x]) using numeric integrator RooIntegrator1D to calculate Int(x)
[#1] INFO:Plotting -- RooAbsPdf::plotOn(modelPRS) directly selected PDF components: (modelSig)
[#1] INFO:Plotting -- RooAbsPdf::plotOn(modelPRS) indirectly selected PDF components: ()
[#1] INFO:NumericIntegration -- RooRealIntegral::init(modelBkg_Int[x]) using numeric integrator RooIntegrator1D to calculate Int(x)
[#1] INFO:NumericIntegration -- RooRealIntegral::init(modelBkg_Int[x]) using numeric integrator RooIntegrator1D to calculate Int(x)
PRS chi2: 0.152774 ; MPS chi2: 1.38802
