   ------------------------------------------------------------------
  | Welcome to ROOT 6.24/08                        https://root.cern |
  | (c) 1995-2021, The ROOT Team; conception: R. Brun, F. Rademakers |
  | Built for linuxx8664gcc on Sep 29 2022, 13:04:57                 |
  | From tags/v6-24-08@v6-24-08                                      |
  | With c++ (GCC) 4.8.5 20150623 (Red Hat 4.8.5-44)                 |
  | Try '.help', '.demo', '.license', '.credits', '.quit'/'.q'       |
   ------------------------------------------------------------------


Processing full.C(2,1,"Up","2017")...

[1mRooFit v3.60 -- Developed by Wouter Verkerke and David Kirkby[0m 
                Copyright (C) 2000-2013 NIKHEF, University of California & Stanford University
                All rights reserved, please read http://roofit.sourceforge.net/license.txt

-------------------------
Set LHCb Style - May 2021
-------------------------
../fulltempt/PARAMs/FullMom_2_1.txt
../../../../selection/promptD/results/2017MagUpFullRS.root/DecayTree
[#0] WARNING:InputArguments -- The parameter 'sigma3' with range [0, 10] of the RooGaussian 'sig_pdf2' exceeds the safe range of (0, inf). Advise to limit its range.
[#0] ERROR:Integration --  RooNumIntFactory::Init : libRooFitMore cannot be loaded. GSL integrators will not beavailable ! 
[#1] INFO:NumericIntegration -- RooRealIntegral::init(modelBkg_Int[x]) using numeric integrator RooIntegrator1D to calculate Int(x)
[#1] INFO:NumericIntegration -- RooRealIntegral::init(modelBkg_Int[x]) using numeric integrator RooIntegrator1D to calculate Int(x)
[#1] INFO:NumericIntegration -- RooRealIntegral::init(modelBkg_Int[x]) using numeric integrator RooIntegrator1D to calculate Int(x)
[#1] INFO:NumericIntegration -- RooRealIntegral::init(modelBkg_Int[x]) using numeric integrator RooIntegrator1D to calculate Int(x)
[#1] INFO:Fitting -- RooAddition::defaultErrorLevel(nll) Summation contains a RooNLLVar, using its error level
 **********
 **   13 **MIGRAD        4500           1
 **********
 FIRST CALL TO USER FUNCTION AT NEW START POINT, WITH IFLAG=4.
 START MIGRAD MINIMIZATION.  STRATEGY  1.  CONVERGENCE WHEN EDM .LT. 1.00e-03
 FCN=-336867 FROM MIGRAD    STATUS=INITIATE       69 CALLS          70 TOTAL
                     EDM= unknown      STRATEGY= 1      NO ERROR MATRIX       
  EXT PARAMETER               CURRENT GUESS       STEP         FIRST   
  NO.   NAME      VALUE            ERROR          SIZE      DERIVATIVE 
   1  NbkgMRS      2.48930e+03   1.24465e+03   0.00000e+00  -8.10080e+03
   2  NbkgPRS      2.35000e+03   1.17500e+03   0.00000e+00  -7.73629e+03
   3  NsigMRS      2.24037e+04   1.24465e+03   0.00000e+00   8.99801e+02
   4  NsigPRS      2.11500e+04   1.17500e+03   0.00000e+00   8.59297e+02
   5  cm           2.99663e+00   8.50000e+00  -7.41847e-02   2.67842e+01
   6  coeffsig     9.00000e-01   5.00000e-02   0.00000e+00   2.37413e+04
   7  sigma1       3.00000e-01   1.50000e-01   0.00000e+00  -7.65108e+04
   8  sigma2       3.00000e-01   1.50000e-01   0.00000e+00  -8.82658e+04
   9  sigma3       1.10000e+00   5.50000e-01   0.00000e+00  -9.89781e+03
                               ERR DEF= 0.5
 MIGRAD MINIMIZATION HAS CONVERGED.
 MIGRAD WILL VERIFY CONVERGENCE AND ERROR MATRIX.
 COVARIANCE MATRIX CALCULATED SUCCESSFULLY
 FCN=-353526 FROM MIGRAD    STATUS=CONVERGED     530 CALLS         531 TOTAL
                     EDM=0.000121578    STRATEGY= 1      ERROR MATRIX ACCURATE 
  EXT PARAMETER                                   STEP         FIRST   
  NO.   NAME      VALUE            ERROR          SIZE      DERIVATIVE 
   1  NbkgMRS      3.63063e+03   8.91820e+01   3.33576e-03   2.85594e-01
   2  NbkgPRS      3.45717e+03   8.58807e+01   3.43212e-03  -1.84941e-01
   3  NsigMRS      2.12625e+04   1.59869e+02   6.98683e-03   2.18015e-02
   4  NsigPRS      2.00428e+04   1.54713e+02   7.15853e-03   1.68478e-02
   5  cm           7.13208e+00   5.90777e-01   3.10303e-03   9.13482e-01
   6  coeffsig     8.03830e-01   1.00600e-02   4.60130e-03   3.09862e-02
   7  sigma1       6.18048e-01   6.62967e-03   7.30100e-04  -5.09041e-01
   8  sigma2       7.07390e-01   7.56897e-03   7.96690e-04   1.41370e+00
   9  sigma3       1.67158e+00   4.77037e-02   2.67603e-03   7.96125e-02
                               ERR DEF= 0.5
 EXTERNAL ERROR MATRIX.    NDIM=  28    NPAR=  9    ERR DEF=0.5
  7.954e+03  2.587e+03 -4.305e+03 -2.577e+03 -2.708e+01 -3.709e-02 -6.668e-02 -6.764e-02 -1.673e+00 
  2.587e+03  7.376e+03 -2.577e+03 -3.901e+03 -2.564e+01 -3.104e-02 -6.193e-02 -6.171e-02 -1.551e+00 
 -4.305e+03 -2.577e+03  2.556e+04  2.568e+03  2.697e+01  3.727e-02  6.656e-02  6.750e-02  1.669e+00 
 -2.577e+03 -3.901e+03  2.568e+03  2.394e+04  2.553e+01  3.123e-02  6.181e-02  6.158e-02  1.547e+00 
 -2.708e+01 -2.564e+01  2.697e+01  2.553e+01  3.490e-01  8.459e-05  4.579e-04  3.798e-04  1.158e-02 
 -3.709e-02 -3.104e-02  3.727e-02  3.123e-02  8.459e-05  1.012e-04  4.947e-05  5.576e-05  3.440e-04 
 -6.668e-02 -6.193e-02  6.656e-02  6.181e-02  4.579e-04  4.947e-05  4.395e-05  3.246e-05  1.847e-04 
 -6.764e-02 -6.171e-02  6.750e-02  6.158e-02  3.798e-04  5.576e-05  3.246e-05  5.729e-05  1.937e-04 
 -1.673e+00 -1.551e+00  1.669e+00  1.547e+00  1.158e-02  3.440e-04  1.847e-04  1.937e-04  2.276e-03 
 PARAMETER  CORRELATION COEFFICIENTS  
       NO.  GLOBAL      1      2      3      4      5      6      7      8      9
        1  0.59950   1.000  0.338 -0.302 -0.187 -0.514 -0.041 -0.113 -0.100 -0.393
        2  0.58613   0.338  1.000 -0.188 -0.294 -0.505 -0.036 -0.109 -0.095 -0.379
        3  0.35389  -0.302 -0.188  1.000  0.104  0.285  0.023  0.063  0.056  0.219
        4  0.34542  -0.187 -0.294  0.104  1.000  0.279  0.020  0.060  0.053  0.210
        5  0.67717  -0.514 -0.505  0.285  0.279  1.000  0.014  0.117  0.085  0.411
        6  0.89690  -0.041 -0.036  0.023  0.020  0.014  1.000  0.742  0.732  0.717
        7  0.76343  -0.113 -0.109  0.063  0.060  0.117  0.742  1.000  0.647  0.584
        8  0.75366  -0.100 -0.095  0.056  0.053  0.085  0.732  0.647  1.000  0.537
        9  0.86039  -0.393 -0.379  0.219  0.210  0.411  0.717  0.584  0.537  1.000
 **********
 **   18 **HESSE        4500
 **********
 COVARIANCE MATRIX CALCULATED SUCCESSFULLY
 FCN=-353526 FROM HESSE     STATUS=OK             73 CALLS         604 TOTAL
                     EDM=0.000126856    STRATEGY= 1      ERROR MATRIX ACCURATE 
  EXT PARAMETER                                INTERNAL      INTERNAL  
  NO.   NAME      VALUE            ERROR       STEP SIZE       VALUE   
   1  NbkgMRS      3.63063e+03   9.02297e+01   1.33430e-04  -7.87088e-01
   2  NbkgPRS      3.45717e+03   8.68437e+01   1.37285e-04  -7.83514e-01
   3  NsigMRS      2.12625e+04   1.60530e+02   2.79473e-04   7.87108e-01
   4  NsigPRS      2.00428e+04   1.55320e+02   2.86341e-04   7.83510e-01
   5  cm           7.13208e+00   6.00908e-01   1.24121e-04  -9.91480e-01
   6  coeffsig     8.03830e-01   1.01962e-02   1.84052e-04   6.53110e-01
   7  sigma1       6.18048e-01   6.70111e-03   2.92040e-05  -1.06832e+00
   8  sigma2       7.07390e-01   7.63861e-03   3.18676e-05  -1.03238e+00
   9  sigma3       1.67158e+00   4.88323e-02   1.07041e-04  -7.28409e-01
                               ERR DEF= 0.5
 EXTERNAL ERROR MATRIX.    NDIM=  28    NPAR=  9    ERR DEF=0.5
  8.142e+03  2.762e+03 -4.510e+03 -2.762e+03 -2.863e+01 -5.256e-02 -7.686e-02 -7.776e-02 -1.808e+00 
  2.762e+03  7.542e+03 -2.762e+03 -4.084e+03 -2.711e+01 -4.546e-02 -7.144e-02 -7.116e-02 -1.677e+00 
 -4.510e+03 -2.762e+03  2.577e+04  2.762e+03  2.863e+01  5.257e-02  7.686e-02  7.776e-02  1.808e+00 
 -2.762e+03 -4.084e+03  2.762e+03  2.413e+04  2.710e+01  4.547e-02  7.144e-02  7.115e-02  1.677e+00 
 -2.863e+01 -2.711e+01  2.863e+01  2.710e+01  3.611e-01  1.981e-04  5.359e-04  4.562e-04  1.264e-02 
 -5.256e-02 -4.546e-02  5.257e-02  4.547e-02  1.981e-04  1.040e-04  5.109e-05  5.747e-05  3.598e-04 
 -7.686e-02 -7.144e-02  7.686e-02  7.144e-02  5.359e-04  5.109e-05  4.490e-05  3.346e-05  1.944e-04 
 -7.776e-02 -7.116e-02  7.776e-02  7.115e-02  4.562e-04  5.747e-05  3.346e-05  5.835e-05  2.036e-04 
 -1.808e+00 -1.677e+00  1.808e+00  1.677e+00  1.264e-02  3.598e-04  1.944e-04  2.036e-04  2.385e-03 
 PARAMETER  CORRELATION COEFFICIENTS  
       NO.  GLOBAL      1      2      3      4      5      6      7      8      9
        1  0.61171   1.000  0.353 -0.311 -0.197 -0.528 -0.057 -0.127 -0.113 -0.410
        2  0.59836   0.353  1.000 -0.198 -0.303 -0.519 -0.051 -0.123 -0.107 -0.395
        3  0.36388  -0.311 -0.198  1.000  0.111  0.297  0.032  0.071  0.063  0.231
        4  0.35521  -0.197 -0.303  0.111  1.000  0.290  0.029  0.069  0.060  0.221
        5  0.69012  -0.528 -0.519  0.297  0.290  1.000  0.032  0.133  0.099  0.431
        6  0.89979  -0.057 -0.051  0.032  0.029  0.032  1.000  0.748  0.738  0.722
        7  0.76920  -0.127 -0.123  0.071  0.069  0.133  0.748  1.000  0.654  0.594
        8  0.75884  -0.113 -0.107  0.063  0.060  0.099  0.738  0.654  1.000  0.546
        9  0.86726  -0.410 -0.395  0.231  0.221  0.431  0.722  0.594  0.546  1.000
75 ; 3.92635 ; 5.80915
[#1] INFO:Plotting -- RooAbsPdf::plotOn(modelMRS) directly selected PDF components: (modelBkg)
[#1] INFO:Plotting -- RooAbsPdf::plotOn(modelMRS) indirectly selected PDF components: ()
[#1] INFO:NumericIntegration -- RooRealIntegral::init(modelBkg_Int[x]) using numeric integrator RooIntegrator1D to calculate Int(x)
[#1] INFO:Plotting -- RooAbsPdf::plotOn(modelMRS) directly selected PDF components: (modelSig)
[#1] INFO:Plotting -- RooAbsPdf::plotOn(modelMRS) indirectly selected PDF components: (sig_pdf1,sig_pdf2)
[#1] INFO:NumericIntegration -- RooRealIntegral::init(modelBkg_Int[x]) using numeric integrator RooIntegrator1D to calculate Int(x)
[#1] INFO:NumericIntegration -- RooRealIntegral::init(modelBkg_Int[x]) using numeric integrator RooIntegrator1D to calculate Int(x)
[#1] INFO:Plotting -- RooAbsPdf::plotOn(modelPRS) directly selected PDF components: (modelBkg)
[#1] INFO:Plotting -- RooAbsPdf::plotOn(modelPRS) indirectly selected PDF components: ()
[#1] INFO:NumericIntegration -- RooRealIntegral::init(modelBkg_Int[x]) using numeric integrator RooIntegrator1D to calculate Int(x)
[#1] INFO:Plotting -- RooAbsPdf::plotOn(modelPRS) directly selected PDF components: (modelSig)
[#1] INFO:Plotting -- RooAbsPdf::plotOn(modelPRS) indirectly selected PDF components: (sig_pdf1,sig_pdf2)
[#1] INFO:NumericIntegration -- RooRealIntegral::init(modelBkg_Int[x]) using numeric integrator RooIntegrator1D to calculate Int(x)
[#1] INFO:NumericIntegration -- RooRealIntegral::init(modelBkg_Int[x]) using numeric integrator RooIntegrator1D to calculate Int(x)
PRS chi2: 4.10699 ; MPS chi2: 4.7779
