   ------------------------------------------------------------------
  | Welcome to ROOT 6.24/08                        https://root.cern |
  | (c) 1995-2021, The ROOT Team; conception: R. Brun, F. Rademakers |
  | Built for linuxx8664gcc on Sep 29 2022, 13:04:57                 |
  | From tags/v6-24-08@v6-24-08                                      |
  | With c++ (GCC) 4.8.5 20150623 (Red Hat 4.8.5-44)                 |
  | Try '.help', '.demo', '.license', '.credits', '.quit'/'.q'       |
   ------------------------------------------------------------------


Processing full.C(6,3,"Down","2018")...

[1mRooFit v3.60 -- Developed by Wouter Verkerke and David Kirkby[0m 
                Copyright (C) 2000-2013 NIKHEF, University of California & Stanford University
                All rights reserved, please read http://roofit.sourceforge.net/license.txt

-------------------------
Set LHCb Style - May 2021
-------------------------
../fulltempt/PARAMs/FullMom_6_3.txt
../../../../selection/promptD/results/2018MagDownFullRS.root/DecayTree
[#0] WARNING:InputArguments -- The parameter 'sigma3' with range [0, 10] of the RooGaussian 'sig_pdf2' exceeds the safe range of (0, inf). Advise to limit its range.
[#0] ERROR:Integration --  RooNumIntFactory::Init : libRooFitMore cannot be loaded. GSL integrators will not beavailable ! 
[#1] INFO:NumericIntegration -- RooRealIntegral::init(modelBkg_Int[x]) using numeric integrator RooIntegrator1D to calculate Int(x)
[#1] INFO:NumericIntegration -- RooRealIntegral::init(modelBkg_Int[x]) using numeric integrator RooIntegrator1D to calculate Int(x)
[#1] INFO:NumericIntegration -- RooRealIntegral::init(modelBkg_Int[x]) using numeric integrator RooIntegrator1D to calculate Int(x)
[#1] INFO:NumericIntegration -- RooRealIntegral::init(modelBkg_Int[x]) using numeric integrator RooIntegrator1D to calculate Int(x)
[#1] INFO:Fitting -- RooAddition::defaultErrorLevel(nll) Summation contains a RooNLLVar, using its error level
 **********
 **   13 **MIGRAD        6000           1
 **********
 FIRST CALL TO USER FUNCTION AT NEW START POINT, WITH IFLAG=4.
 START MIGRAD MINIMIZATION.  STRATEGY  1.  CONVERGENCE WHEN EDM .LT. 1.00e-03
 FCN=-5187.95 FROM MIGRAD    STATUS=INITIATE      152 CALLS         153 TOTAL
                     EDM= unknown      STRATEGY= 1      NO ERROR MATRIX       
  EXT PARAMETER               CURRENT GUESS       STEP         FIRST   
  NO.   NAME      VALUE            ERROR          SIZE      DERIVATIVE 
   1  NbkgMRS      8.68000e+01   4.34000e+01   0.00000e+00  -6.19435e+02
   2  NbkgPRS      8.43000e+01   4.21500e+01   0.00000e+00  -6.20117e+02
   3  NsigMRS      5.89989e+02   4.34000e+01   0.00000e+00   1.04792e+01
   4  NsigPRS      5.67590e+02   4.21500e+01   0.00000e+00   1.08627e+01
   5  am           2.00000e+00   2.00000e+00   0.00000e+00   1.07231e+00
   6  bm          -6.33710e+00   1.75000e+00  -3.32566e-01   9.53647e-02
   7  cm           5.00000e+00   7.50000e+00   0.00000e+00   3.11514e+01
   8  coeffsig     9.00000e-01   5.00000e-02   0.00000e+00   4.81583e+02
   9  mean         1.45500e+02   2.10000e+00   0.00000e+00  -6.16951e+02
  10  sigma1       5.00000e-01   2.50000e-01   0.00000e+00  -1.49122e+03
  11  sigma2       5.00000e-01   2.50000e-01   0.00000e+00  -1.77021e+03
  12  sigma3       1.30000e+00   6.50000e-01   0.00000e+00  -5.66471e+02
                               ERR DEF= 0.5
 MIGRAD MINIMIZATION HAS CONVERGED.
 MIGRAD WILL VERIFY CONVERGENCE AND ERROR MATRIX.
 COVARIANCE MATRIX CALCULATED SUCCESSFULLY
 FCN=-5806.3 FROM MIGRAD    STATUS=CONVERGED     852 CALLS         853 TOTAL
                     EDM=0.000318411    STRATEGY= 1      ERROR MATRIX ACCURATE 
  EXT PARAMETER                                   STEP         FIRST   
  NO.   NAME      VALUE            ERROR          SIZE      DERIVATIVE 
   1  NbkgMRS      3.13541e+02   2.77186e+01   2.63587e-03   2.99899e-03
   2  NbkgPRS      3.15061e+02   2.88935e+01   2.68366e-03   4.00629e-02
   3  NsigMRS      5.54500e+02   3.17564e+01   3.23973e-03   2.92947e-02
   4  NsigPRS      5.28030e+02   3.23605e+01   3.23666e-03   4.65032e-02
   5  am           1.42814e+00   2.10463e+00   2.49541e-03   1.14153e-02
   6  bm          -5.58920e+00   2.42288e+00   3.31476e-03  -3.69071e-02
   7  cm           3.41422e+00   1.23813e+00   6.17596e-04   2.15398e-01
   8  coeffsig     9.60604e-01   3.41590e-02   4.87743e-03   3.57297e-02
   9  mean         1.45571e+02   8.60939e-02   1.88134e-04   4.40614e-01
  10  sigma1       9.93257e-01   6.72844e-02   6.58652e-04  -5.23937e-02
  11  sigma2       9.34759e-01   6.70604e-02   6.68388e-04   1.90365e-01
  12  sigma3       5.58866e+00   7.36137e+00   4.21929e-02   1.25619e-02
                               ERR DEF= 0.5
 EXTERNAL ERROR MATRIX.    NDIM=  28    NPAR= 12    ERR DEF=0.5
 ELEMENTS ABOVE DIAGONAL ARE NOT PRINTED.
  7.695e+02 
  3.289e+02  8.362e+02 
 -4.556e+02 -3.289e+02  1.010e+03 
 -3.290e+02 -5.210e+02  3.290e+02  1.049e+03 
 -3.570e+00 -3.839e+00  3.567e+00  3.837e+00  4.498e+00 
 -4.492e+00 -4.751e+00  4.488e+00  4.748e+00 -4.602e+00  6.019e+00 
 -4.627e+00 -6.021e+00  4.629e+00  6.025e+00 -6.965e-01 -1.826e-01  1.533e+00 
 -4.942e-01 -5.935e-01  4.943e-01  5.938e-01  4.903e-03  5.310e-03  1.104e-02  1.179e-03 
 -6.783e-02 -1.293e-01  6.783e-02  1.294e-01 -1.961e-03 -1.942e-03  1.045e-02  1.884e-04  7.412e-03 
 -2.730e-01 -2.806e-01  2.729e-01  2.806e-01 -1.611e-03 -6.228e-04  1.460e-02  7.565e-05  4.520e-03  4.528e-03 
 -1.175e-01 -1.550e-02  1.175e-01  1.541e-02  4.252e-03  5.059e-03 -1.438e-02 -3.200e-04 -4.557e-03 -2.293e-03  4.498e-03 
  3.856e+01  5.378e+01 -3.853e+01 -5.377e+01 -9.436e-01 -1.067e+00 -9.438e-01 -1.255e-01 -1.516e-02  1.175e-02  5.002e-02 
  3.856e+01  5.378e+01 -3.853e+01 -5.377e+01 -9.436e-01 -1.067e+00 -9.438e-01 -1.255e-01 -1.516e-02  1.175e-02  5.002e-02  2.937e+01 
 PARAMETER  CORRELATION COEFFICIENTS  
       NO.  GLOBAL      1      2      3      4      5      6      7      8      9     10     11     12
        1  0.65827   1.000  0.410 -0.517 -0.366 -0.061 -0.066 -0.135 -0.519 -0.028 -0.146 -0.063  0.257
        2  0.69475   0.410  1.000 -0.358 -0.556 -0.063 -0.067 -0.168 -0.598 -0.052 -0.144 -0.008  0.343
        3  0.58951  -0.517 -0.358  1.000  0.320  0.053  0.058  0.118  0.453  0.025  0.128  0.055 -0.224
        4  0.63198  -0.366 -0.556  0.320  1.000  0.056  0.060  0.150  0.534  0.046  0.129  0.007 -0.306
        5  0.97540  -0.061 -0.063  0.053  0.056  1.000 -0.884 -0.265  0.067 -0.011 -0.011  0.030 -0.082
        6  0.97323  -0.066 -0.067  0.058  0.060 -0.884  1.000 -0.060  0.063 -0.009 -0.004  0.031 -0.080
        7  0.87143  -0.135 -0.168  0.118  0.150 -0.265 -0.060  1.000  0.260  0.098  0.175 -0.173 -0.141
        8  0.85083  -0.519 -0.598  0.453  0.534  0.067  0.063  0.260  1.000  0.064  0.033 -0.139 -0.674
        9  0.90813  -0.028 -0.052  0.025  0.046 -0.011 -0.009  0.098  0.064  1.000  0.780 -0.789 -0.032
       10  0.83092  -0.146 -0.144  0.128  0.129 -0.011 -0.004  0.175  0.033  0.780  1.000 -0.508  0.032
       11  0.83425  -0.063 -0.008  0.055  0.007  0.030  0.031 -0.173 -0.139 -0.789 -0.508  1.000  0.138
       12  0.75456   0.257  0.343 -0.224 -0.306 -0.082 -0.080 -0.141 -0.674 -0.032  0.032  0.138  1.000
 **********
 **   18 **HESSE        6000
 **********
 COVARIANCE MATRIX CALCULATED SUCCESSFULLY
 FCN=-5806.3 FROM HESSE     STATUS=OK            115 CALLS         968 TOTAL
                     EDM=0.00233214    STRATEGY= 1      ERROR MATRIX ACCURATE 
  EXT PARAMETER                                INTERNAL      INTERNAL  
  NO.   NAME      VALUE            ERROR       STEP SIZE       VALUE   
   1  NbkgMRS      3.13541e+02   2.77792e+01   1.05435e-04  -2.81247e-01
   2  NbkgPRS      3.15061e+02   2.90182e+01   5.36733e-04  -2.55288e-01
   3  NsigMRS      5.54500e+02   3.18094e+01   6.47945e-04   2.81346e-01
   4  NsigPRS      5.28030e+02   3.24709e+01   6.47332e-04   2.55512e-01
   5  am           1.42814e+00   7.17761e+00   9.98165e-05   1.43303e-01
   6  bm          -5.58920e+00   1.49877e+01   1.32590e-04   4.56802e-01
   7  cm           3.41422e+00   1.30178e+00   2.47038e-05  -1.05978e+00
   8  coeffsig     9.60604e-01   3.52337e-02   9.75486e-04  -4.31277e+00
   9  mean         1.45571e+02   8.66727e-02   3.76267e-05  -2.82666e-01
  10  sigma1       9.93257e-01   6.76410e-02   1.31730e-04  -9.29546e-01
  11  sigma2       9.34759e-01   6.76070e-02   1.33678e-04  -9.49369e-01
  12  sigma3       5.58866e+00   7.42574e+00   1.68771e-03   1.18005e-01
                               ERR DEF= 0.5
 EXTERNAL ERROR MATRIX.    NDIM=  28    NPAR= 12    ERR DEF=0.5
 ELEMENTS ABOVE DIAGONAL ARE NOT PRINTED.
  7.728e+02 
  3.336e+02  8.435e+02 
 -4.592e+02 -3.336e+02  1.014e+03 
 -3.337e+02 -5.284e+02  3.336e+02  1.057e+03 
  2.467e+00  1.872e+00 -2.467e+00 -1.871e+00  6.448e+01 
 -1.153e+01 -1.146e+01  1.152e+01  1.146e+01 -7.485e+01  8.828e+01 
 -5.199e+00 -6.680e+00  5.199e+00  6.682e+00 -3.572e+00  3.189e+00  1.695e+00 
 -5.101e-01 -6.176e-01  5.101e-01  6.177e-01  3.404e-03  7.654e-03  1.205e-02  1.255e-03 
 -6.943e-02 -1.319e-01  6.942e-02  1.319e-01  1.175e-03 -5.857e-03  1.076e-02  1.946e-04  7.512e-03 
 -2.708e-01 -2.764e-01  2.708e-01  2.764e-01 -3.883e-03  1.434e-03  1.500e-02  5.953e-05  4.583e-03  4.576e-03 
 -1.099e-01 -3.054e-03  1.099e-01  3.035e-03 -6.031e-03  1.686e-02 -1.461e-02 -3.584e-04 -4.634e-03 -2.332e-03  4.572e-03 
  4.144e+01  5.815e+01 -4.143e+01 -5.816e+01 -4.290e-02 -2.241e+00 -1.147e+00 -1.400e-01 -1.555e-02  1.592e-02  5.709e-02 
  4.144e+01  5.815e+01 -4.143e+01 -5.816e+01 -4.290e-02 -2.241e+00 -1.147e+00 -1.400e-01 -1.555e-02  1.592e-02  5.709e-02  3.198e+01 
 PARAMETER  CORRELATION COEFFICIENTS  
       NO.  GLOBAL      1      2      3      4      5      6      7      8      9     10     11     12
        1  0.66015   1.000  0.413 -0.519 -0.369  0.011 -0.044 -0.144 -0.518 -0.029 -0.144 -0.058  0.264
        2  0.69794   0.413  1.000 -0.361 -0.560  0.008 -0.042 -0.177 -0.600 -0.052 -0.141 -0.002  0.354
        3  0.59135  -0.519 -0.361  1.000  0.322 -0.010  0.039  0.125  0.452  0.025  0.126  0.051 -0.230
        4  0.63520  -0.369 -0.560  0.322  1.000 -0.007  0.038  0.158  0.536  0.047  0.126  0.001 -0.316
        5  0.99830   0.011  0.008 -0.010 -0.007  1.000 -0.992 -0.342  0.012  0.002 -0.007 -0.011 -0.001
        6  0.99820  -0.044 -0.042  0.039  0.038 -0.992  1.000  0.261  0.023 -0.007  0.002  0.027 -0.042
        7  0.88450  -0.144 -0.177  0.125  0.158 -0.342  0.261  1.000  0.261  0.095  0.170 -0.166 -0.156
        8  0.86062  -0.518 -0.600  0.452  0.536  0.012  0.023  0.261  1.000  0.063  0.025 -0.150 -0.699
        9  0.90941  -0.029 -0.052  0.025  0.047  0.002 -0.007  0.095  0.063  1.000  0.782 -0.791 -0.032
       10  0.83287  -0.144 -0.141  0.126  0.126 -0.007  0.002  0.170  0.025  0.782  1.000 -0.510  0.042
       11  0.83718  -0.058 -0.002  0.051  0.001 -0.011  0.027 -0.166 -0.150 -0.791 -0.510  1.000  0.149
       12  0.77556   0.264  0.354 -0.230 -0.316 -0.001 -0.042 -0.156 -0.699 -0.032  0.042  0.149  1.000
72 ; 0.899268 ; 1.08975
[#1] INFO:Plotting -- RooAbsPdf::plotOn(modelMRS) directly selected PDF components: (modelBkg)
[#1] INFO:Plotting -- RooAbsPdf::plotOn(modelMRS) indirectly selected PDF components: ()
[#1] INFO:NumericIntegration -- RooRealIntegral::init(modelBkg_Int[x]) using numeric integrator RooIntegrator1D to calculate Int(x)
[#1] INFO:Plotting -- RooAbsPdf::plotOn(modelMRS) directly selected PDF components: (modelSig)
[#1] INFO:Plotting -- RooAbsPdf::plotOn(modelMRS) indirectly selected PDF components: (sig_pdf1,sig_pdf2)
[#1] INFO:NumericIntegration -- RooRealIntegral::init(modelBkg_Int[x]) using numeric integrator RooIntegrator1D to calculate Int(x)
[#1] INFO:NumericIntegration -- RooRealIntegral::init(modelBkg_Int[x]) using numeric integrator RooIntegrator1D to calculate Int(x)
[#1] INFO:Plotting -- RooAbsPdf::plotOn(modelPRS) directly selected PDF components: (modelBkg)
[#1] INFO:Plotting -- RooAbsPdf::plotOn(modelPRS) indirectly selected PDF components: ()
[#1] INFO:NumericIntegration -- RooRealIntegral::init(modelBkg_Int[x]) using numeric integrator RooIntegrator1D to calculate Int(x)
[#1] INFO:Plotting -- RooAbsPdf::plotOn(modelPRS) directly selected PDF components: (modelSig)
[#1] INFO:Plotting -- RooAbsPdf::plotOn(modelPRS) indirectly selected PDF components: (sig_pdf1,sig_pdf2)
[#1] INFO:NumericIntegration -- RooRealIntegral::init(modelBkg_Int[x]) using numeric integrator RooIntegrator1D to calculate Int(x)
[#1] INFO:NumericIntegration -- RooRealIntegral::init(modelBkg_Int[x]) using numeric integrator RooIntegrator1D to calculate Int(x)
PRS chi2: 0.630788 ; MPS chi2: 0.932311
