   ------------------------------------------------------------------
  | Welcome to ROOT 6.24/08                        https://root.cern |
  | (c) 1995-2021, The ROOT Team; conception: R. Brun, F. Rademakers |
  | Built for linuxx8664gcc on Sep 29 2022, 13:04:57                 |
  | From tags/v6-24-08@v6-24-08                                      |
  | With c++ (GCC) 4.8.5 20150623 (Red Hat 4.8.5-44)                 |
  | Try '.help', '.demo', '.license', '.credits', '.quit'/'.q'       |
   ------------------------------------------------------------------


Processing full.C(3,5,"Up","2016")...

[1mRooFit v3.60 -- Developed by Wouter Verkerke and David Kirkby[0m 
                Copyright (C) 2000-2013 NIKHEF, University of California & Stanford University
                All rights reserved, please read http://roofit.sourceforge.net/license.txt

-------------------------
Set LHCb Style - May 2021
-------------------------
../fulltempt/PARAMs/FullMom_3_5.txt
[#0] WARNING:InputArguments -- The parameter 'sigma3' with range [0, 10] of the RooGaussian 'sig_pdf2' exceeds the safe range of (0, inf). Advise to limit its range.
[#0] ERROR:Integration --  RooNumIntFactory::Init : libRooFitMore cannot be loaded. GSL integrators will not beavailable ! 
[#1] INFO:Fitting -- RooAddition::defaultErrorLevel(nll) Summation contains a RooNLLVar, using its error level
 **********
 **   13 **MIGRAD        4500           1
 **********
 FIRST CALL TO USER FUNCTION AT NEW START POINT, WITH IFLAG=4.
 START MIGRAD MINIMIZATION.  STRATEGY  1.  CONVERGENCE WHEN EDM .LT. 1.00e-03
 FCN=-11393.4 FROM MIGRAD    STATUS=INITIATE       34 CALLS          35 TOTAL
                     EDM= unknown      STRATEGY= 1      NO ERROR MATRIX       
  EXT PARAMETER               CURRENT GUESS       STEP         FIRST   
  NO.   NAME      VALUE            ERROR          SIZE      DERIVATIVE 
   1  NbkgMRS      2.59400e+02   1.29700e+02   2.57889e-01   1.31042e+02
   2  NbkgPRS      2.66600e+02   1.33300e+02   2.57889e-01   1.14890e+02
   3  NsigMRS      1.03760e+03   1.29700e+02   2.57889e-01  -3.27634e+01
   4  NsigPRS      1.06640e+03   1.33300e+02   2.57889e-01  -2.87254e+01
   5  coeffsig     1.00000e-01   5.00000e-02   1.72186e-01  -6.80786e+01
   6  mean         1.45500e+02   2.10000e+00   2.10680e-01   1.20396e+03
   7  sigma1       5.00000e-01   2.50000e-01   1.18625e-01   1.52687e-01
   8  sigma2       5.00000e-01   2.50000e-01   1.18625e-01   7.37093e+01
   9  sigma3       1.10000e+00   5.50000e-01   1.81568e-01   8.22710e+02
                               ERR DEF= 0.5
 MIGRAD MINIMIZATION HAS CONVERGED.
 MIGRAD WILL VERIFY CONVERGENCE AND ERROR MATRIX.
 COVARIANCE MATRIX CALCULATED SUCCESSFULLY
 FCN=-11459.6 FROM MIGRAD    STATUS=CONVERGED     456 CALLS         457 TOTAL
                     EDM=3.35859e-05    STRATEGY= 1      ERROR MATRIX ACCURATE 
  EXT PARAMETER                                   STEP         FIRST   
  NO.   NAME      VALUE            ERROR          SIZE      DERIVATIVE 
   1  NbkgMRS      1.33435e+02   1.60344e+01   2.78670e-03  -2.85108e-03
   2  NbkgPRS      1.50672e+02   1.70267e+01   2.74446e-03  -1.61976e-02
   3  NsigMRS      1.16342e+03   3.58079e+01   6.54676e-03  -4.96410e-02
   4  NsigPRS      1.18239e+03   3.63078e+01   6.18947e-03   2.31311e-02
   5  coeffsig     7.34171e-01   5.07989e-02   3.60579e-03   3.55144e-02
   6  mean         1.45379e+02   5.48811e-02   1.53499e-04  -3.16919e-01
   7  sigma1       7.30193e-01   5.35940e-02   6.81269e-04   2.34190e-02
   8  sigma2       8.05752e-01   5.37266e-02   6.79907e-04  -2.18034e-01
   9  sigma3       1.75535e+00   1.47483e-01   1.54967e-03  -6.91642e-02
                               ERR DEF= 0.5
 EXTERNAL ERROR MATRIX.    NDIM=  25    NPAR=  9    ERR DEF=0.5
  2.572e+02  3.268e+01 -1.231e+02 -3.259e+01 -9.989e-03 -3.714e-03 -2.752e-02 -6.338e-03 -5.070e-01 
  3.268e+01  2.901e+02 -3.255e+01 -1.388e+02 -2.296e-02 -4.942e-04 -3.291e-02 -1.505e-02 -5.890e-01 
 -1.231e+02 -3.255e+01  1.286e+03  3.246e+01  1.020e-02  3.730e-03  2.751e-02  6.374e-03  5.056e-01 
 -3.259e+01 -1.388e+02  3.246e+01  1.322e+03  2.311e-02  5.271e-04  3.290e-02  1.505e-02  5.879e-01 
 -9.989e-03 -2.296e-02  1.020e-02  2.311e-02  2.592e-03  6.766e-05  1.471e-03  1.324e-03  5.903e-03 
 -3.714e-03 -4.942e-04  3.730e-03  5.271e-04  6.766e-05  3.012e-03  2.116e-03 -2.124e-03  4.679e-04 
 -2.752e-02 -3.291e-02  2.751e-02  3.290e-02  1.471e-03  2.116e-03  2.873e-03 -6.089e-04  3.501e-03 
 -6.338e-03 -1.505e-02  6.374e-03  1.505e-02  1.324e-03 -2.124e-03 -6.089e-04  2.887e-03  2.537e-03 
 -5.070e-01 -5.890e-01  5.056e-01  5.879e-01  5.903e-03  4.679e-04  3.501e-03  2.537e-03  2.176e-02 
 PARAMETER  CORRELATION COEFFICIENTS  
       NO.  GLOBAL      1      2      3      4      5      6      7      8      9
        1  0.37664   1.000  0.120 -0.214 -0.056 -0.012 -0.004 -0.032 -0.007 -0.214
        2  0.39155   0.120  1.000 -0.053 -0.224 -0.026 -0.001 -0.036 -0.016 -0.234
        3  0.22972  -0.214 -0.053  1.000  0.025  0.006  0.002  0.014  0.003  0.096
        4  0.24231  -0.056 -0.224  0.025  1.000  0.012  0.000  0.017  0.008  0.110
        5  0.90615  -0.012 -0.026  0.006  0.012  1.000  0.024  0.539  0.484  0.786
        6  0.92524  -0.004 -0.001  0.002  0.000  0.024  1.000  0.719 -0.720  0.058
        7  0.89447  -0.032 -0.036  0.014  0.017  0.539  0.719  1.000 -0.211  0.443
        8  0.88493  -0.007 -0.016  0.003  0.008  0.484 -0.720 -0.211  1.000  0.320
        9  0.84078  -0.214 -0.234  0.096  0.110  0.786  0.058  0.443  0.320  1.000
 **********
 **   18 **HESSE        4500
 **********
 COVARIANCE MATRIX CALCULATED SUCCESSFULLY
 FCN=-11459.6 FROM HESSE     STATUS=OK             73 CALLS         530 TOTAL
                     EDM=3.3644e-05    STRATEGY= 1      ERROR MATRIX ACCURATE 
  EXT PARAMETER                                INTERNAL      INTERNAL  
  NO.   NAME      VALUE            ERROR       STEP SIZE       VALUE   
   1  NbkgMRS      1.33435e+02   1.60532e+01   1.11468e-04  -9.17757e-01
   2  NbkgPRS      1.50672e+02   1.70494e+01   1.09778e-04  -8.85033e-01
   3  NsigMRS      1.16342e+03   3.58245e+01   2.61870e-04   9.17383e-01
   4  NsigPRS      1.18239e+03   3.63266e+01   2.47579e-04   8.85173e-01
   5  coeffsig     7.34171e-01   5.12178e-02   7.21159e-04   4.87412e-01
   6  mean         1.45379e+02   5.52545e-02   3.06997e-05  -3.01798e-01
   7  sigma1       7.30193e-01   5.39979e-02   2.72508e-05  -1.02355e+00
   8  sigma2       8.05752e-01   5.40535e-02   1.35981e-04  -9.95167e-01
   9  sigma3       1.75535e+00   1.48746e-01   3.09935e-04  -7.06178e-01
                               ERR DEF= 0.5
 EXTERNAL ERROR MATRIX.    NDIM=  25    NPAR=  9    ERR DEF=0.5
  2.578e+02  3.328e+01 -1.243e+02 -3.328e+01 -1.427e-02 -4.256e-03 -3.032e-02 -8.077e-03 -5.219e-01 
  3.328e+01  2.908e+02 -3.325e+01 -1.402e+02 -2.782e-02 -1.101e-03 -3.610e-02 -1.706e-02 -6.059e-01 
 -1.243e+02 -3.325e+01  1.287e+03  3.326e+01  1.427e-02  4.255e-03  3.030e-02  8.074e-03  5.216e-01 
 -3.328e+01 -1.402e+02  3.326e+01  1.323e+03  2.783e-02  1.104e-03  3.611e-02  1.706e-02  6.060e-01 
 -1.427e-02 -2.782e-02  1.427e-02  2.783e-02  2.635e-03  7.587e-05  1.504e-03  1.342e-03  6.027e-03 
 -4.256e-03 -1.101e-03  4.255e-03  1.104e-03  7.587e-05  3.053e-03  2.150e-03 -2.154e-03  4.932e-04 
 -3.032e-02 -3.610e-02  3.030e-02  3.611e-02  1.504e-03  2.150e-03  2.916e-03 -6.183e-04  3.595e-03 
 -8.077e-03 -1.706e-02  8.074e-03  1.706e-02  1.342e-03 -2.154e-03 -6.183e-04  2.922e-03  2.586e-03 
 -5.219e-01 -6.059e-01  5.216e-01  6.060e-01  6.027e-03  4.932e-04  3.595e-03  2.586e-03  2.214e-02 
 PARAMETER  CORRELATION COEFFICIENTS  
       NO.  GLOBAL      1      2      3      4      5      6      7      8      9
        1  0.37929   1.000  0.122 -0.216 -0.057 -0.017 -0.005 -0.035 -0.009 -0.218
        2  0.39442   0.122  1.000 -0.054 -0.226 -0.032 -0.001 -0.039 -0.019 -0.239
        3  0.23158  -0.216 -0.054  1.000  0.025  0.008  0.002  0.016  0.004  0.098
        4  0.24427  -0.057 -0.226  0.025  1.000  0.015  0.001  0.018  0.009  0.112
        5  0.90777  -0.017 -0.032  0.008  0.015  1.000  0.027  0.543  0.484  0.789
        6  0.92629  -0.005 -0.001  0.002  0.001  0.027  1.000  0.720 -0.721  0.060
        7  0.89613  -0.035 -0.039  0.016  0.018  0.543  0.720  1.000 -0.212  0.447
        8  0.88641  -0.009 -0.019  0.004  0.009  0.484 -0.721 -0.212  1.000  0.322
        9  0.84373  -0.218 -0.239  0.098  0.112  0.789  0.060  0.447  0.322  1.000
75 ; 1.03696 ; 0.888256
[#1] INFO:Plotting -- RooAbsPdf::plotOn(modelMRS) directly selected PDF components: (modelBkg)
[#1] INFO:Plotting -- RooAbsPdf::plotOn(modelMRS) indirectly selected PDF components: ()
[#1] INFO:Plotting -- RooAbsPdf::plotOn(modelMRS) directly selected PDF components: (modelSig)
[#1] INFO:Plotting -- RooAbsPdf::plotOn(modelMRS) indirectly selected PDF components: (sig_pdf1,sig_pdf2)
[#1] INFO:Plotting -- RooAbsPdf::plotOn(modelPRS) directly selected PDF components: (modelBkg)
[#1] INFO:Plotting -- RooAbsPdf::plotOn(modelPRS) indirectly selected PDF components: ()
[#1] INFO:Plotting -- RooAbsPdf::plotOn(modelPRS) directly selected PDF components: (modelSig)
[#1] INFO:Plotting -- RooAbsPdf::plotOn(modelPRS) indirectly selected PDF components: (sig_pdf1,sig_pdf2)
PRS chi2: 0.784538 ; MPS chi2: 0.601778
