   ------------------------------------------------------------------
  | Welcome to ROOT 6.24/08                        https://root.cern |
  | (c) 1995-2021, The ROOT Team; conception: R. Brun, F. Rademakers |
  | Built for linuxx8664gcc on Sep 29 2022, 13:04:57                 |
  | From tags/v6-24-08@v6-24-08                                      |
  | With c++ (GCC) 4.8.5 20150623 (Red Hat 4.8.5-44)                 |
  | Try '.help', '.demo', '.license', '.credits', '.quit'/'.q'       |
   ------------------------------------------------------------------


Processing full.C(3,6,"Up","2017")...

[1mRooFit v3.60 -- Developed by Wouter Verkerke and David Kirkby[0m 
                Copyright (C) 2000-2013 NIKHEF, University of California & Stanford University
                All rights reserved, please read http://roofit.sourceforge.net/license.txt

-------------------------
Set LHCb Style - May 2021
-------------------------
../fulltempt/PARAMs/FullMom_3_6.txt
[#0] WARNING:InputArguments -- The parameter 'sigma3' with range [0, 10] of the RooGaussian 'sig_pdf2' exceeds the safe range of (0, inf). Advise to limit its range.
[#0] ERROR:Integration --  RooNumIntFactory::Init : libRooFitMore cannot be loaded. GSL integrators will not beavailable ! 
[#1] INFO:Fitting -- RooAddition::defaultErrorLevel(nll) Summation contains a RooNLLVar, using its error level
 **********
 **   13 **MIGRAD        4500           1
 **********
 FIRST CALL TO USER FUNCTION AT NEW START POINT, WITH IFLAG=4.
 START MIGRAD MINIMIZATION.  STRATEGY  1.  CONVERGENCE WHEN EDM .LT. 1.00e-03
 FCN=-30565 FROM MIGRAD    STATUS=INITIATE       36 CALLS          37 TOTAL
                     EDM= unknown      STRATEGY= 1      NO ERROR MATRIX       
  EXT PARAMETER               CURRENT GUESS       STEP         FIRST   
  NO.   NAME      VALUE            ERROR          SIZE      DERIVATIVE 
   1  NbkgMRS      6.23000e+02   3.11500e+02   2.57889e-01   1.39557e+02
   2  NbkgPRS      5.94600e+02   2.97300e+02   2.57889e-01   9.93138e+01
   3  NsigMRS      2.49200e+03   3.11500e+02   2.57889e-01  -3.48976e+01
   4  NsigPRS      2.37840e+03   2.97300e+02   2.57889e-01  -2.48369e+01
   5  coeffsig     1.00000e-01   5.00000e-02   1.72186e-01  -1.47038e+02
   6  mean         1.45500e+02   2.10000e+00   2.10680e-01   3.23958e+03
   7  sigma1       5.00000e-01   2.50000e-01   1.18625e-01   3.48276e+01
   8  sigma2       5.00000e-01   2.50000e-01   1.18625e-01   1.59863e+02
   9  sigma3       1.10000e+00   5.50000e-01   1.81568e-01   1.36877e+03
                               ERR DEF= 0.5
 MIGRAD MINIMIZATION HAS CONVERGED.
 MIGRAD WILL VERIFY CONVERGENCE AND ERROR MATRIX.
 COVARIANCE MATRIX CALCULATED SUCCESSFULLY
 FCN=-30688.7 FROM MIGRAD    STATUS=CONVERGED     494 CALLS         495 TOTAL
                     EDM=0.000131071    STRATEGY= 1      ERROR MATRIX ACCURATE 
  EXT PARAMETER                                   STEP         FIRST   
  NO.   NAME      VALUE            ERROR          SIZE      DERIVATIVE 
   1  NbkgMRS      3.87069e+02   2.77416e+01   2.91661e-03   1.05749e-01
   2  NbkgPRS      3.92924e+02   2.77369e+01   2.98451e-03  -8.40907e-02
   3  NsigMRS      2.72788e+03   5.57256e+01   6.31848e-03  -3.38657e-02
   4  NsigPRS      2.58022e+03   5.43446e+01   6.28434e-03   7.04977e-02
   5  coeffsig     7.85001e-01   1.88530e-02   3.23505e-03   5.64631e-02
   6  mean         1.45383e+02   3.58745e-02   1.69448e-04  -1.49691e+00
   7  sigma1       7.59753e-01   3.42241e-02   7.08010e-04   1.03656e+00
   8  sigma2       8.27266e-01   2.67468e-02   6.61027e-04  -3.18442e-01
   9  sigma3       2.49392e+00   1.52285e-01   2.70029e-03  -1.73259e-01
                               ERR DEF= 0.5
 EXTERNAL ERROR MATRIX.    NDIM=  25    NPAR=  9    ERR DEF=0.5
  7.698e+02  1.334e+02 -3.810e+02 -1.331e+02  2.021e-02 -6.174e-02 -7.693e-02  1.514e-02 -1.249e+00 
  1.334e+02  7.695e+02 -1.330e+02 -3.752e+02  2.544e-02 -5.810e-02 -6.911e-02  1.721e-02 -1.197e+00 
 -3.810e+02 -1.330e+02  3.108e+03  1.327e+02 -1.997e-02  6.171e-02  7.687e-02 -1.513e-02  1.246e+00 
 -1.331e+02 -3.752e+02  1.327e+02  2.956e+03 -2.521e-02  5.811e-02  6.912e-02 -1.719e-02  1.196e+00 
  2.021e-02  2.544e-02 -1.997e-02 -2.521e-02  3.557e-04  1.904e-04  3.738e-04  9.609e-05  1.818e-03 
 -6.174e-02 -5.810e-02  6.171e-02  5.811e-02  1.904e-04  1.287e-03  9.850e-04 -6.782e-04  1.793e-03 
 -7.693e-02 -6.911e-02  7.687e-02  6.912e-02  3.738e-04  9.850e-04  1.171e-03 -3.269e-04  2.721e-03 
  1.514e-02  1.721e-02 -1.513e-02 -1.719e-02  9.609e-05 -6.782e-04 -3.269e-04  7.154e-04  1.673e-04 
 -1.249e+00 -1.197e+00  1.246e+00  1.196e+00  1.818e-03  1.793e-03  2.721e-03  1.673e-04  2.320e-02 
 PARAMETER  CORRELATION COEFFICIENTS  
       NO.  GLOBAL      1      2      3      4      5      6      7      8      9
        1  0.45010   1.000  0.173 -0.246 -0.088  0.039 -0.062 -0.081  0.020 -0.296
        2  0.44488   0.173  1.000 -0.086 -0.249  0.049 -0.058 -0.073  0.023 -0.283
        3  0.27207  -0.246 -0.086  1.000  0.044 -0.019  0.031  0.040 -0.010  0.147
        4  0.27532  -0.088 -0.249  0.044  1.000 -0.025  0.030  0.037 -0.012  0.144
        5  0.81274   0.039  0.049 -0.019 -0.025  1.000  0.281  0.579  0.190  0.633
        6  0.92015  -0.062 -0.058  0.031  0.030  0.281  1.000  0.802 -0.707  0.328
        7  0.89136  -0.081 -0.073  0.040  0.037  0.579  0.802  1.000 -0.357  0.522
        8  0.82652   0.020  0.023 -0.010 -0.012  0.190 -0.707 -0.357  1.000  0.041
        9  0.77348  -0.296 -0.283  0.147  0.144  0.633  0.328  0.522  0.041  1.000
 **********
 **   18 **HESSE        4500
 **********
 COVARIANCE MATRIX CALCULATED SUCCESSFULLY
 FCN=-30688.7 FROM HESSE     STATUS=OK             73 CALLS         568 TOTAL
                     EDM=0.000131867    STRATEGY= 1      ERROR MATRIX ACCURATE 
  EXT PARAMETER                                INTERNAL      INTERNAL  
  NO.   NAME      VALUE            ERROR       STEP SIZE       VALUE   
   1  NbkgMRS      3.87069e+02   2.77982e+01   5.83321e-04  -8.50304e-01
   2  NbkgPRS      3.92924e+02   2.77917e+01   5.96901e-04  -8.26658e-01
   3  NsigMRS      2.72788e+03   5.57688e+01   2.52739e-04   8.50255e-01
   4  NsigPRS      2.58022e+03   5.43869e+01   2.51374e-04   8.26805e-01
   5  coeffsig     7.85001e-01   1.89397e-02   6.47009e-04   6.06509e-01
   6  mean         1.45383e+02   3.61223e-02   3.38897e-05  -3.01433e-01
   7  sigma1       7.59753e-01   3.44540e-02   1.41602e-04  -1.01229e+00
   8  sigma2       8.27266e-01   2.68689e-02   1.32205e-04  -9.87310e-01
   9  sigma3       2.49392e+00   1.53454e-01   1.08012e-04  -5.25003e-01
                               ERR DEF= 0.5
 EXTERNAL ERROR MATRIX.    NDIM=  25    NPAR=  9    ERR DEF=0.5
  7.729e+02  1.362e+02 -3.857e+02 -1.363e+02  1.733e-02 -6.543e-02 -8.194e-02  1.542e-02 -1.285e+00 
  1.362e+02  7.726e+02 -1.362e+02 -3.797e+02  2.265e-02 -6.164e-02 -7.394e-02  1.745e-02 -1.232e+00 
 -3.857e+02 -1.362e+02  3.113e+03  1.363e+02 -1.730e-02  6.545e-02  8.197e-02 -1.542e-02  1.285e+00 
 -1.363e+02 -3.797e+02  1.363e+02  2.961e+03 -2.263e-02  6.170e-02  7.400e-02 -1.746e-02  1.233e+00 
  1.733e-02  2.265e-02 -1.730e-02 -2.263e-02  3.590e-04  1.952e-04  3.801e-04  9.542e-05  1.851e-03 
 -6.543e-02 -6.164e-02  6.545e-02  6.170e-02  1.952e-04  1.305e-03  1.001e-03 -6.877e-04  1.843e-03 
 -8.194e-02 -7.394e-02  8.197e-02  7.400e-02  3.801e-04  1.001e-03  1.187e-03 -3.335e-04  2.784e-03 
  1.542e-02  1.745e-02 -1.542e-02 -1.746e-02  9.542e-05 -6.877e-04 -3.335e-04  7.220e-04  1.587e-04 
 -1.285e+00 -1.232e+00  1.285e+00  1.233e+00  1.851e-03  1.843e-03  2.784e-03  1.587e-04  2.356e-02 
 PARAMETER  CORRELATION COEFFICIENTS  
       NO.  GLOBAL      1      2      3      4      5      6      7      8      9
        1  0.45370   1.000  0.176 -0.249 -0.090  0.033 -0.065 -0.086  0.021 -0.301
        2  0.44842   0.176  1.000 -0.088 -0.251  0.043 -0.061 -0.077  0.023 -0.289
        3  0.27466  -0.249 -0.088  1.000  0.045 -0.016  0.032  0.043 -0.010  0.150
        4  0.27790  -0.090 -0.251  0.045  1.000 -0.022  0.031  0.039 -0.012  0.148
        5  0.81465   0.033  0.043 -0.016 -0.022  1.000  0.285  0.582  0.187  0.636
        6  0.92129  -0.065 -0.061  0.032  0.031  0.285  1.000  0.804 -0.709  0.332
        7  0.89289  -0.086 -0.077  0.043  0.039  0.582  0.804  1.000 -0.360  0.526
        8  0.82826   0.021  0.023 -0.010 -0.012  0.187 -0.709 -0.360  1.000  0.038
        9  0.77742  -0.301 -0.289  0.150  0.148  0.636  0.332  0.526  0.038  1.000
75 ; 1.41087 ; 1.4009
[#1] INFO:Plotting -- RooAbsPdf::plotOn(modelMRS) directly selected PDF components: (modelBkg)
[#1] INFO:Plotting -- RooAbsPdf::plotOn(modelMRS) indirectly selected PDF components: ()
[#1] INFO:Plotting -- RooAbsPdf::plotOn(modelMRS) directly selected PDF components: (modelSig)
[#1] INFO:Plotting -- RooAbsPdf::plotOn(modelMRS) indirectly selected PDF components: (sig_pdf1,sig_pdf2)
[#1] INFO:Plotting -- RooAbsPdf::plotOn(modelPRS) directly selected PDF components: (modelBkg)
[#1] INFO:Plotting -- RooAbsPdf::plotOn(modelPRS) indirectly selected PDF components: ()
[#1] INFO:Plotting -- RooAbsPdf::plotOn(modelPRS) directly selected PDF components: (modelSig)
[#1] INFO:Plotting -- RooAbsPdf::plotOn(modelPRS) indirectly selected PDF components: (sig_pdf1,sig_pdf2)
PRS chi2: 1.04635 ; MPS chi2: 1.18371
