   ------------------------------------------------------------------
  | Welcome to ROOT 6.24/08                        https://root.cern |
  | (c) 1995-2021, The ROOT Team; conception: R. Brun, F. Rademakers |
  | Built for linuxx8664gcc on Sep 29 2022, 13:04:57                 |
  | From tags/v6-24-08@v6-24-08                                      |
  | With c++ (GCC) 4.8.5 20150623 (Red Hat 4.8.5-44)                 |
  | Try '.help', '.demo', '.license', '.credits', '.quit'/'.q'       |
   ------------------------------------------------------------------


Processing full.C(2,5,"Up","2017")...

[1mRooFit v3.60 -- Developed by Wouter Verkerke and David Kirkby[0m 
                Copyright (C) 2000-2013 NIKHEF, University of California & Stanford University
                All rights reserved, please read http://roofit.sourceforge.net/license.txt

-------------------------
Set LHCb Style - May 2021
-------------------------
../fulltempt/PARAMs/FullMom_2_5.txt
[#0] WARNING:InputArguments -- The parameter 'sigma3' with range [0, 10] of the RooGaussian 'sig_pdf2' exceeds the safe range of (0, inf). Advise to limit its range.
[#0] ERROR:Integration --  RooNumIntFactory::Init : libRooFitMore cannot be loaded. GSL integrators will not beavailable ! 
[#1] INFO:Fitting -- RooAddition::defaultErrorLevel(nll) Summation contains a RooNLLVar, using its error level
 **********
 **   13 **MIGRAD        4500           1
 **********
 FIRST CALL TO USER FUNCTION AT NEW START POINT, WITH IFLAG=4.
 START MIGRAD MINIMIZATION.  STRATEGY  1.  CONVERGENCE WHEN EDM .LT. 1.00e-03
 FCN=-27223.4 FROM MIGRAD    STATUS=INITIATE       36 CALLS          37 TOTAL
                     EDM= unknown      STRATEGY= 1      NO ERROR MATRIX       
  EXT PARAMETER               CURRENT GUESS       STEP         FIRST   
  NO.   NAME      VALUE            ERROR          SIZE      DERIVATIVE 
   1  NbkgMRS      5.69400e+02   2.84700e+02   2.57889e-01   3.61911e+00
   2  NbkgPRS      5.47000e+02   2.73500e+02   2.57889e-01  -3.60825e+01
   3  NsigMRS      2.27760e+03   2.84700e+02   2.57889e-01  -9.12674e-01
   4  NsigPRS      2.18800e+03   2.73500e+02   2.57889e-01   9.01258e+00
   5  coeffsig     1.00000e-01   5.00000e-02   1.72186e-01  -1.63659e+02
   6  mean         1.45500e+02   2.10000e+00   2.10680e-01   2.24429e+03
   7  sigma1       5.00000e-01   2.50000e-01   1.18625e-01   7.16503e+01
   8  sigma2       5.00000e-01   2.50000e-01   1.18625e-01   1.73188e+02
   9  sigma3       1.10000e+00   5.50000e-01   1.81568e-01   1.28155e+03
                               ERR DEF= 0.5
 MIGRAD MINIMIZATION HAS CONVERGED.
 MIGRAD WILL VERIFY CONVERGENCE AND ERROR MATRIX.
 COVARIANCE MATRIX CALCULATED SUCCESSFULLY
 FCN=-27329.8 FROM MIGRAD    STATUS=CONVERGED     519 CALLS         520 TOTAL
                     EDM=5.31065e-05    STRATEGY= 1      ERROR MATRIX ACCURATE 
  EXT PARAMETER                                   STEP         FIRST   
  NO.   NAME      VALUE            ERROR          SIZE      DERIVATIVE 
   1  NbkgMRS      4.61393e+02   3.03275e+01   2.85367e-03   1.37669e-01
   2  NbkgPRS      4.80580e+02   2.97566e+01   2.89703e-03   4.17442e-02
   3  NsigMRS      2.38555e+03   5.32904e+01   5.47979e-03  -5.20491e-02
   4  NsigPRS      2.25446e+03   5.15414e+01   5.38828e-03   7.51056e-03
   5  coeffsig     7.29540e-01   2.62674e-02   3.42406e-03  -4.87720e-02
   6  mean         1.45310e+02   4.93410e-02   1.67707e-04  -1.02715e+00
   7  sigma1       6.12306e-01   4.68607e-02   7.50949e-04   3.40781e-01
   8  sigma2       8.23234e-01   3.46642e-02   6.95315e-04  -3.82355e-01
   9  sigma3       2.08585e+00   1.48036e-01   2.29992e-03   1.60458e-03
                               ERR DEF= 0.5
 EXTERNAL ERROR MATRIX.    NDIM=  25    NPAR=  9    ERR DEF=0.5
  9.200e+02  1.848e+02 -4.571e+02 -1.847e+02 -4.800e-02 -1.048e-01 -1.653e-01  1.983e-02 -1.674e+00 
  1.848e+02  8.857e+02 -1.845e+02 -4.040e+02 -3.112e-02 -5.618e-02 -1.167e-01 -1.561e-03 -1.439e+00 
 -4.571e+02 -1.845e+02  2.842e+03  1.843e+02  4.820e-02  1.049e-01  1.654e-01 -1.987e-02  1.673e+00 
 -1.847e+02 -4.040e+02  1.843e+02  2.659e+03  3.135e-02  5.636e-02  1.169e-01  1.493e-03  1.439e+00 
 -4.800e-02 -3.112e-02  4.820e-02  3.135e-02  6.908e-04  5.150e-04  8.107e-04  3.794e-05  2.756e-03 
 -1.048e-01 -5.618e-02  1.049e-01  5.636e-02  5.150e-04  2.435e-03  2.020e-03 -1.335e-03  2.911e-03 
 -1.653e-01 -1.167e-01  1.654e-01  1.169e-01  8.107e-04  2.020e-03  2.196e-03 -8.400e-04  4.111e-03 
  1.983e-02 -1.561e-03 -1.987e-02  1.493e-03  3.794e-05 -1.335e-03 -8.400e-04  1.202e-03 -3.865e-04 
 -1.674e+00 -1.439e+00  1.673e+00  1.439e+00  2.756e-03  2.911e-03  4.111e-03 -3.865e-04  2.192e-02 
 PARAMETER  CORRELATION COEFFICIENTS  
       NO.  GLOBAL      1      2      3      4      5      6      7      8      9
        1  0.50201   1.000  0.205 -0.283 -0.118 -0.060 -0.070 -0.116  0.019 -0.373
        2  0.46028   0.205  1.000 -0.116 -0.263 -0.040 -0.038 -0.084 -0.002 -0.327
        3  0.32209  -0.283 -0.116  1.000  0.067  0.034  0.040  0.066 -0.011  0.212
        4  0.30285  -0.118 -0.263  0.067  1.000  0.023  0.022  0.048  0.001  0.188
        5  0.86239  -0.060 -0.040  0.034  0.023  1.000  0.397  0.658  0.042  0.708
        6  0.95462  -0.070 -0.038  0.040  0.022  0.397  1.000  0.874 -0.781  0.398
        7  0.94178  -0.116 -0.084  0.066  0.048  0.658  0.874  1.000 -0.517  0.592
        8  0.87564   0.019 -0.002 -0.011  0.001  0.042 -0.781 -0.517  1.000 -0.075
        9  0.83325  -0.373 -0.327  0.212  0.188  0.708  0.398  0.592 -0.075  1.000
 **********
 **   18 **HESSE        4500
 **********
 COVARIANCE MATRIX CALCULATED SUCCESSFULLY
 FCN=-27329.8 FROM HESSE     STATUS=OK             73 CALLS         593 TOTAL
                     EDM=5.36966e-05    STRATEGY= 1      ERROR MATRIX ACCURATE 
  EXT PARAMETER                                INTERNAL      INTERNAL  
  NO.   NAME      VALUE            ERROR       STEP SIZE       VALUE   
   1  NbkgMRS      4.61393e+02   3.04228e+01   5.70734e-04  -7.42150e-01
   2  NbkgPRS      4.80580e+02   2.98309e+01   1.15881e-04  -7.05705e-01
   3  NsigMRS      2.38555e+03   5.33568e+01   2.19192e-04   7.42095e-01
   4  NsigPRS      2.25446e+03   5.15928e+01   2.15531e-04   7.05739e-01
   5  coeffsig     7.29540e-01   2.64951e-02   6.84812e-04   1.30433e+01
   6  mean         1.45310e+02   5.01399e-02   3.35413e-05  -3.08671e-01
   7  sigma1       6.12306e-01   4.75973e-02   1.50190e-04  -1.07070e+00
   8  sigma2       8.23234e-01   3.50432e-02   1.39063e-04  -9.88775e-01
   9  sigma3       2.08585e+00   1.49738e-01   9.19967e-05  -6.22206e-01
                               ERR DEF= 0.5
 EXTERNAL ERROR MATRIX.    NDIM=  25    NPAR=  9    ERR DEF=0.5
  9.258e+02  1.897e+02 -4.643e+02 -1.897e+02 -5.505e-02 -1.143e-01 -1.775e-01  2.231e-02 -1.728e+00 
  1.897e+02  8.901e+02 -1.897e+02 -4.095e+02 -3.692e-02 -6.312e-02 -1.262e-01 -1.399e-04 -1.484e+00 
 -4.643e+02 -1.897e+02  2.849e+03  1.897e+02  5.509e-02  1.143e-01  1.775e-01 -2.232e-02  1.728e+00 
 -1.897e+02 -4.095e+02  1.897e+02  2.664e+03  3.693e-02  6.313e-02  1.262e-01  1.371e-04  1.484e+00 
 -5.505e-02 -3.692e-02  5.509e-02  3.693e-02  7.028e-04  5.386e-04  8.365e-04  2.859e-05  2.832e-03 
 -1.143e-01 -6.312e-02  1.143e-01  6.313e-02  5.386e-04  2.514e-03  2.092e-03 -1.379e-03  3.050e-03 
 -1.775e-01 -1.262e-01  1.775e-01  1.262e-01  8.365e-04  2.092e-03  2.266e-03 -8.770e-04  4.267e-03 
  2.231e-02 -1.399e-04 -2.232e-02  1.371e-04  2.859e-05 -1.379e-03 -8.770e-04  1.228e-03 -4.404e-04 
 -1.728e+00 -1.484e+00  1.728e+00  1.484e+00  2.832e-03  3.050e-03  4.267e-03 -4.404e-04  2.243e-02 
 PARAMETER  CORRELATION COEFFICIENTS  
       NO.  GLOBAL      1      2      3      4      5      6      7      8      9
        1  0.50665   1.000  0.209 -0.286 -0.121 -0.068 -0.075 -0.123  0.021 -0.379
        2  0.46453   0.209  1.000 -0.119 -0.266 -0.047 -0.042 -0.089 -0.000 -0.332
        3  0.32552  -0.286 -0.119  1.000  0.069  0.039  0.043  0.070 -0.012  0.216
        4  0.30581  -0.121 -0.266  0.069  1.000  0.027  0.024  0.051  0.000  0.192
        5  0.86493  -0.068 -0.047  0.039  0.027  1.000  0.405  0.663  0.031  0.713
        6  0.95609  -0.075 -0.042  0.043  0.024  0.405  1.000  0.877 -0.785  0.406
        7  0.94362  -0.123 -0.089  0.070  0.051  0.663  0.877  1.000 -0.526  0.599
        8  0.87850   0.021 -0.000 -0.012  0.000  0.031 -0.785 -0.526  1.000 -0.084
        9  0.83739  -0.379 -0.332  0.216  0.192  0.713  0.406  0.599 -0.084  1.000
75 ; 1.79981 ; 1.18316
[#1] INFO:Plotting -- RooAbsPdf::plotOn(modelMRS) directly selected PDF components: (modelBkg)
[#1] INFO:Plotting -- RooAbsPdf::plotOn(modelMRS) indirectly selected PDF components: ()
[#1] INFO:Plotting -- RooAbsPdf::plotOn(modelMRS) directly selected PDF components: (modelSig)
[#1] INFO:Plotting -- RooAbsPdf::plotOn(modelMRS) indirectly selected PDF components: (sig_pdf1,sig_pdf2)
[#1] INFO:Plotting -- RooAbsPdf::plotOn(modelPRS) directly selected PDF components: (modelBkg)
[#1] INFO:Plotting -- RooAbsPdf::plotOn(modelPRS) indirectly selected PDF components: ()
[#1] INFO:Plotting -- RooAbsPdf::plotOn(modelPRS) directly selected PDF components: (modelSig)
[#1] INFO:Plotting -- RooAbsPdf::plotOn(modelPRS) indirectly selected PDF components: (sig_pdf1,sig_pdf2)
PRS chi2: 1.48152 ; MPS chi2: 1.07827
