   ------------------------------------------------------------------
  | Welcome to ROOT 6.24/08                        https://root.cern |
  | (c) 1995-2021, The ROOT Team; conception: R. Brun, F. Rademakers |
  | Built for linuxx8664gcc on Sep 29 2022, 13:04:57                 |
  | From tags/v6-24-08@v6-24-08                                      |
  | With c++ (GCC) 4.8.5 20150623 (Red Hat 4.8.5-44)                 |
  | Try '.help', '.demo', '.license', '.credits', '.quit'/'.q'       |
   ------------------------------------------------------------------


Processing full.C(0,0,"Down","2016")...

[1mRooFit v3.60 -- Developed by Wouter Verkerke and David Kirkby[0m 
                Copyright (C) 2000-2013 NIKHEF, University of California & Stanford University
                All rights reserved, please read http://roofit.sourceforge.net/license.txt

-------------------------
Set LHCb Style - May 2021
-------------------------
../fulltempt/PARAMs/FullMom_0_0.txt
[#0] WARNING:InputArguments -- The parameter 'sigma3' with range [0, 10] of the RooGaussian 'sig_pdf2' exceeds the safe range of (0, inf). Advise to limit its range.
[#0] ERROR:Integration --  RooNumIntFactory::Init : libRooFitMore cannot be loaded. GSL integrators will not beavailable ! 
[#1] INFO:Fitting -- RooAddition::defaultErrorLevel(nll) Summation contains a RooNLLVar, using its error level
 **********
 **   13 **MIGRAD        4500           1
 **********
 FIRST CALL TO USER FUNCTION AT NEW START POINT, WITH IFLAG=4.
 START MIGRAD MINIMIZATION.  STRATEGY  1.  CONVERGENCE WHEN EDM .LT. 1.00e-03
 FCN=-331445 FROM MIGRAD    STATUS=INITIATE       40 CALLS          41 TOTAL
                     EDM= unknown      STRATEGY= 1      NO ERROR MATRIX       
  EXT PARAMETER               CURRENT GUESS       STEP         FIRST   
  NO.   NAME      VALUE            ERROR          SIZE      DERIVATIVE 
   1  NbkgMRS      4.41200e+03   2.20600e+03   2.57889e-01   2.83872e+03
   2  NbkgPRS      4.35400e+03   2.17700e+03   2.57889e-01   2.61559e+03
   3  NsigMRS      1.76480e+04   2.20600e+03   2.57889e-01  -7.09961e+02
   4  NsigPRS      1.74160e+04   2.17700e+03   2.57889e-01  -6.54177e+02
   5  coeffsig     8.00000e-01   1.00000e-01   2.57889e-01  -1.71410e+03
   6  mean         1.45500e+02   2.10000e+00   2.10680e-01   7.50370e+04
   7  sigma1       5.00000e-01   2.50000e-01   1.18625e-01  -5.84939e+03
   8  sigma2       6.00000e-01   3.00000e-01   1.30610e-01   1.69523e+04
   9  sigma3       1.30000e+00   6.50000e-01   1.99571e-01   3.97461e+03
                               ERR DEF= 0.5
 MIGRAD MINIMIZATION HAS CONVERGED.
 MIGRAD WILL VERIFY CONVERGENCE AND ERROR MATRIX.
 COVARIANCE MATRIX CALCULATED SUCCESSFULLY
 FCN=-332921 FROM MIGRAD    STATUS=CONVERGED     393 CALLS         394 TOTAL
                     EDM=3.20368e-05    STRATEGY= 1      ERROR MATRIX ACCURATE 
  EXT PARAMETER                                   STEP         FIRST   
  NO.   NAME      VALUE            ERROR          SIZE      DERIVATIVE 
   1  NbkgMRS      2.32566e+03   6.41586e+01   3.50812e-03  -3.29414e-02
   2  NbkgPRS      2.45259e+03   6.53924e+01   3.53319e-03  -9.41148e-03
   3  NsigMRS      1.97345e+04   1.46673e+02   8.43408e-03   5.93422e-02
   4  NsigPRS      1.93175e+04   1.45358e+02   8.23019e-03   1.46873e-02
   5  coeffsig     7.56748e-01   1.97297e-02   4.86201e-03   3.24032e-01
   6  mean         1.45449e+02   9.54785e-03   1.26810e-04   9.82111e+00
   7  sigma1       4.72907e-01   9.27796e-03   6.85339e-04  -2.06206e+00
   8  sigma2       5.12574e-01   1.14272e-02   7.05858e-04   2.56878e-01
   9  sigma3       1.08332e+00   3.66732e-02   1.69713e-03  -5.00238e-01
                               ERR DEF= 0.5
 EXTERNAL ERROR MATRIX.    NDIM=  25    NPAR=  9    ERR DEF=0.5
  4.116e+03  4.696e+02 -1.780e+03 -4.681e+02 -2.295e-01  9.716e-03 -7.616e-02 -9.001e-02 -6.549e-01 
  4.696e+02  4.276e+03 -4.679e+02 -1.814e+03 -2.169e-01  4.992e-03 -7.552e-02 -8.292e-02 -6.324e-01 
 -1.780e+03 -4.679e+02  2.152e+04  4.664e+02  2.291e-01 -9.712e-03  7.599e-02  8.981e-02  6.532e-01 
 -4.681e+02 -1.814e+03  4.664e+02  2.113e+04  2.166e-01 -5.013e-03  7.538e-02  8.279e-02  6.310e-01 
 -2.295e-01 -2.169e-01  2.291e-01  2.166e-01  3.895e-04 -4.245e-05  1.057e-04  1.638e-04  6.637e-04 
  9.716e-03  4.992e-03 -9.712e-03 -5.013e-03 -4.245e-05  9.116e-05  4.972e-05 -8.045e-05 -6.402e-05 
 -7.616e-02 -7.552e-02  7.599e-02  7.538e-02  1.057e-04  4.972e-05  8.608e-05  3.452e-06  1.809e-04 
 -9.001e-02 -8.292e-02  8.981e-02  8.279e-02  1.638e-04 -8.045e-05  3.452e-06  1.306e-04  2.647e-04 
 -6.549e-01 -6.324e-01  6.532e-01  6.310e-01  6.637e-04 -6.402e-05  1.809e-04  2.647e-04  1.345e-03 
 PARAMETER  CORRELATION COEFFICIENTS  
       NO.  GLOBAL      1      2      3      4      5      6      7      8      9
        1  0.36825   1.000  0.112 -0.189 -0.050 -0.181  0.016 -0.128 -0.123 -0.278
        2  0.35893   0.112  1.000 -0.049 -0.191 -0.168  0.008 -0.124 -0.111 -0.264
        3  0.20922  -0.189 -0.049  1.000  0.022  0.079 -0.007  0.056  0.054  0.121
        4  0.21082  -0.050 -0.191  0.022  1.000  0.076 -0.004  0.056  0.050  0.118
        5  0.96415  -0.181 -0.168  0.079  0.076  1.000 -0.225  0.577  0.726  0.917
        6  0.94226   0.016  0.008 -0.007 -0.004 -0.225  1.000  0.561 -0.737 -0.183
        7  0.91921  -0.128 -0.124  0.056  0.056  0.577  0.561  1.000  0.033  0.532
        8  0.93965  -0.123 -0.111  0.054  0.050  0.726 -0.737  0.033  1.000  0.632
        9  0.93290  -0.278 -0.264  0.121  0.118  0.917 -0.183  0.532  0.632  1.000
 **********
 **   18 **HESSE        4500
 **********
 COVARIANCE MATRIX CALCULATED SUCCESSFULLY
 FCN=-332921 FROM HESSE     STATUS=OK             73 CALLS         467 TOTAL
                     EDM=3.27542e-05    STRATEGY= 1      ERROR MATRIX ACCURATE 
  EXT PARAMETER                                INTERNAL      INTERNAL  
  NO.   NAME      VALUE            ERROR       STEP SIZE       VALUE   
   1  NbkgMRS      2.32566e+03   6.44039e+01   1.40325e-04  -9.09426e-01
   2  NbkgPRS      2.45259e+03   6.56172e+01   1.41328e-04  -8.86212e-01
   3  NsigMRS      1.97345e+04   1.46813e+02   3.37363e-04   9.09450e-01
   4  NsigPRS      1.93175e+04   1.45490e+02   3.29208e-04   8.86218e-01
   5  coeffsig     7.56748e-01   2.03546e-02   9.72403e-04   5.39254e-01
   6  mean         1.45449e+02   9.68188e-03   2.53619e-05  -2.94795e-01
   7  sigma1       4.72907e-01   9.43032e-03   2.74136e-05  -1.13236e+00
   8  sigma2       5.12574e-01   1.17098e-02   2.82343e-05  -1.11403e+00
   9  sigma3       1.08332e+00   3.77844e-02   6.78850e-05  -9.00014e-01
                               ERR DEF= 0.5
 EXTERNAL ERROR MATRIX.    NDIM=  25    NPAR=  9    ERR DEF=0.5
  4.148e+03  4.988e+02 -1.822e+03 -4.988e+02 -2.566e-01  1.225e-02 -8.389e-02 -1.011e-01 -7.058e-01 
  4.988e+02  4.306e+03 -4.988e+02 -1.853e+03 -2.428e-01  7.292e-03 -8.303e-02 -9.348e-02 -6.814e-01 
 -1.822e+03 -4.988e+02  2.156e+04  4.987e+02  2.565e-01 -1.225e-02  8.388e-02  1.011e-01  7.058e-01 
 -4.988e+02 -1.853e+03  4.987e+02  2.117e+04  2.428e-01 -7.292e-03  8.302e-02  9.347e-02  6.813e-01 
 -2.566e-01 -2.428e-01  2.565e-01  2.428e-01  4.146e-04 -4.577e-05  1.123e-04  1.751e-04  7.091e-04 
  1.225e-02  7.292e-03 -1.225e-02 -7.292e-03 -4.577e-05  9.374e-05  5.036e-05 -8.371e-05 -6.961e-05 
 -8.389e-02 -8.303e-02  8.388e-02  8.302e-02  1.123e-04  5.036e-05  8.893e-05  5.193e-06  1.932e-04 
 -1.011e-01 -9.348e-02  1.011e-01  9.347e-02  1.751e-04 -8.371e-05  5.193e-06  1.371e-04  2.847e-04 
 -7.058e-01 -6.814e-01  7.058e-01  6.813e-01  7.091e-04 -6.961e-05  1.932e-04  2.847e-04  1.428e-03 
 PARAMETER  CORRELATION COEFFICIENTS  
       NO.  GLOBAL      1      2      3      4      5      6      7      8      9
        1  0.37706   1.000  0.118 -0.193 -0.053 -0.196  0.020 -0.138 -0.134 -0.290
        2  0.36713   0.118  1.000 -0.052 -0.194 -0.182  0.011 -0.134 -0.122 -0.275
        3  0.21345  -0.193 -0.052  1.000  0.023  0.086 -0.009  0.061  0.059  0.127
        4  0.21481  -0.053 -0.194  0.023  1.000  0.082 -0.005  0.061  0.055  0.124
        5  0.96635  -0.196 -0.182  0.086  0.082  1.000 -0.232  0.585  0.734  0.922
        6  0.94389   0.020  0.011 -0.009 -0.005 -0.232  1.000  0.552 -0.738 -0.190
        7  0.92191  -0.138 -0.134  0.061  0.061  0.585  0.552  1.000  0.047  0.542
        8  0.94261  -0.134 -0.122  0.059  0.055  0.734 -0.738  0.047  1.000  0.644
        9  0.93692  -0.290 -0.275  0.127  0.124  0.922 -0.190  0.542  0.644  1.000
75 ; 2.51873 ; 2.19198
[#1] INFO:Plotting -- RooAbsPdf::plotOn(modelMRS) directly selected PDF components: (modelBkg)
[#1] INFO:Plotting -- RooAbsPdf::plotOn(modelMRS) indirectly selected PDF components: ()
[#1] INFO:Plotting -- RooAbsPdf::plotOn(modelMRS) directly selected PDF components: (modelSig)
[#1] INFO:Plotting -- RooAbsPdf::plotOn(modelMRS) indirectly selected PDF components: (sig_pdf1,sig_pdf2)
[#1] INFO:Plotting -- RooAbsPdf::plotOn(modelPRS) directly selected PDF components: (modelBkg)
[#1] INFO:Plotting -- RooAbsPdf::plotOn(modelPRS) indirectly selected PDF components: ()
[#1] INFO:Plotting -- RooAbsPdf::plotOn(modelPRS) directly selected PDF components: (modelSig)
[#1] INFO:Plotting -- RooAbsPdf::plotOn(modelPRS) indirectly selected PDF components: (sig_pdf1,sig_pdf2)
PRS chi2: 2.43105 ; MPS chi2: 1.96057
