   ------------------------------------------------------------------
  | Welcome to ROOT 6.24/08                        https://root.cern |
  | (c) 1995-2021, The ROOT Team; conception: R. Brun, F. Rademakers |
  | Built for linuxx8664gcc on Sep 29 2022, 13:04:57                 |
  | From tags/v6-24-08@v6-24-08                                      |
  | With c++ (GCC) 4.8.5 20150623 (Red Hat 4.8.5-44)                 |
  | Try '.help', '.demo', '.license', '.credits', '.quit'/'.q'       |
   ------------------------------------------------------------------


Processing full.C(6,6,"Up","2017")...

[1mRooFit v3.60 -- Developed by Wouter Verkerke and David Kirkby[0m 
                Copyright (C) 2000-2013 NIKHEF, University of California & Stanford University
                All rights reserved, please read http://roofit.sourceforge.net/license.txt

-------------------------
Set LHCb Style - May 2021
-------------------------
../fulltempt/PARAMs/FullMom_6_6.txt
../../../../selection/promptD/results/2017MagUpFullRS.root/DecayTree
[#0] WARNING:InputArguments -- The parameter 'sigma3' with range [0, 10] of the RooGaussian 'sig_pdf2' exceeds the safe range of (0, inf). Advise to limit its range.
[#0] ERROR:Integration --  RooNumIntFactory::Init : libRooFitMore cannot be loaded. GSL integrators will not beavailable ! 
[#1] INFO:NumericIntegration -- RooRealIntegral::init(modelBkg_Int[x]) using numeric integrator RooIntegrator1D to calculate Int(x)
[#1] INFO:NumericIntegration -- RooRealIntegral::init(modelBkg_Int[x]) using numeric integrator RooIntegrator1D to calculate Int(x)
[#1] INFO:NumericIntegration -- RooRealIntegral::init(modelBkg_Int[x]) using numeric integrator RooIntegrator1D to calculate Int(x)
[#1] INFO:NumericIntegration -- RooRealIntegral::init(modelBkg_Int[x]) using numeric integrator RooIntegrator1D to calculate Int(x)
[#1] INFO:Fitting -- RooAddition::defaultErrorLevel(nll) Summation contains a RooNLLVar, using its error level
 **********
 **   13 **MIGRAD        6500           1
 **********
 FIRST CALL TO USER FUNCTION AT NEW START POINT, WITH IFLAG=4.
 START MIGRAD MINIMIZATION.  STRATEGY  1.  CONVERGENCE WHEN EDM .LT. 1.00e-03
 FCN=-82837.1 FROM MIGRAD    STATUS=INITIATE      137 CALLS         138 TOTAL
                     EDM= unknown      STRATEGY= 1      NO ERROR MATRIX       
  EXT PARAMETER               CURRENT GUESS       STEP         FIRST   
  NO.   NAME      VALUE            ERROR          SIZE      DERIVATIVE 
   1  NbkgMRS      6.80700e+02   3.40350e+02   0.00000e+00   1.81763e+02
   2  NbkgPRS      6.49800e+02   3.24900e+02   0.00000e+00   1.63002e+02
   3  NsigMRS      6.12630e+03   3.40350e+02   0.00000e+00  -2.02248e+01
   4  NsigPRS      5.84820e+03   3.24900e+02   0.00000e+00  -1.81403e+01
   5  am           1.00000e+00   2.00000e+00   0.00000e+00   1.80038e+02
   6  bm          -7.88652e+00   7.50000e-01   0.00000e+00   1.67746e+02
   7  cm           3.00000e+00   6.50000e+00   0.00000e+00  -1.51511e+02
   8  coeffsig     3.94872e-01   5.00000e-02   7.15458e-01  -4.63050e+01
   9  dm0          1.39400e+02   2.00000e+00   0.00000e+00  -9.06209e+01
  10  mean         1.45500e+02   2.10000e+00   0.00000e+00   9.74789e+02
  11  sigma1       5.00000e-01   2.50000e-01   0.00000e+00  -4.50212e+02
  12  sigma2       5.00000e-01   2.50000e-01   0.00000e+00   1.19424e+01
  13  sigma3       1.10000e+00   5.50000e-01   0.00000e+00   5.89409e+02
                               ERR DEF= 0.5
 MIGRAD MINIMIZATION HAS CONVERGED.
 MIGRAD WILL VERIFY CONVERGENCE AND ERROR MATRIX.
 EIGENVALUES OF SECOND-DERIVATIVE MATRIX:
        -6.1879e-02  4.0208e-02  7.7381e-02  1.4087e-01  4.5341e-01  5.9519e-01  8.2895e-01  8.8059e-01  1.1233e+00  1.1710e+00  2.1215e+00  2.2406e+00  3.3888e+00
 MINUIT WARNING IN HESSE   
 ============== MATRIX FORCED POS-DEF BY ADDING 0.065268 TO DIAGONAL.
 FCN=-82872.2 FROM HESSE     STATUS=NOT POSDEF    153 CALLS        1016 TOTAL
                     EDM=0.00115428    STRATEGY= 1      ERR MATRIX NOT POS-DEF
  EXT PARAMETER                APPROXIMATE        STEP         FIRST   
  NO.   NAME      VALUE            ERROR          SIZE      DERIVATIVE 
   1  NbkgMRS      4.53436e+02   4.09618e+01   3.40748e-03  -5.70069e-04
   2  NbkgPRS      4.36071e+02   4.01698e+01   3.48795e-03  -6.59401e-02
   3  NsigMRS      6.35374e+03   8.44408e+01   9.49331e-03   4.83576e-02
   4  NsigPRS      6.06202e+03   8.25278e+01   9.68241e-03   2.82999e-02
   5  am           1.30588e+00   3.56541e-01   9.65512e-04   8.46560e-01
   6  bm          -7.63625e+00   3.63547e-01   1.01405e-03   1.02370e+00
   7  cm           7.90247e+00   3.35333e+00   8.42860e-04  -1.64287e+00
   8  coeffsig     6.99144e-01   2.13455e-02   4.19754e-03   5.58128e-02
   9  dm0          1.39256e+02   1.06185e-01   1.72117e-03  -3.06488e+00
  10  mean         1.45447e+02   1.69832e-02   1.57535e-04  -1.09812e+00
  11  sigma1       6.26501e-01   1.65499e-02   7.71071e-04   2.01885e-01
  12  sigma2       7.07565e-01   2.01925e-02   8.10517e-04  -2.81071e-01
  13  sigma3       1.45563e+00   5.55802e-02   1.45017e-03   1.46448e-01
                               ERR DEF= 0.5
 MIGRAD FAILS TO FIND IMPROVEMENT
 MACHINE ACCURACY LIMITS FURTHER IMPROVEMENT.
 MIGRAD MINIMIZATION HAS CONVERGED.
 MIGRAD WILL VERIFY CONVERGENCE AND ERROR MATRIX.
 EIGENVALUES OF SECOND-DERIVATIVE MATRIX:
        -6.0859e-02  4.0253e-02  7.7382e-02  1.4169e-01  4.5392e-01  6.1697e-01  8.2893e-01  8.8072e-01  1.1234e+00  1.1710e+00  2.1215e+00  2.2408e+00  3.3642e+00
 MINUIT WARNING IN HESSE   
 ============== MATRIX FORCED POS-DEF BY ADDING 0.064223 TO DIAGONAL.
 FCN=-82872.2 FROM MIGRAD    STATUS=CONVERGED    1236 CALLS        1237 TOTAL
                     EDM=0.000299042    STRATEGY= 1      ERR MATRIX NOT POS-DEF
  EXT PARAMETER                APPROXIMATE        STEP         FIRST   
  NO.   NAME      VALUE            ERROR          SIZE      DERIVATIVE 
   1  NbkgMRS      4.53461e+02   4.09451e+01   3.40687e-03  -9.94304e-02
   2  NbkgPRS      4.36137e+02   4.01599e+01   3.48722e-03  -5.69175e-02
   3  NsigMRS      6.35348e+03   8.44574e+01   9.49911e-03  -9.53898e-03
   4  NsigPRS      6.06186e+03   8.25534e+01   9.68682e-03   2.24861e-03
   5  am           1.30573e+00   3.53888e-01   9.55812e-04  -2.98136e+00
   6  bm          -7.63686e+00   3.60839e-01   1.00286e-03  -2.66698e+00
   7  cm           7.91207e+00   3.31227e+00   8.25474e-04   3.52189e+00
   8  coeffsig     6.99164e-01   2.14470e-02   4.19555e-03  -2.97589e-02
   9  dm0          1.39261e+02   1.01202e-01   2.05516e-03  -1.82809e+00
  10  mean         1.45447e+02   1.70396e-02   1.57512e-04   9.23126e-01
  11  sigma1       6.26440e-01   1.66042e-02   7.70674e-04  -1.52244e-02
  12  sigma2       7.07647e-01   2.02717e-02   8.09980e-04   1.91756e-01
  13  sigma3       1.45567e+00   5.57376e-02   1.45147e-03   1.72123e-01
                               ERR DEF= 0.5
 EXTERNAL ERROR MATRIX.    NDIM=  28    NPAR= 13    ERR DEF=0.5
 ELEMENTS ABOVE DIAGONAL ARE NOT PRINTED.
  1.677e+03 
  8.440e+02  1.613e+03 
 -1.196e+03 -8.148e+02  7.139e+03 
 -8.148e+02 -1.150e+03  7.866e+02  6.821e+03 
 -9.273e+00 -9.059e+00  8.950e+00  8.743e+00  1.253e-01 
 -9.428e+00 -9.210e+00  9.099e+00  8.889e+00  1.166e-01  1.303e-01 
 -8.730e+01 -8.530e+01  8.426e+01  8.233e+01  1.143e+00  1.165e+00  1.098e+01 
 -1.681e-01 -1.733e-01  1.625e-01  1.676e-01  1.547e-03  1.574e-03  1.479e-02  4.603e-04 
 -9.403e-01 -9.328e-01  9.079e-01  9.007e-01  9.702e-03  9.972e-03  1.068e-01  2.760e-04  1.024e-02 
  5.995e-02  5.725e-02 -5.785e-02 -5.525e-02 -9.064e-04 -9.217e-04 -8.822e-03 -7.672e-05 -1.633e-04  2.903e-04 
 -6.099e-02 -6.496e-02  5.899e-02  6.280e-02  3.525e-04  3.587e-04  3.234e-03  1.585e-04  3.639e-05  1.663e-04  2.757e-04 
 -1.111e-01 -1.103e-01  1.073e-01  1.065e-01  1.214e-03  1.235e-03  1.168e-02  2.667e-04  2.095e-04 -2.460e-04 -2.892e-05 
 -1.111e-01 -1.103e-01  1.073e-01  1.065e-01  1.214e-03  1.235e-03  1.168e-02  2.667e-04  2.095e-04 -2.460e-04 -2.892e-05  4.109e-04 
 -1.276e+00 -1.268e+00  1.232e+00  1.225e+00  1.130e-02  1.149e-02  1.070e-01  8.696e-04  1.472e-03 -1.639e-04  2.882e-04 
 -1.276e+00 -1.268e+00  1.232e+00  1.225e+00  1.130e-02  1.149e-02  1.070e-01  8.696e-04  1.472e-03 -1.639e-04  2.882e-04  4.595e-04  3.107e-03 
ERR MATRIX NOT POS-DEF
 PARAMETER  CORRELATION COEFFICIENTS  
       NO.  GLOBAL      1      2      3      4      5      6      7      8      9     10     11     12     13
        1  0.72503   1.000  0.513 -0.346 -0.241 -0.640 -0.638 -0.643 -0.191 -0.227  0.086 -0.090 -0.134 -0.559
        2  0.72522   0.513  1.000 -0.240 -0.347 -0.637 -0.635 -0.641 -0.201 -0.229  0.084 -0.097 -0.135 -0.567
        3  0.36767  -0.346 -0.240  1.000  0.113  0.299  0.298  0.301  0.090  0.106 -0.040  0.042  0.063  0.262
        4  0.36896  -0.241 -0.347  0.113  1.000  0.299  0.298  0.301  0.095  0.108 -0.039  0.046  0.064  0.266
        5  0.99157  -0.640 -0.637  0.299  0.299  1.000  0.913  0.974  0.204  0.271 -0.150  0.060  0.169  0.573
        6  0.99143  -0.638 -0.635  0.298  0.298  0.913  1.000  0.974  0.203  0.273 -0.150  0.060  0.169  0.571
        7  0.99749  -0.643 -0.641  0.301  0.301  0.974  0.974  1.000  0.208  0.318 -0.156  0.059  0.174  0.579
        8  0.89922  -0.191 -0.201  0.090  0.095  0.204  0.203  0.208  1.000  0.127 -0.210  0.445  0.613  0.727
        9  0.59261  -0.227 -0.229  0.106  0.108  0.271  0.273  0.318  0.127  1.000 -0.095  0.022  0.102  0.261
       10  0.89159   0.086  0.084 -0.040 -0.039 -0.150 -0.150 -0.156 -0.210 -0.095  1.000  0.588 -0.712 -0.173
       11  0.83614  -0.090 -0.097  0.042  0.046  0.060  0.060  0.059  0.445  0.022  0.588  1.000 -0.086  0.311
       12  0.86620  -0.134 -0.135  0.063  0.064  0.169  0.169  0.174  0.613  0.102 -0.712 -0.086  1.000  0.407
       13  0.89412  -0.559 -0.567  0.262  0.266  0.573  0.571  0.579  0.727  0.261 -0.173  0.311  0.407  1.000
 ERR MATRIX NOT POS-DEF
 **********
 **   18 **HESSE        6500
 **********
 COVARIANCE MATRIX CALCULATED SUCCESSFULLY
 FCN=-82872.2 FROM HESSE     STATUS=OK            141 CALLS        1378 TOTAL
                     EDM=0.00159588    STRATEGY= 1      ERROR MATRIX ACCURATE 
  EXT PARAMETER                                INTERNAL      INTERNAL  
  NO.   NAME      VALUE            ERROR       STEP SIZE       VALUE   
   1  NbkgMRS      4.53461e+02   4.87715e+01   1.36275e-04  -1.04868e+00
   2  NbkgPRS      4.36137e+02   4.78947e+01   1.39489e-04  -1.04667e+00
   3  NsigMRS      6.35348e+03   9.09395e+01   3.79965e-04   1.04864e+00
   4  NsigPRS      6.06186e+03   8.89466e+01   3.87473e-04   1.04667e+00
   5  am           1.30573e+00   6.04218e-01   3.82325e-05   1.30947e-01
   6  bm          -7.63686e+00   6.65044e-01   4.01146e-05   2.38571e-01
   7  cm           7.91207e+00   4.54478e+00   3.30190e-05  -9.78049e-01
   8  coeffsig     6.99164e-01   3.68563e-02   8.39110e-04   4.09692e-01
   9  dm0          1.39261e+02   1.19557e-01   2.38291e-02  -7.39815e-02
  10  mean         1.45447e+02   2.55465e-02   3.15024e-05  -2.95057e-01
  11  sigma1       6.26440e-01   2.21958e-02   3.08270e-05  -1.06484e+00
  12  sigma2       7.07647e-01   3.35460e-02   3.23992e-05  -1.03228e+00
  13  sigma3       1.45567e+00   8.88855e-02   5.80587e-05  -7.87888e-01
                               ERR DEF= 0.5
 EXTERNAL ERROR MATRIX.    NDIM=  28    NPAR= 13    ERR DEF=0.5
 ELEMENTS ABOVE DIAGONAL ARE NOT PRINTED.
  2.379e+03 
  1.481e+03  2.295e+03 
 -1.925e+03 -1.480e+03  8.278e+03 
 -1.480e+03 -1.858e+03  1.480e+03  7.919e+03 
 -1.586e+01 -1.547e+01  1.585e+01  1.547e+01  3.655e-01 
 -1.752e+01 -1.709e+01  1.751e+01  1.709e+01  3.831e-02  4.430e-01 
 -1.599e+02 -1.560e+02  1.598e+02  1.560e+02  1.971e+00  2.302e+00  2.070e+01 
 -7.741e-01 -7.821e-01  7.738e-01  7.819e-01  6.769e-03  7.475e-03  6.865e-02  1.361e-03 
  1.938e+00  1.845e+00 -1.938e+00 -1.844e+00 -3.149e-02 -3.440e-02 -3.107e-01 -3.140e-04  1.429e-02 
  2.707e-01  2.650e-01 -2.706e-01 -2.650e-01 -3.142e-03 -3.455e-03 -3.211e-02 -3.957e-04  1.944e-04  6.526e-04 
 -2.207e-01 -2.281e-01  2.206e-01  2.280e-01  1.464e-03  1.626e-03  1.465e-02  3.880e-04 -8.419e-05  2.809e-04  4.927e-04 
 -5.726e-01 -5.707e-01  5.724e-01  5.706e-01  5.541e-03  6.110e-03  5.635e-02  9.686e-04 -3.034e-04 -6.950e-04 -4.776e-06 
 -5.726e-01 -5.707e-01  5.724e-01  5.706e-01  5.541e-03  6.110e-03  5.635e-02  9.686e-04 -3.034e-04 -6.950e-04 -4.776e-06  1.125e-03 
 -2.856e+00 -2.847e+00  2.856e+00  2.846e+00  2.531e-02  2.796e-02  2.560e-01  2.903e-03 -2.018e-03 -8.528e-04  8.258e-04 
 -2.856e+00 -2.847e+00  2.856e+00  2.846e+00  2.531e-02  2.796e-02  2.560e-01  2.903e-03 -2.018e-03 -8.528e-04  8.258e-04  2.004e-03  7.902e-03 
 PARAMETER  CORRELATION COEFFICIENTS  
       NO.  GLOBAL      1      2      3      4      5      6      7      8      9     10     11     12     13
        1  0.80264   1.000  0.634 -0.434 -0.341 -0.538 -0.540 -0.721 -0.430  0.332  0.217 -0.204 -0.350 -0.659
        2  0.80332   0.634  1.000 -0.340 -0.436 -0.534 -0.536 -0.716 -0.443  0.322  0.217 -0.215 -0.355 -0.668
        3  0.45410  -0.434 -0.340  1.000  0.183  0.288  0.289  0.386  0.231 -0.178 -0.116  0.109  0.188  0.353
        4  0.45619  -0.341 -0.436  0.183  1.000  0.287  0.288  0.385  0.238 -0.173 -0.117  0.115  0.191  0.360
        5  0.99692  -0.538 -0.534  0.288  0.287  1.000  0.095  0.716  0.303 -0.436 -0.203  0.109  0.273  0.471
        6  0.99731  -0.540 -0.536  0.289  0.288  0.095  1.000  0.760  0.304 -0.432 -0.203  0.110  0.274  0.473
        7  0.99857  -0.721 -0.716  0.386  0.385  0.716  0.760  1.000  0.409 -0.571 -0.276  0.145  0.369  0.633
        8  0.96495  -0.430 -0.443  0.231  0.238  0.303  0.304  0.409  1.000 -0.071 -0.420  0.474  0.783  0.885
        9  0.69609   0.332  0.322 -0.178 -0.173 -0.436 -0.432 -0.571 -0.071  1.000  0.064 -0.032 -0.076 -0.190
       10  0.95021   0.217  0.217 -0.116 -0.117 -0.203 -0.203 -0.276 -0.420  0.064  1.000  0.495 -0.811 -0.376
       11  0.90599  -0.204 -0.215  0.109  0.115  0.109  0.110  0.145  0.474 -0.032  0.495  1.000 -0.006  0.419
       12  0.95025  -0.350 -0.355  0.188  0.191  0.273  0.274  0.369  0.783 -0.076 -0.811 -0.006  1.000  0.672
       13  0.95712  -0.659 -0.668  0.353  0.360  0.471  0.473  0.633  0.885 -0.190 -0.376  0.419  0.672  1.000
71 ; 1.40139 ; 1.06739
[#1] INFO:Plotting -- RooAbsPdf::plotOn(modelMRS) directly selected PDF components: (modelBkg)
[#1] INFO:Plotting -- RooAbsPdf::plotOn(modelMRS) indirectly selected PDF components: ()
[#1] INFO:NumericIntegration -- RooRealIntegral::init(modelBkg_Int[x]) using numeric integrator RooIntegrator1D to calculate Int(x)
[#1] INFO:Plotting -- RooAbsPdf::plotOn(modelMRS) directly selected PDF components: (modelSig)
[#1] INFO:Plotting -- RooAbsPdf::plotOn(modelMRS) indirectly selected PDF components: (sig_pdf1,sig_pdf2)
[#1] INFO:NumericIntegration -- RooRealIntegral::init(modelBkg_Int[x]) using numeric integrator RooIntegrator1D to calculate Int(x)
[#1] INFO:NumericIntegration -- RooRealIntegral::init(modelBkg_Int[x]) using numeric integrator RooIntegrator1D to calculate Int(x)
[#1] INFO:Plotting -- RooAbsPdf::plotOn(modelPRS) directly selected PDF components: (modelBkg)
[#1] INFO:Plotting -- RooAbsPdf::plotOn(modelPRS) indirectly selected PDF components: ()
[#1] INFO:NumericIntegration -- RooRealIntegral::init(modelBkg_Int[x]) using numeric integrator RooIntegrator1D to calculate Int(x)
[#1] INFO:Plotting -- RooAbsPdf::plotOn(modelPRS) directly selected PDF components: (modelSig)
[#1] INFO:Plotting -- RooAbsPdf::plotOn(modelPRS) indirectly selected PDF components: (sig_pdf1,sig_pdf2)
[#1] INFO:NumericIntegration -- RooRealIntegral::init(modelBkg_Int[x]) using numeric integrator RooIntegrator1D to calculate Int(x)
[#1] INFO:NumericIntegration -- RooRealIntegral::init(modelBkg_Int[x]) using numeric integrator RooIntegrator1D to calculate Int(x)
PRS chi2: 1.11356 ; MPS chi2: 1.10255
