   ------------------------------------------------------------------
  | Welcome to ROOT 6.24/08                        https://root.cern |
  | (c) 1995-2021, The ROOT Team; conception: R. Brun, F. Rademakers |
  | Built for linuxx8664gcc on Sep 29 2022, 13:04:57                 |
  | From tags/v6-24-08@v6-24-08                                      |
  | With c++ (GCC) 4.8.5 20150623 (Red Hat 4.8.5-44)                 |
  | Try '.help', '.demo', '.license', '.credits', '.quit'/'.q'       |
   ------------------------------------------------------------------


Processing full.C(0,6,"Down","2016")...

[1mRooFit v3.60 -- Developed by Wouter Verkerke and David Kirkby[0m 
                Copyright (C) 2000-2013 NIKHEF, University of California & Stanford University
                All rights reserved, please read http://roofit.sourceforge.net/license.txt

-------------------------
Set LHCb Style - May 2021
-------------------------
../fulltempt/PARAMs/FullMom_0_6.txt
../../../../selection/promptD/results/2016MagDownFullRS.root/DecayTree
[#0] WARNING:InputArguments -- The parameter 'sigma3' with range [0, 50] of the RooGaussian 'sig_pdf2' exceeds the safe range of (0, inf). Advise to limit its range.
[#0] ERROR:Integration --  RooNumIntFactory::Init : libRooFitMore cannot be loaded. GSL integrators will not beavailable ! 
[#1] INFO:NumericIntegration -- RooRealIntegral::init(modelBkg_Int[x]) using numeric integrator RooIntegrator1D to calculate Int(x)
[#1] INFO:NumericIntegration -- RooRealIntegral::init(modelBkg_Int[x]) using numeric integrator RooIntegrator1D to calculate Int(x)
[#1] INFO:NumericIntegration -- RooRealIntegral::init(modelBkg_Int[x]) using numeric integrator RooIntegrator1D to calculate Int(x)
[#1] INFO:NumericIntegration -- RooRealIntegral::init(modelBkg_Int[x]) using numeric integrator RooIntegrator1D to calculate Int(x)
[#1] INFO:Fitting -- RooAddition::defaultErrorLevel(nll) Summation contains a RooNLLVar, using its error level
 **********
 **   13 **MIGRAD        6000           1
 **********
 FIRST CALL TO USER FUNCTION AT NEW START POINT, WITH IFLAG=4.
 START MIGRAD MINIMIZATION.  STRATEGY  1.  CONVERGENCE WHEN EDM .LT. 1.00e-03
 FCN=-6084.49 FROM MIGRAD    STATUS=INITIATE      122 CALLS         123 TOTAL
                     EDM= unknown      STRATEGY= 1      NO ERROR MATRIX       
  EXT PARAMETER               CURRENT GUESS       STEP         FIRST   
  NO.   NAME      VALUE            ERROR          SIZE      DERIVATIVE 
   1  NbkgMRS      9.02000e+01   4.51000e+01   0.00000e+00  -4.07235e+02
   2  NbkgPRS      9.09000e+01   4.54500e+01   0.00000e+00  -4.17438e+02
   3  NsigMRS      8.11800e+02   4.51000e+01   0.00000e+00   4.52277e+01
   4  NsigPRS      8.18100e+02   4.54500e+01   0.00000e+00   4.63583e+01
   5  am           1.10000e+01   3.00000e+00   0.00000e+00  -6.46263e+02
   6  bm          -2.40000e+01   5.00000e+00   0.00000e+00  -2.86396e+02
   7  cm           4.00000e-01   5.20000e+00   0.00000e+00  -5.60512e+02
   8  coeffsig     9.00000e-01   5.00000e-02   0.00000e+00   3.27002e+02
   9  dm0          1.39202e+02   2.00000e+00   2.94035e-04   6.59292e+00
  10  mean         1.45400e+02   2.10000e+00   0.00000e+00   9.70913e+02
  11  sigma1       6.00000e-01   3.00000e-01   0.00000e+00  -6.78371e+02
  12  sigma2       7.00000e-01   3.50000e-01   0.00000e+00  -3.55751e+02
                               ERR DEF= 0.5
 MIGRAD FAILS TO FIND IMPROVEMENT
 COVARIANCE MATRIX CALCULATED SUCCESSFULLY
 FCN=-6379.53 FROM HESSE     STATUS=OK            117 CALLS        1098 TOTAL
                     EDM=0.0507129    STRATEGY= 1      ERROR MATRIX ACCURATE 
  EXT PARAMETER                                   STEP         FIRST   
  NO.   NAME      VALUE            ERROR          SIZE      DERIVATIVE 
   1  NbkgMRS      3.65119e+02   2.27675e+01   2.61391e-03  -2.36016e-01
   2  NbkgPRS      3.63531e+02   2.24361e+01   2.58828e-03  -2.17966e-01
   3  NsigMRS      5.36544e+02   2.62632e+01   3.06867e-03   1.17523e-01
   4  NsigPRS      5.44990e+02   2.61548e+01   3.06619e-03  -2.45627e-01
   5  am           1.00956e+01   5.06531e-01   6.59902e-04   1.67706e+00
   6  bm          -2.11299e+01   1.78089e+00   1.20772e-03   6.91234e-01
   7  cm           7.60298e-01   2.54695e-01   1.99397e-04   7.92329e+00
   8  coeffsig     9.99903e-01   4.00911e-02   2.15530e-02   1.23974e-01
   9  dm0          1.39266e+02   4.63729e-03   5.99130e-05   6.44935e+02
  10  mean         1.45329e+02   6.56946e-02   1.43831e-04   2.42590e+00
  11  sigma1       6.50572e-01   5.02096e-02   5.72517e-04  -3.49902e+00
  12  sigma2       7.98525e-01   4.90725e-02   5.70347e-04   2.09740e+00
                               ERR DEF= 0.5
 MIGRAD MINIMIZATION HAS CONVERGED.
 FCN=-6379.53 FROM MIGRAD    STATUS=CONVERGED    1158 CALLS        1159 TOTAL
                     EDM=1.98525e-05    STRATEGY= 1  ERROR MATRIX UNCERTAINTY   0.9 per cent
  EXT PARAMETER                                   STEP         FIRST   
  NO.   NAME      VALUE            ERROR          SIZE      DERIVATIVE 
   1  NbkgMRS      3.65188e+02   2.27994e+01  -7.22700e-05   7.75096e-03
   2  NbkgPRS      3.63660e+02   2.24535e+01  -4.15375e-05   7.18618e-03
   3  NsigMRS      5.36826e+02   2.63161e+01  -2.14452e-04  -4.50543e-03
   4  NsigPRS      5.45359e+02   2.61942e+01   2.40906e-04   8.86620e-03
   5  am           1.00748e+01   5.63585e-01  -5.25655e-04   2.51587e-02
   6  bm          -2.10503e+01   2.00187e+00   1.08502e-03  -2.41886e-02
   7  cm           7.52533e-01   2.56588e-01  -1.10222e-05   2.04785e-01
   8  coeffsig     1.00000e+00   4.01882e-02  -2.37767e-03** at limit **
   9  dm0          1.39265e+02   4.49790e-03   2.26594e-06  -1.12769e+01
  10  mean         1.45334e+02   6.46969e-02   9.70272e-05  -7.56378e-02
  11  sigma1       6.54803e-01   4.96580e-02   3.02255e-04   1.26163e-01
  12  sigma2       7.95150e-01   4.87011e-02  -2.75830e-04  -6.91800e-02
                               ERR DEF= 0.5
 EXTERNAL ERROR MATRIX.    NDIM=  28    NPAR= 12    ERR DEF=0.5
 ELEMENTS ABOVE DIAGONAL ARE NOT PRINTED.
  5.203e+02 
  6.118e+01  5.046e+02 
  1.568e+02  6.257e+01  6.934e+02 
 -6.290e+01 -1.427e+02 -6.287e+01  6.869e+02 
 -7.092e-01 -8.102e-01 -5.088e-01  5.231e-01  3.178e-01 
 -3.432e+00 -2.592e+00 -4.224e+00  3.699e+00 -1.021e+00  4.016e+00 
  1.451e+00  1.321e+00  1.515e+00 -1.405e+00  2.488e-02 -2.420e-01  6.584e-02 
 -1.281e-04 -1.237e-04 -1.301e-04  1.262e-04  2.870e-06 -5.450e-06 -3.388e-07  2.796e-09 
 -1.363e-03 -7.406e-04 -4.116e-03  4.630e-03 -3.758e-04  1.413e-03 -6.952e-05 -1.677e-08  2.023e-05 
 -8.359e-02 -2.868e-02 -7.172e-02  1.172e-02 -4.961e-03  2.240e-02 -1.921e-03  4.071e-08  4.279e-05  4.186e-03 
 -2.085e-01 -1.474e-01 -1.999e-01  1.347e-01 -3.153e-03  2.288e-02 -3.432e-03 -1.823e-09  3.386e-05  2.619e-03  2.466e-03 
 -7.369e-02 -1.073e-01 -8.092e-02  1.172e-01  6.064e-03 -1.856e-02 -6.710e-05 -7.805e-08 -3.236e-05 -2.455e-03 -1.271e-03 
 -7.369e-02 -1.073e-01 -8.092e-02  1.172e-01  6.064e-03 -1.856e-02 -6.710e-05 -7.805e-08 -3.236e-05 -2.455e-03 -1.271e-03  2.372e-03 
 PARAMETER  CORRELATION COEFFICIENTS  
       NO.  GLOBAL      1      2      3      4      5      6      7      8      9     10     11     12
        1  0.39064   1.000  0.119  0.261 -0.105 -0.055 -0.075  0.248 -0.106 -0.013 -0.057 -0.184 -0.066
        2  0.36511   0.119  1.000  0.106 -0.242 -0.064 -0.058  0.229 -0.104 -0.007 -0.020 -0.132 -0.098
        3  0.35239   0.261  0.106  1.000 -0.091 -0.034 -0.080  0.224 -0.093 -0.035 -0.042 -0.153 -0.063
        4  0.33047  -0.105 -0.242 -0.091  1.000  0.035  0.070 -0.209  0.091  0.039  0.007  0.103  0.092
        5  0.95386  -0.055 -0.064 -0.034  0.035  1.000 -0.904  0.172  0.096 -0.148 -0.136 -0.113  0.221
        6  0.96244  -0.075 -0.058 -0.080  0.070 -0.904  1.000 -0.471 -0.051  0.157  0.173  0.230 -0.190
        7  0.76217   0.248  0.229  0.224 -0.209  0.172 -0.471  1.000 -0.025 -0.060 -0.116 -0.269 -0.005
        8  0.23207  -0.106 -0.104 -0.093  0.091  0.096 -0.051 -0.025  1.000 -0.070  0.012 -0.001 -0.030
        9  0.22596  -0.013 -0.007 -0.035  0.039 -0.148  0.157 -0.060 -0.070  1.000  0.147  0.152 -0.148
       10  0.91506  -0.057 -0.020 -0.042  0.007 -0.136  0.173 -0.116  0.012  0.147  1.000  0.815 -0.779
       11  0.85871  -0.184 -0.132 -0.153  0.103 -0.113  0.230 -0.269 -0.001  0.152  0.815  1.000 -0.526
       12  0.81959  -0.066 -0.098 -0.063  0.092  0.221 -0.190 -0.005 -0.030 -0.148 -0.779 -0.526  1.000
 **********
 **   18 **HESSE        6000
 **********
 COVARIANCE MATRIX CALCULATED SUCCESSFULLY
 FCN=-6379.53 FROM HESSE     STATUS=OK            129 CALLS        1288 TOTAL
                     EDM=0.01547    STRATEGY= 1      ERROR MATRIX ACCURATE 
  EXT PARAMETER                                INTERNAL      INTERNAL  
  NO.   NAME      VALUE            ERROR       STEP SIZE       VALUE   
   1  NbkgMRS      3.65188e+02   2.28064e+01   2.61498e-03  -1.91438e-01
   2  NbkgPRS      3.63660e+02   2.24598e+01   2.58912e-03  -2.01224e-01
   3  NsigMRS      5.36826e+02   2.63006e+01   3.06998e-03  -3.33306e+00
   4  NsigPRS      5.45359e+02   2.61852e+01   3.06838e-03  -6.08192e+00
   5  am           1.00748e+01   5.11416e-01   6.63281e-04   3.45134e-01
   6  bm          -2.10503e+01   1.83111e+00   1.21269e-03   1.58655e-01
   7  cm           7.52533e-01   3.48281e-01   1.98485e-04  -1.11428e+00
   8  coeffsig     1.00000e+00   3.85651e-02   2.16320e-02   1.57053e+00
                                 WARNING -   - ABOVE PARAMETER IS AT LIMIT.
   9  dm0          1.39265e+02   1.08876e-01   6.65752e-05  -7.35632e-02
  10  mean         1.45334e+02   6.51572e-02   1.43860e-04  -3.06272e-01
  11  sigma1       6.54803e-01   5.02627e-02   5.72992e-04  -1.05326e+00
  12  sigma2       7.95150e-01   4.87256e-02   5.70343e-04  -9.99073e-01
                               ERR DEF= 0.5
 EXTERNAL ERROR MATRIX.    NDIM=  28    NPAR= 12    ERR DEF=0.5
 ELEMENTS ABOVE DIAGONAL ARE NOT PRINTED.
  5.206e+02 
  6.125e+01  5.049e+02 
  1.557e+02  6.138e+01  6.925e+02 
 -6.120e+01 -1.410e+02 -6.133e+01  6.865e+02 
 -1.017e+00 -1.048e+00 -1.019e+00  1.046e+00  2.617e-01 
 -3.303e+00 -2.641e+00 -3.310e+00  2.637e+00 -8.016e-01  3.359e+00 
  2.029e+00  1.864e+00  2.033e+00 -1.862e+00  1.009e-02 -2.941e-01  1.213e-01 
 -4.715e-05 -4.531e-05 -4.726e-05  4.536e-05  4.975e-07  2.257e-07 -3.768e-07  2.682e-09 
 -3.118e-01 -2.878e-01 -3.124e-01  2.875e-01  2.500e-03  4.105e-02 -2.622e-02  7.279e-08  1.185e-02 
 -6.363e-02 -1.040e-02 -6.377e-02  1.040e-02 -1.415e-03  9.265e-03 -1.277e-03  1.181e-08  1.700e-04  4.246e-03 
 -2.046e-01 -1.439e-01 -2.051e-01  1.438e-01 -2.772e-04  1.401e-02 -3.853e-03  8.004e-10  5.601e-04  2.670e-03  2.527e-03 
 -1.012e-01 -1.325e-01 -1.015e-01  1.324e-01  3.231e-03 -6.530e-03 -1.349e-03 -2.664e-08  2.275e-04 -2.474e-03 -1.277e-03 
 -1.012e-01 -1.325e-01 -1.015e-01  1.324e-01  3.231e-03 -6.530e-03 -1.349e-03 -2.664e-08  2.275e-04 -2.474e-03 -1.277e-03  2.374e-03 
 PARAMETER  CORRELATION COEFFICIENTS  
       NO.  GLOBAL      1      2      3      4      5      6      7      8      9     10     11     12
        1  0.39198   1.000  0.119  0.259 -0.102 -0.087 -0.079  0.255 -0.040 -0.126 -0.043 -0.178 -0.091
        2  0.36676   0.119  1.000  0.104 -0.239 -0.091 -0.064  0.238 -0.039 -0.118 -0.007 -0.127 -0.121
        3  0.35026   0.259  0.104  1.000 -0.089 -0.076 -0.069  0.222 -0.035 -0.109 -0.037 -0.155 -0.079
        4  0.32476  -0.102 -0.239 -0.089  1.000  0.078  0.055 -0.204  0.033  0.101  0.006  0.109  0.104
        5  0.94315  -0.087 -0.091 -0.076  0.078  1.000 -0.855  0.057  0.019  0.045 -0.042 -0.011  0.130
        6  0.95499  -0.079 -0.064 -0.069  0.055 -0.855  1.000 -0.461  0.002  0.206  0.078  0.152 -0.073
        7  0.87816   0.255  0.238  0.222 -0.204  0.057 -0.461  1.000 -0.021 -0.692 -0.056 -0.220 -0.080
        8  0.07737  -0.040 -0.039 -0.035  0.033  0.019  0.002 -0.021  1.000  0.013  0.003  0.000 -0.011
        9  0.71424  -0.126 -0.118 -0.109  0.101  0.045  0.206 -0.692  0.013  1.000  0.024  0.102  0.043
       10  0.91619  -0.043 -0.007 -0.037  0.006 -0.042  0.078 -0.056  0.003  0.024  1.000  0.815 -0.779
       11  0.85939  -0.178 -0.127 -0.155  0.109 -0.011  0.152 -0.220  0.000  0.102  0.815  1.000 -0.521
       12  0.81878  -0.091 -0.121 -0.079  0.104  0.130 -0.073 -0.080 -0.011  0.043 -0.779 -0.521  1.000
72 ; 0.851353 ; 1.22007
[#1] INFO:Plotting -- RooAbsPdf::plotOn(modelMRS) directly selected PDF components: (modelBkg)
[#1] INFO:Plotting -- RooAbsPdf::plotOn(modelMRS) indirectly selected PDF components: ()
[#1] INFO:NumericIntegration -- RooRealIntegral::init(modelBkg_Int[x]) using numeric integrator RooIntegrator1D to calculate Int(x)
[#1] INFO:Plotting -- RooAbsPdf::plotOn(modelMRS) directly selected PDF components: (modelSig)
[#1] INFO:Plotting -- RooAbsPdf::plotOn(modelMRS) indirectly selected PDF components: (sig_pdf1,sig_pdf2)
[#1] INFO:NumericIntegration -- RooRealIntegral::init(modelBkg_Int[x]) using numeric integrator RooIntegrator1D to calculate Int(x)
[#1] INFO:NumericIntegration -- RooRealIntegral::init(modelBkg_Int[x]) using numeric integrator RooIntegrator1D to calculate Int(x)
[#1] INFO:Plotting -- RooAbsPdf::plotOn(modelPRS) directly selected PDF components: (modelBkg)
[#1] INFO:Plotting -- RooAbsPdf::plotOn(modelPRS) indirectly selected PDF components: ()
[#1] INFO:NumericIntegration -- RooRealIntegral::init(modelBkg_Int[x]) using numeric integrator RooIntegrator1D to calculate Int(x)
[#1] INFO:Plotting -- RooAbsPdf::plotOn(modelPRS) directly selected PDF components: (modelSig)
[#1] INFO:Plotting -- RooAbsPdf::plotOn(modelPRS) indirectly selected PDF components: (sig_pdf1,sig_pdf2)
[#1] INFO:NumericIntegration -- RooRealIntegral::init(modelBkg_Int[x]) using numeric integrator RooIntegrator1D to calculate Int(x)
[#1] INFO:NumericIntegration -- RooRealIntegral::init(modelBkg_Int[x]) using numeric integrator RooIntegrator1D to calculate Int(x)
PRS chi2: 0.63865 ; MPS chi2: 0.78883
