   ------------------------------------------------------------------
  | Welcome to ROOT 6.24/08                        https://root.cern |
  | (c) 1995-2021, The ROOT Team; conception: R. Brun, F. Rademakers |
  | Built for linuxx8664gcc on Sep 29 2022, 13:04:57                 |
  | From tags/v6-24-08@v6-24-08                                      |
  | With c++ (GCC) 4.8.5 20150623 (Red Hat 4.8.5-44)                 |
  | Try '.help', '.demo', '.license', '.credits', '.quit'/'.q'       |
   ------------------------------------------------------------------


Processing full.C(3,5,"Down","2018")...

[1mRooFit v3.60 -- Developed by Wouter Verkerke and David Kirkby[0m 
                Copyright (C) 2000-2013 NIKHEF, University of California & Stanford University
                All rights reserved, please read http://roofit.sourceforge.net/license.txt

-------------------------
Set LHCb Style - May 2021
-------------------------
../fulltempt/PARAMs/FullMom_3_5.txt
../../../../selection/promptD/results/2018MagDownFullRS.root/DecayTree
[#0] WARNING:InputArguments -- The parameter 'sigma3' with range [0, 10] of the RooGaussian 'sig_pdf2' exceeds the safe range of (0, inf). Advise to limit its range.
[#0] ERROR:Integration --  RooNumIntFactory::Init : libRooFitMore cannot be loaded. GSL integrators will not beavailable ! 
[#1] INFO:NumericIntegration -- RooRealIntegral::init(modelBkg_Int[x]) using numeric integrator RooIntegrator1D to calculate Int(x)
[#1] INFO:NumericIntegration -- RooRealIntegral::init(modelBkg_Int[x]) using numeric integrator RooIntegrator1D to calculate Int(x)
[#1] INFO:NumericIntegration -- RooRealIntegral::init(modelBkg_Int[x]) using numeric integrator RooIntegrator1D to calculate Int(x)
[#1] INFO:NumericIntegration -- RooRealIntegral::init(modelBkg_Int[x]) using numeric integrator RooIntegrator1D to calculate Int(x)
[#1] INFO:Fitting -- RooAddition::defaultErrorLevel(nll) Summation contains a RooNLLVar, using its error level
 **********
 **   13 **MIGRAD        6500           1
 **********
 FIRST CALL TO USER FUNCTION AT NEW START POINT, WITH IFLAG=4.
 START MIGRAD MINIMIZATION.  STRATEGY  1.  CONVERGENCE WHEN EDM .LT. 1.00e-03
 FCN=-21920 FROM MIGRAD    STATUS=INITIATE      134 CALLS         135 TOTAL
                     EDM= unknown      STRATEGY= 1      NO ERROR MATRIX       
  EXT PARAMETER               CURRENT GUESS       STEP         FIRST   
  NO.   NAME      VALUE            ERROR          SIZE      DERIVATIVE 
   1  NbkgMRS      2.27100e+02   1.13550e+02   0.00000e+00  -2.38254e+02
   2  NbkgPRS      2.23400e+02   1.11700e+02   0.00000e+00  -1.37750e+02
   3  NsigMRS      2.04390e+03   1.13550e+02   0.00000e+00   2.64628e+01
   4  NsigPRS      2.01060e+03   1.11700e+02   0.00000e+00   1.52965e+01
   5  am           2.00000e+00   2.00000e+00   0.00000e+00  -1.31340e+02
   6  bm          -7.19078e+00   1.75000e+00   0.00000e+00  -1.04810e+02
   7  cm           7.53013e-01   7.50000e+00  -8.45758e-02  -3.03837e+02
   8  coeffsig     1.00000e-01   5.00000e-02   0.00000e+00  -1.17382e+02
   9  dm0          1.39400e+02   2.00000e+00   0.00000e+00  -2.81177e+02
  10  mean         1.45500e+02   2.10000e+00   0.00000e+00   3.84864e+03
  11  sigma1       5.00000e-01   2.50000e-01   0.00000e+00   1.99338e+01
  12  sigma2       5.00000e-01   2.50000e-01   0.00000e+00   1.38485e+02
  13  sigma3       1.10000e+00   5.50000e-01   0.00000e+00   8.07534e+02
                               ERR DEF= 0.5
 MIGRAD MINIMIZATION HAS CONVERGED.
 MIGRAD WILL VERIFY CONVERGENCE AND ERROR MATRIX.
 COVARIANCE MATRIX CALCULATED SUCCESSFULLY
 FCN=-22042.8 FROM MIGRAD    STATUS=CONVERGED    1541 CALLS        1542 TOTAL
                     EDM=0.00012578    STRATEGY= 1      ERROR MATRIX ACCURATE 
  EXT PARAMETER                                   STEP         FIRST   
  NO.   NAME      VALUE            ERROR          SIZE      DERIVATIVE 
   1  NbkgMRS      3.82290e+02   3.65038e+01   3.01687e-03   9.40591e-02
   2  NbkgPRS      3.11951e+02   3.31468e+01   3.03461e-03   1.05274e-01
   3  NsigMRS      1.88873e+03   5.32112e+01   5.46306e-03  -7.76988e-03
   4  NsigPRS      1.92214e+03   5.19733e+01   6.00724e-03   2.04645e-02
   5  am           8.80039e+00   2.19707e-01   2.62120e-03   9.24496e-02
   6  bm          -2.00000e+01   2.69477e+00   5.75440e-02   2.16773e-03
   7  cm           8.13478e-01   2.30946e-01   3.50179e-04   4.88434e-01
   8  coeffsig     8.83094e-01   3.82538e-02   4.72743e-03  -8.78711e-02
   9  dm0          1.40045e+02   7.69165e-02   6.81554e-04  -1.11002e+00
  10  mean         1.45502e+02   4.68569e-02   1.60796e-04  -9.51808e-01
  11  sigma1       8.80013e-01   4.39988e-02   6.65247e-04   5.59235e-01
  12  sigma2       7.42199e-01   3.51211e-02   6.16853e-04  -1.25243e-02
  13  sigma3       1.98045e+00   2.13129e-01   3.25727e-03   8.83013e-02
                               ERR DEF= 0.5
 EXTERNAL ERROR MATRIX.    NDIM=  28    NPAR= 13    ERR DEF=0.5
 ELEMENTS ABOVE DIAGONAL ARE NOT PRINTED.
  1.333e+03 
  6.052e+02  1.099e+03 
 -9.481e+02 -6.036e+02  2.835e+03 
 -6.032e+02 -7.845e+02  6.016e+02  2.705e+03 
 -4.690e+00 -4.140e+00  4.676e+00  4.125e+00  4.831e-02 
 -2.229e-02 -1.934e-02  2.222e-02  1.926e-02 -5.833e-04  8.255e-05 
  3.119e+00  2.623e+00 -3.107e+00 -2.611e+00 -2.783e-02 -1.941e-04  5.334e-02 
  6.414e-01  5.634e-01 -6.396e-01 -5.615e-01 -3.684e-03 -1.776e-05  2.294e-03  1.470e-03 
 -8.742e-02 -9.566e-02  8.721e-02  9.541e-02  1.804e-03  4.245e-06 -7.469e-03  2.241e-04  5.916e-03 
  4.260e-02  3.144e-02 -4.248e-02 -3.134e-02 -2.151e-04 -1.066e-06 -1.366e-04  3.733e-04  2.214e-05  2.196e-03 
  1.039e-01  8.959e-02 -1.037e-01 -8.936e-02 -5.667e-04 -8.871e-07  1.760e-04  8.892e-04  1.229e-04  1.659e-03  1.936e-03 
  1.511e-01  1.389e-01 -1.507e-01 -1.384e-01 -8.919e-04 -5.058e-06  5.783e-04  4.551e-04  1.311e-04 -1.188e-03 -5.125e-04 
  1.511e-01  1.389e-01 -1.507e-01 -1.384e-01 -8.919e-04 -5.058e-06  5.783e-04  4.551e-04  1.311e-04 -1.188e-03 -5.125e-04  1.234e-03 
  1.296e-01 -1.585e-01 -1.272e-01  1.605e-01 -2.706e-03 -3.473e-05  5.724e-03  5.433e-03  2.451e-03  1.877e-03  4.073e-03 
  1.296e-01 -1.585e-01 -1.272e-01  1.605e-01 -2.706e-03 -3.473e-05  5.724e-03  5.433e-03  2.451e-03  1.877e-03  4.073e-03  1.727e-03  4.547e-02 
 PARAMETER  CORRELATION COEFFICIENTS  
       NO.  GLOBAL      1      2      3      4      5      6      7      8      9     10     11     12     13
        1  0.72881   1.000  0.500 -0.488 -0.318 -0.584 -0.067  0.370  0.458 -0.031  0.025  0.065  0.118  0.017
        2  0.72262   0.500  1.000 -0.342 -0.455 -0.568 -0.064  0.342  0.443 -0.038  0.020  0.061  0.119 -0.022
        3  0.52631  -0.488 -0.342  1.000  0.217  0.400  0.046 -0.253 -0.313  0.021 -0.017 -0.044 -0.081 -0.011
        4  0.48918  -0.318 -0.455  0.217  1.000  0.361  0.041 -0.217 -0.282  0.024 -0.013 -0.039 -0.076  0.014
        5  0.83481  -0.584 -0.568  0.400  0.361  1.000 -0.292 -0.548 -0.437  0.107 -0.021 -0.059 -0.116 -0.058
        6  0.56363  -0.067 -0.064  0.046  0.041 -0.292  1.000 -0.093 -0.051  0.006 -0.003 -0.002 -0.016 -0.018
        7  0.72858   0.370  0.342 -0.253 -0.217 -0.548 -0.093  1.000  0.259 -0.420 -0.013  0.017  0.071  0.116
        8  0.92223   0.458  0.443 -0.313 -0.282 -0.437 -0.051  0.259  1.000  0.076  0.208  0.527  0.338  0.664
        9  0.50846  -0.031 -0.038  0.021  0.024  0.107  0.006 -0.420  0.076  1.000  0.006  0.036  0.049  0.149
       10  0.94156   0.025  0.020 -0.017 -0.013 -0.021 -0.003 -0.013  0.208  0.006  1.000  0.805 -0.722  0.188
       11  0.90854   0.065  0.061 -0.044 -0.039 -0.059 -0.002  0.017  0.527  0.036  0.805  1.000 -0.332  0.434
       12  0.89346   0.118  0.119 -0.081 -0.076 -0.116 -0.016  0.071  0.338  0.049 -0.722 -0.332  1.000  0.231
       13  0.80421   0.017 -0.022 -0.011  0.014 -0.058 -0.018  0.116  0.664  0.149  0.188  0.434  0.231  1.000
 **********
 **   18 **HESSE        6500
 **********
 EIGENVALUES OF SECOND-DERIVATIVE MATRIX:
        -8.3981e-02  4.9894e-02  6.5015e-02  3.4392e-01  4.1152e-01  6.8587e-01  7.8019e-01  1.1565e+00  1.2275e+00  1.3239e+00  2.0230e+00  2.1695e+00  2.8471e+00
 MINUIT WARNING IN HESSE   
 ============== MATRIX FORCED POS-DEF BY ADDING 0.086828 TO DIAGONAL.
 FCN=-22042.8 FROM HESSE     STATUS=NOT POSDEF    145 CALLS        1687 TOTAL
                     EDM=0.00804886    STRATEGY= 1      ERR MATRIX NOT POS-DEF
  EXT PARAMETER                APPROXIMATE     INTERNAL      INTERNAL  
  NO.   NAME      VALUE            ERROR       STEP SIZE       VALUE   
   1  NbkgMRS      3.82290e+02   1.41517e+02   6.03373e-04  -7.25258e-01
   2  NbkgPRS      3.11951e+02   1.47176e+02   6.06923e-04  -8.04847e-01
   3  NsigMRS      1.88873e+03   1.42930e+02   2.18523e-04   7.25288e-01
   4  NsigPRS      1.92214e+03   1.48234e+02   2.40290e-04   8.04967e-01
   5  am           8.80039e+00   4.64234e-01   1.04848e-04   1.07594e+00
   6  bm          -2.00000e+01   3.24218e+00   5.00000e-01  -1.56959e+00
   7  cm           8.13478e-01   9.45973e-01   1.40072e-05  -1.11297e+00
   8  coeffsig     8.83094e-01   3.29065e-02   9.45486e-04   8.72889e-01
   9  dm0          1.40045e+02   8.50881e-01   3.54309e-02   4.51203e-03
  10  mean         1.45502e+02   3.40566e-02   3.21592e-05  -2.89586e-01
  11  sigma1       8.80013e-01   3.39882e-02   1.33049e-04  -9.68430e-01
  12  sigma2       7.42199e-01   3.40099e-02   2.46741e-05  -1.01895e+00
  13  sigma3       1.98045e+00   1.24653e+00   1.30291e-04  -6.48398e-01
                               ERR DEF= 0.5
 EXTERNAL ERROR MATRIX.    NDIM=  28    NPAR= 13    ERR DEF=0.5
 ELEMENTS ABOVE DIAGONAL ARE NOT PRINTED.
  2.021e+04 
  2.049e+04  2.193e+04 
 -1.936e+04 -1.998e+04  2.062e+04 
 -1.993e+04 -2.104e+04  1.944e+04  2.225e+04 
 -6.206e+01 -6.474e+01  6.051e+01  6.298e+01  2.162e-01 
 -1.370e+00 -1.429e+00  1.336e+00  1.391e+00  4.109e-03  1.003e-04 
  1.303e+02  1.361e+02 -1.271e+02 -1.324e+02 -4.142e-01 -9.139e-03  8.950e-01 
  2.551e+00  2.597e+00 -2.487e+00 -2.526e+00 -7.997e-03 -1.771e-04  1.600e-02  1.087e-03 
 -1.172e+02 -1.231e+02  1.143e+02  1.197e+02  3.688e-01  8.137e-03 -7.847e-01 -1.271e-02  7.258e-01 
  1.933e+00  2.025e+00 -1.885e+00 -1.970e+00 -6.063e-03 -1.345e-04  1.276e-02  3.189e-04 -1.186e-02  1.160e-03 
 -2.112e+00 -2.211e+00  2.060e+00  2.151e+00  6.646e-03  1.476e-04 -1.417e-02  1.300e-04  1.291e-02  4.405e-04  1.155e-03 
 -2.961e+00 -3.118e+00  2.888e+00  3.033e+00  9.322e-03  2.052e-04 -1.997e-02 -5.071e-05  1.881e-02 -8.250e-04  1.873e-04 
 -2.961e+00 -3.118e+00  2.888e+00  3.033e+00  9.322e-03  2.052e-04 -1.997e-02 -5.071e-05  1.881e-02 -8.250e-04  1.873e-04  1.157e-03 
 -1.734e+02 -1.822e+02  1.691e+02  1.773e+02  5.446e-01  1.202e-02 -1.154e+00 -1.627e-02  1.070e+00 -1.696e-02  2.065e-02 
 -1.734e+02 -1.822e+02  1.691e+02  1.773e+02  5.446e-01  1.202e-02 -1.154e+00 -1.627e-02  1.070e+00 -1.696e-02  2.065e-02  2.873e-02  1.607e+00 
ERR MATRIX NOT POS-DEF
 PARAMETER  CORRELATION COEFFICIENTS  
       NO.  GLOBAL      1      2      3      4      5      6      7      8      9     10     11     12     13
        1  0.98567   1.000  0.973 -0.948 -0.940 -0.939 -0.962  0.969  0.544 -0.968  0.399 -0.437 -0.612 -0.962
        2  0.98892   0.973  1.000 -0.939 -0.953 -0.940 -0.964  0.972  0.532 -0.976  0.402 -0.439 -0.619 -0.971
        3  0.95318  -0.948 -0.939  1.000  0.907  0.906  0.929 -0.935 -0.525  0.934 -0.385  0.422  0.591  0.929
        4  0.95650  -0.940 -0.953  0.907  1.000  0.908  0.931 -0.939 -0.514  0.942 -0.388  0.424  0.598  0.937
        5  0.96834  -0.939 -0.940  0.906  0.908  1.000  0.882 -0.942 -0.522  0.931 -0.383  0.421  0.589  0.924
        6  0.98322  -0.962 -0.964  0.929  0.931  0.882  1.000 -0.964 -0.536  0.953 -0.394  0.434  0.602  0.947
        7  0.98705   0.969  0.972 -0.935 -0.939 -0.942 -0.964  1.000  0.513 -0.974  0.396 -0.441 -0.621 -0.962
        8  0.90216   0.544  0.532 -0.525 -0.514 -0.522 -0.536  0.513  1.000 -0.453  0.284  0.116 -0.045 -0.389
        9  0.99455  -0.968 -0.976  0.934  0.942  0.931  0.953 -0.974 -0.453  1.000 -0.409  0.446  0.649  0.991
       10  0.89575   0.399  0.402 -0.385 -0.388 -0.383 -0.394  0.396  0.284 -0.409  1.000  0.381 -0.712 -0.393
       11  0.85490  -0.437 -0.439  0.422  0.424  0.421  0.434 -0.441  0.116  0.446  0.381  1.000  0.162  0.479
       12  0.89558  -0.612 -0.619  0.591  0.598  0.589  0.602 -0.621 -0.045  0.649 -0.712  0.162  1.000  0.666
       13  0.99539  -0.962 -0.971  0.929  0.937  0.924  0.947 -0.962 -0.389  0.991 -0.393  0.479  0.666  1.000
 ERR MATRIX NOT POS-DEF
71 ; 1.01586 ; 1.67545
[#1] INFO:Plotting -- RooAbsPdf::plotOn(modelMRS) directly selected PDF components: (modelBkg)
[#1] INFO:Plotting -- RooAbsPdf::plotOn(modelMRS) indirectly selected PDF components: ()
[#1] INFO:NumericIntegration -- RooRealIntegral::init(modelBkg_Int[x]) using numeric integrator RooIntegrator1D to calculate Int(x)
[#1] INFO:Plotting -- RooAbsPdf::plotOn(modelMRS) directly selected PDF components: (modelSig)
[#1] INFO:Plotting -- RooAbsPdf::plotOn(modelMRS) indirectly selected PDF components: (sig_pdf1,sig_pdf2)
[#1] INFO:NumericIntegration -- RooRealIntegral::init(modelBkg_Int[x]) using numeric integrator RooIntegrator1D to calculate Int(x)
[#1] INFO:NumericIntegration -- RooRealIntegral::init(modelBkg_Int[x]) using numeric integrator RooIntegrator1D to calculate Int(x)
[#1] INFO:Plotting -- RooAbsPdf::plotOn(modelPRS) directly selected PDF components: (modelBkg)
[#1] INFO:Plotting -- RooAbsPdf::plotOn(modelPRS) indirectly selected PDF components: ()
[#1] INFO:NumericIntegration -- RooRealIntegral::init(modelBkg_Int[x]) using numeric integrator RooIntegrator1D to calculate Int(x)
[#1] INFO:Plotting -- RooAbsPdf::plotOn(modelPRS) directly selected PDF components: (modelSig)
[#1] INFO:Plotting -- RooAbsPdf::plotOn(modelPRS) indirectly selected PDF components: (sig_pdf1,sig_pdf2)
[#1] INFO:NumericIntegration -- RooRealIntegral::init(modelBkg_Int[x]) using numeric integrator RooIntegrator1D to calculate Int(x)
[#1] INFO:NumericIntegration -- RooRealIntegral::init(modelBkg_Int[x]) using numeric integrator RooIntegrator1D to calculate Int(x)
PRS chi2: 0.830735 ; MPS chi2: 1.06564
