   ------------------------------------------------------------------
  | Welcome to ROOT 6.24/08                        https://root.cern |
  | (c) 1995-2021, The ROOT Team; conception: R. Brun, F. Rademakers |
  | Built for linuxx8664gcc on Sep 29 2022, 13:04:57                 |
  | From tags/v6-24-08@v6-24-08                                      |
  | With c++ (GCC) 4.8.5 20150623 (Red Hat 4.8.5-44)                 |
  | Try '.help', '.demo', '.license', '.credits', '.quit'/'.q'       |
   ------------------------------------------------------------------


Processing full.C(3,5,"Up","2018")...

[1mRooFit v3.60 -- Developed by Wouter Verkerke and David Kirkby[0m 
                Copyright (C) 2000-2013 NIKHEF, University of California & Stanford University
                All rights reserved, please read http://roofit.sourceforge.net/license.txt

-------------------------
Set LHCb Style - May 2021
-------------------------
../fulltempt/PARAMs/FullMom_3_5.txt
../../../../selection/promptD/results/2018MagUpFullRS.root/DecayTree
[#0] WARNING:InputArguments -- The parameter 'sigma3' with range [0, 10] of the RooGaussian 'sig_pdf2' exceeds the safe range of (0, inf). Advise to limit its range.
[#0] ERROR:Integration --  RooNumIntFactory::Init : libRooFitMore cannot be loaded. GSL integrators will not beavailable ! 
[#1] INFO:NumericIntegration -- RooRealIntegral::init(modelBkg_Int[x]) using numeric integrator RooIntegrator1D to calculate Int(x)
[#1] INFO:NumericIntegration -- RooRealIntegral::init(modelBkg_Int[x]) using numeric integrator RooIntegrator1D to calculate Int(x)
[#1] INFO:NumericIntegration -- RooRealIntegral::init(modelBkg_Int[x]) using numeric integrator RooIntegrator1D to calculate Int(x)
[#1] INFO:NumericIntegration -- RooRealIntegral::init(modelBkg_Int[x]) using numeric integrator RooIntegrator1D to calculate Int(x)
[#1] INFO:Fitting -- RooAddition::defaultErrorLevel(nll) Summation contains a RooNLLVar, using its error level
 **********
 **   13 **MIGRAD        6500           1
 **********
 FIRST CALL TO USER FUNCTION AT NEW START POINT, WITH IFLAG=4.
 START MIGRAD MINIMIZATION.  STRATEGY  1.  CONVERGENCE WHEN EDM .LT. 1.00e-03
 FCN=-22475.5 FROM MIGRAD    STATUS=INITIATE      136 CALLS         137 TOTAL
                     EDM= unknown      STRATEGY= 1      NO ERROR MATRIX       
  EXT PARAMETER               CURRENT GUESS       STEP         FIRST   
  NO.   NAME      VALUE            ERROR          SIZE      DERIVATIVE 
   1  NbkgMRS      2.34400e+02   1.17200e+02   0.00000e+00  -2.54092e+02
   2  NbkgPRS      2.26900e+02   1.13450e+02   0.00000e+00  -1.71284e+02
   3  NsigMRS      2.10960e+03   1.17200e+02   0.00000e+00   2.82223e+01
   4  NsigPRS      2.04210e+03   1.13450e+02   0.00000e+00   1.90221e+01
   5  am           2.00000e+00   2.00000e+00   0.00000e+00  -1.30589e+02
   6  bm          -7.17176e+00   1.75000e+00   0.00000e+00  -1.04336e+02
   7  cm           1.52021e+00   7.50000e+00  -6.82711e-02  -3.02122e+01
   8  coeffsig     1.00000e-01   5.00000e-02   0.00000e+00  -1.10029e+02
   9  dm0          1.39400e+02   2.00000e+00   0.00000e+00  -1.34588e+02
  10  mean         1.45500e+02   2.10000e+00   0.00000e+00   4.33621e+03
  11  sigma1       5.00000e-01   2.50000e-01   0.00000e+00  -3.46425e+01
  12  sigma2       5.00000e-01   2.50000e-01   0.00000e+00   1.63806e+02
  13  sigma3       1.10000e+00   5.50000e-01   0.00000e+00   6.01050e+02
                               ERR DEF= 0.5
 MIGRAD MINIMIZATION HAS CONVERGED.
 FCN=-22618 FROM MIGRAD    STATUS=CONVERGED     936 CALLS         937 TOTAL
                     EDM=3.04182e-05    STRATEGY= 1  ERROR MATRIX UNCERTAINTY   2.8 per cent
  EXT PARAMETER                                   STEP         FIRST   
  NO.   NAME      VALUE            ERROR          SIZE      DERIVATIVE 
   1  NbkgMRS      3.15731e+02   3.04769e+01   1.78006e-04   1.94645e-02
   2  NbkgPRS      2.52892e+02   2.84115e+01   2.14262e-04  -1.41404e-02
   3  NsigMRS      2.02833e+03   5.14294e+01   7.86152e-04   1.20102e-02
   4  NsigPRS      2.01616e+03   5.22087e+01   5.23101e-04   1.13688e-02
   5  am           3.13110e+00   8.59996e-01  -6.51847e-04  -1.69094e-02
   6  bm          -5.55944e+00   6.70535e-01  -7.68639e-04  -5.31349e-03
   7  cm           1.01216e+00   3.91769e-01   9.09338e-05  -6.79603e-01
   8  coeffsig     7.14197e-01   3.68544e-02  -6.37449e-04   3.26979e-02
   9  dm0          1.39823e+02   8.49361e-02  -2.86820e-05  -1.00498e-01
  10  mean         1.45234e+02   4.81328e-02  -5.17044e-05   2.33510e+00
  11  sigma1       6.06038e-01   4.99373e-02  -2.21289e-04  -2.14054e-01
  12  sigma2       8.48498e-01   3.83686e-02   3.01941e-05   1.62063e-01
  13  sigma3       1.69916e+00   1.13300e-01  -3.22105e-04  -3.58004e-02
                               ERR DEF= 0.5
 EXTERNAL ERROR MATRIX.    NDIM=  28    NPAR= 13    ERR DEF=0.5
 ELEMENTS ABOVE DIAGONAL ARE NOT PRINTED.
  9.293e+02 
  5.165e+02  8.076e+02 
 -6.734e+02 -5.422e+02  2.649e+03 
 -5.507e+02 -5.785e+02  5.251e+02  2.731e+03 
 -1.641e+01 -1.504e+01  1.708e+01  1.597e+01  7.416e-01 
 -1.339e+01 -1.239e+01  1.326e+01  1.276e+01  4.652e-01  4.505e-01 
  3.011e+00  2.448e+00 -2.020e+00 -2.438e+00 -1.663e-01 -1.188e-01  1.535e-01 
  5.262e-02  3.903e-02 -1.616e-01 -7.498e-02 -7.339e-03  4.181e-04  6.529e-04  1.361e-03 
 -7.763e-02 -1.241e-01  1.134e-01  2.027e-01  1.140e-03  4.889e-03 -1.262e-02  6.211e-04  7.214e-03 
 -1.118e-01 -1.175e-01 -1.088e-01 -6.927e-03 -2.383e-03  5.031e-03 -1.242e-03  5.318e-04  9.980e-04  2.317e-03 
 -1.440e-01 -1.562e-01 -3.517e-02  1.714e-02 -3.045e-03  6.361e-03 -1.198e-03  1.159e-03  1.035e-03  2.017e-03  2.494e-03 
  6.928e-02  7.343e-02  7.632e-02  4.642e-02  6.015e-04 -2.561e-03  3.616e-04  1.188e-04 -4.742e-04 -1.439e-03 -9.320e-04 
  6.928e-02  7.343e-02  7.632e-02  4.642e-02  6.015e-04 -2.561e-03  3.616e-04  1.188e-04 -4.742e-04 -1.439e-03 -9.320e-04  1.472e-03 
 -1.419e+00 -1.379e+00  1.366e+00  1.380e+00  2.069e-02  3.836e-02 -2.572e-03  2.838e-03  1.915e-03  2.118e-03  3.364e-03 
 -1.419e+00 -1.379e+00  1.366e+00  1.380e+00  2.069e-02  3.836e-02 -2.572e-03  2.838e-03  1.915e-03  2.118e-03  3.364e-03 -5.426e-04  1.284e-02 
 PARAMETER  CORRELATION COEFFICIENTS  
       NO.  GLOBAL      1      2      3      4      5      6      7      8      9     10     11     12     13
        1  0.73606   1.000  0.596 -0.429 -0.346 -0.625 -0.654  0.252  0.047 -0.030 -0.076 -0.095  0.059 -0.411
        2  0.73678   0.596  1.000 -0.371 -0.390 -0.615 -0.650  0.220  0.037 -0.051 -0.086 -0.110  0.067 -0.428
        3  0.50098  -0.429 -0.371  1.000  0.195  0.385  0.384 -0.100 -0.085  0.026 -0.044 -0.014  0.039  0.234
        4  0.44601  -0.346 -0.390  0.195  1.000  0.355  0.364 -0.119 -0.039  0.046 -0.003  0.007  0.023  0.233
        5  0.87644  -0.625 -0.615  0.385  0.355  1.000  0.805 -0.493 -0.231  0.016 -0.057 -0.071  0.018  0.212
        6  0.88982  -0.654 -0.650  0.384  0.364  0.805  1.000 -0.452  0.017  0.086  0.156  0.190 -0.099  0.504
        7  0.67358   0.252  0.220 -0.100 -0.119 -0.493 -0.452  1.000  0.045 -0.379 -0.066 -0.061  0.024 -0.058
        8  0.89400   0.047  0.037 -0.085 -0.039 -0.231  0.017  0.045  1.000  0.198  0.299  0.629  0.084  0.679
        9  0.51113  -0.030 -0.051  0.026  0.046  0.016  0.086 -0.379  0.198  1.000  0.244  0.244 -0.145  0.199
       10  0.94374  -0.076 -0.086 -0.044 -0.003 -0.057  0.156 -0.066  0.299  0.244  1.000  0.839 -0.779  0.388
       11  0.93370  -0.095 -0.110 -0.014  0.007 -0.071  0.190 -0.061  0.629  0.244  0.839  1.000 -0.486  0.594
       12  0.85673   0.059  0.067  0.039  0.023  0.018 -0.099  0.024  0.084 -0.145 -0.779 -0.486  1.000 -0.125
       13  0.89011  -0.411 -0.428  0.234  0.233  0.212  0.504 -0.058  0.679  0.199  0.388  0.594 -0.125  1.000
 **********
 **   18 **HESSE        6500
 **********
 COVARIANCE MATRIX CALCULATED SUCCESSFULLY
 FCN=-22618 FROM HESSE     STATUS=OK            151 CALLS        1088 TOTAL
                     EDM=0.000856945    STRATEGY= 1      ERROR MATRIX ACCURATE 
  EXT PARAMETER                                INTERNAL      INTERNAL  
  NO.   NAME      VALUE            ERROR       STEP SIZE       VALUE   
   1  NbkgMRS      3.15731e+02   3.25796e+01   2.91469e-03  -8.19207e-01
   2  NbkgPRS      2.52892e+02   3.01032e+01   2.98014e-03  -8.90028e-01
   3  NsigMRS      2.02833e+03   5.25935e+01   6.01300e-03   8.19278e-01
   4  NsigPRS      2.01616e+03   5.15802e+01   6.69186e-03   8.90098e-01
   5  am           3.13110e+00   2.04497e+00   7.54007e-03   3.18466e-01
   6  bm          -5.55944e+00   3.01197e+00   1.14725e-02   4.60120e-01
   7  cm           1.01216e+00   4.05257e-01   6.75312e-04  -1.10871e+00
   8  coeffsig     7.14197e-01   3.57390e-02   3.72709e-03   4.42714e-01
   9  dm0          1.39823e+02   7.92734e-02   7.52253e-04  -1.77430e-02
  10  mean         1.45234e+02   5.08752e-02   1.60273e-04  -3.16267e-01
  11  sigma1       6.06038e-01   5.01455e-02   7.47488e-04  -1.07333e+00
  12  sigma2       8.48498e-01   3.92927e-02   6.95363e-04  -9.79646e-01
  13  sigma3       1.69916e+00   1.15228e-01   1.55185e-03  -7.21041e-01
                               ERR DEF= 0.5
 EXTERNAL ERROR MATRIX.    NDIM=  28    NPAR= 13    ERR DEF=0.5
 ELEMENTS ABOVE DIAGONAL ARE NOT PRINTED.
  1.062e+03 
  5.023e+02  9.067e+02 
 -7.433e+02 -5.004e+02  2.770e+03 
 -4.999e+02 -6.507e+02  4.980e+02  2.665e+03 
 -1.109e+01 -9.820e+00  1.104e+01  9.773e+00  4.248e+00 
 -2.446e+01 -2.289e+01  2.436e+01  2.278e+01 -5.090e+00  9.436e+00 
  2.297e+00  1.604e+00 -2.284e+00 -1.592e+00 -7.553e-02 -2.449e-01  1.642e-01 
  1.134e-01  1.047e-01 -1.127e-01 -1.038e-01 -8.241e-04 -1.065e-02  1.339e-03  1.280e-03 
 -8.262e-02 -1.122e-01  8.250e-02  1.119e-01  3.097e-03  1.706e-03 -7.203e-03  3.630e-04  6.284e-03 
 -5.130e-02  3.153e-03  5.134e-02 -2.876e-03  3.365e-03 -5.231e-03 -2.248e-03  5.638e-04  2.117e-04  2.588e-03 
 -8.793e-02 -4.612e-02  8.794e-02  4.628e-02  3.757e-03 -4.841e-03 -1.303e-03  1.109e-03  3.636e-04  2.184e-03  2.515e-03 
  4.954e-02  1.774e-02 -4.946e-02 -1.777e-02 -1.795e-03  6.256e-04  1.353e-03  1.072e-04 -1.880e-05 -1.601e-03 -1.033e-03 
  4.954e-02  1.774e-02 -4.946e-02 -1.777e-02 -1.795e-03  6.256e-04  1.353e-03  1.072e-04 -1.880e-05 -1.601e-03 -1.033e-03  1.544e-03 
 -1.471e+00 -1.409e+00  1.467e+00  1.404e+00  2.615e-02  3.268e-02  3.562e-03  2.658e-03  1.477e-03  1.872e-03  3.081e-03 
 -1.471e+00 -1.409e+00  1.467e+00  1.404e+00  2.615e-02  3.268e-02  3.562e-03  2.658e-03  1.477e-03  1.872e-03  3.081e-03 -4.039e-04  1.328e-02 
 PARAMETER  CORRELATION COEFFICIENTS  
       NO.  GLOBAL      1      2      3      4      5      6      7      8      9     10     11     12     13
        1  0.72457   1.000  0.512 -0.433 -0.297 -0.165 -0.244  0.174  0.097 -0.032 -0.031 -0.054  0.039 -0.392
        2  0.73275   0.512  1.000 -0.316 -0.419 -0.158 -0.247  0.131  0.097 -0.047  0.002 -0.031  0.015 -0.406
        3  0.47163  -0.433 -0.316  1.000  0.183  0.102  0.151 -0.107 -0.060  0.020  0.019  0.033 -0.024  0.242
        4  0.45134  -0.297 -0.419  0.183  1.000  0.092  0.144 -0.076 -0.056  0.027 -0.001  0.018 -0.009  0.236
        5  0.94271  -0.165 -0.158  0.102  0.092  1.000 -0.804 -0.090 -0.011  0.019  0.032  0.036 -0.022  0.110
        6  0.94711  -0.244 -0.247  0.151  0.144 -0.804  1.000 -0.197 -0.097  0.007 -0.033 -0.031  0.005  0.092
        7  0.65766   0.174  0.131 -0.107 -0.076 -0.090 -0.197  1.000  0.092 -0.224 -0.109 -0.064  0.085  0.076
        8  0.89134   0.097  0.097 -0.060 -0.056 -0.011 -0.097  0.092  1.000  0.128  0.310  0.618  0.076  0.645
        9  0.33994  -0.032 -0.047  0.020  0.027  0.019  0.007 -0.224  0.128  1.000  0.052  0.091 -0.006  0.162
       10  0.95310  -0.031  0.002  0.019 -0.001  0.032 -0.033 -0.109  0.310  0.052  1.000  0.856 -0.801  0.319
       11  0.93949  -0.054 -0.031  0.033  0.018  0.036 -0.031 -0.064  0.618  0.091  0.856  1.000 -0.524  0.533
       12  0.88003   0.039  0.015 -0.024 -0.009 -0.022  0.005  0.085  0.076 -0.006 -0.801 -0.524  1.000 -0.089
       13  0.87369  -0.392 -0.406  0.242  0.236  0.110  0.092  0.076  0.645  0.162  0.319  0.533 -0.089  1.000
71 ; 1.21132 ; 1.18867
[#1] INFO:Plotting -- RooAbsPdf::plotOn(modelMRS) directly selected PDF components: (modelBkg)
[#1] INFO:Plotting -- RooAbsPdf::plotOn(modelMRS) indirectly selected PDF components: ()
[#1] INFO:NumericIntegration -- RooRealIntegral::init(modelBkg_Int[x]) using numeric integrator RooIntegrator1D to calculate Int(x)
[#1] INFO:Plotting -- RooAbsPdf::plotOn(modelMRS) directly selected PDF components: (modelSig)
[#1] INFO:Plotting -- RooAbsPdf::plotOn(modelMRS) indirectly selected PDF components: (sig_pdf1,sig_pdf2)
[#1] INFO:NumericIntegration -- RooRealIntegral::init(modelBkg_Int[x]) using numeric integrator RooIntegrator1D to calculate Int(x)
[#1] INFO:NumericIntegration -- RooRealIntegral::init(modelBkg_Int[x]) using numeric integrator RooIntegrator1D to calculate Int(x)
[#1] INFO:Plotting -- RooAbsPdf::plotOn(modelPRS) directly selected PDF components: (modelBkg)
[#1] INFO:Plotting -- RooAbsPdf::plotOn(modelPRS) indirectly selected PDF components: ()
[#1] INFO:NumericIntegration -- RooRealIntegral::init(modelBkg_Int[x]) using numeric integrator RooIntegrator1D to calculate Int(x)
[#1] INFO:Plotting -- RooAbsPdf::plotOn(modelPRS) directly selected PDF components: (modelSig)
[#1] INFO:Plotting -- RooAbsPdf::plotOn(modelPRS) indirectly selected PDF components: (sig_pdf1,sig_pdf2)
[#1] INFO:NumericIntegration -- RooRealIntegral::init(modelBkg_Int[x]) using numeric integrator RooIntegrator1D to calculate Int(x)
[#1] INFO:NumericIntegration -- RooRealIntegral::init(modelBkg_Int[x]) using numeric integrator RooIntegrator1D to calculate Int(x)
PRS chi2: 0.993244 ; MPS chi2: 0.799261
