   ------------------------------------------------------------------
  | Welcome to ROOT 6.24/08                        https://root.cern |
  | (c) 1995-2021, The ROOT Team; conception: R. Brun, F. Rademakers |
  | Built for linuxx8664gcc on Sep 29 2022, 13:04:57                 |
  | From tags/v6-24-08@v6-24-08                                      |
  | With c++ (GCC) 4.8.5 20150623 (Red Hat 4.8.5-44)                 |
  | Try '.help', '.demo', '.license', '.credits', '.quit'/'.q'       |
   ------------------------------------------------------------------


Processing full.C(2,1,"Down","2017")...

[1mRooFit v3.60 -- Developed by Wouter Verkerke and David Kirkby[0m 
                Copyright (C) 2000-2013 NIKHEF, University of California & Stanford University
                All rights reserved, please read http://roofit.sourceforge.net/license.txt

-------------------------
Set LHCb Style - May 2021
-------------------------
../fulltempt/PARAMs/FullMom_2_1.txt
[#0] WARNING:InputArguments -- The parameter 'sigma3' with range [0, 10] of the RooGaussian 'sig_pdf2' exceeds the safe range of (0, inf). Advise to limit its range.
[#0] ERROR:Integration --  RooNumIntFactory::Init : libRooFitMore cannot be loaded. GSL integrators will not beavailable ! 
[#1] INFO:Fitting -- RooAddition::defaultErrorLevel(nll) Summation contains a RooNLLVar, using its error level
 **********
 **   13 **MIGRAD        4500           1
 **********
 FIRST CALL TO USER FUNCTION AT NEW START POINT, WITH IFLAG=4.
 START MIGRAD MINIMIZATION.  STRATEGY  1.  CONVERGENCE WHEN EDM .LT. 1.00e-03
 FCN=-363420 FROM MIGRAD    STATUS=INITIATE       76 CALLS          77 TOTAL
                     EDM= unknown      STRATEGY= 1      NO ERROR MATRIX       
  EXT PARAMETER               CURRENT GUESS       STEP         FIRST   
  NO.   NAME      VALUE            ERROR          SIZE      DERIVATIVE 
   1  NbkgMRS      5.04040e+03   2.52020e+03   0.00000e+00   6.44466e+02
   2  NbkgPRS      4.86880e+03   2.43440e+03   0.00000e+00   8.42764e+02
   3  NsigMRS      2.01616e+04   2.52020e+03   0.00000e+00  -1.61213e+02
   4  NsigPRS      1.94752e+04   2.43440e+03   0.00000e+00  -2.10786e+02
   5  coeffsig     5.29095e-01   5.00000e-02   9.85518e-01   5.12135e+01
   6  mean         1.45500e+02   2.10000e+00   0.00000e+00  -3.22388e+04
   7  sigma1       5.00000e-01   2.50000e-01   0.00000e+00   1.49038e+03
   8  sigma2       5.00000e-01   2.50000e-01   0.00000e+00  -4.71199e+03
   9  sigma3       1.10000e+00   5.50000e-01   0.00000e+00   1.44216e+03
                               ERR DEF= 0.5
 MIGRAD MINIMIZATION HAS CONVERGED.
 MIGRAD WILL VERIFY CONVERGENCE AND ERROR MATRIX.
 COVARIANCE MATRIX CALCULATED SUCCESSFULLY
 FCN=-363626 FROM MIGRAD    STATUS=CONVERGED     464 CALLS         465 TOTAL
                     EDM=0.000119133    STRATEGY= 1      ERROR MATRIX ACCURATE 
  EXT PARAMETER                                   STEP         FIRST   
  NO.   NAME      VALUE            ERROR          SIZE      DERIVATIVE 
   1  NbkgMRS      4.33944e+03   8.63019e+01   3.47841e-03   1.25999e-01
   2  NbkgPRS      4.03054e+03   8.30808e+01   3.53217e-03  -1.46128e-01
   3  NsigMRS      2.08632e+04   1.54802e+02   6.53979e-03   2.46998e-01
   4  NsigPRS      2.03142e+04   1.52247e+02   6.77833e-03   3.53331e-01
   5  coeffsig     7.59071e-01   2.15735e-02   5.14789e-03   3.76530e-01
   6  mean         1.45518e+02   1.60660e-02   1.68150e-04   3.16748e+00
   7  sigma1       5.98122e-01   1.04124e-02   7.82465e-04  -3.09335e+00
   8  sigma2       6.60553e-01   2.04346e-02   8.63114e-04  -1.65602e+00
   9  sigma3       1.40304e+00   5.25581e-02   2.24191e-03   3.39147e-02
                               ERR DEF= 0.5
 EXTERNAL ERROR MATRIX.    NDIM=  25    NPAR=  9    ERR DEF=0.5
  7.448e+03  8.726e+02 -3.098e+03 -8.716e+02 -2.545e-01  4.296e-02 -8.522e-02 -1.675e-01 -1.144e+00 
  8.726e+02  6.903e+03 -8.716e+02 -2.862e+03 -2.373e-01  3.528e-02 -8.364e-02 -1.522e-01 -1.075e+00 
 -3.098e+03 -8.716e+02  2.397e+04  8.707e+02  2.548e-01 -4.309e-02  8.520e-02  1.676e-01  1.144e+00 
 -8.716e+02 -2.862e+03  8.707e+02  2.318e+04  2.376e-01 -3.544e-02  8.361e-02  1.524e-01  1.075e+00 
 -2.545e-01 -2.373e-01  2.548e-01  2.376e-01  4.658e-04 -2.028e-04  5.642e-05  3.689e-04  1.036e-03 
  4.296e-02  3.528e-02 -4.309e-02 -3.544e-02 -2.028e-04  2.581e-04  9.247e-05 -2.888e-04 -4.085e-04 
 -8.522e-02 -8.364e-02  8.520e-02  8.361e-02  5.642e-05  9.247e-05  1.084e-04 -3.833e-05  1.478e-04 
 -1.675e-01 -1.522e-01  1.676e-01  1.524e-01  3.689e-04 -2.888e-04 -3.833e-05  4.176e-04  7.720e-04 
 -1.144e+00 -1.075e+00  1.144e+00  1.075e+00  1.036e-03 -4.085e-04  1.478e-04  7.720e-04  2.763e-03 
 PARAMETER  CORRELATION COEFFICIENTS  
       NO.  GLOBAL      1      2      3      4      5      6      7      8      9
        1  0.38936   1.000  0.122 -0.232 -0.066 -0.137  0.031 -0.095 -0.095 -0.252
        2  0.38255   0.122  1.000 -0.068 -0.226 -0.132  0.026 -0.097 -0.090 -0.246
        3  0.26215  -0.232 -0.068  1.000  0.037  0.076 -0.017  0.053  0.053  0.141
        4  0.25488  -0.066 -0.226  0.037  1.000  0.072 -0.014  0.053  0.049  0.134
        5  0.96954  -0.137 -0.132  0.076  0.072  1.000 -0.585  0.251  0.836  0.913
        6  0.96746   0.031  0.026 -0.017 -0.014 -0.585  1.000  0.553 -0.880 -0.484
        7  0.90384  -0.095 -0.097  0.053  0.053  0.251  0.553  1.000 -0.180  0.270
        8  0.96775  -0.095 -0.090  0.053  0.049  0.836 -0.880 -0.180  1.000  0.719
        9  0.93453  -0.252 -0.246  0.141  0.134  0.913 -0.484  0.270  0.719  1.000
 **********
 **   18 **HESSE        4500
 **********
 COVARIANCE MATRIX CALCULATED SUCCESSFULLY
 FCN=-363626 FROM HESSE     STATUS=OK             73 CALLS         538 TOTAL
                     EDM=0.00012015    STRATEGY= 1      ERROR MATRIX ACCURATE 
  EXT PARAMETER                                INTERNAL      INTERNAL  
  NO.   NAME      VALUE            ERROR       STEP SIZE       VALUE   
   1  NbkgMRS      4.33944e+03   8.65995e+01   1.39136e-04  -7.15013e-01
   2  NbkgPRS      4.03054e+03   8.33503e+01   1.41287e-04  -7.32685e-01
   3  NsigMRS      2.08632e+04   1.54993e+02   2.61591e-04   7.15076e-01
   4  NsigPRS      2.03142e+04   1.52420e+02   2.71133e-04   7.32765e-01
   5  coeffsig     7.59071e-01   2.26421e-02   1.02958e-03   5.44677e-01
   6  mean         1.45518e+02   1.67526e-02   3.36300e-05  -2.87945e-01
   7  sigma1       5.98122e-01   1.05219e-02   1.56493e-04  -1.07665e+00
   8  sigma2       6.60553e-01   2.15264e-02   3.45246e-05  -1.05094e+00
   9  sigma3       1.40304e+00   5.48893e-02   8.96766e-05  -8.02927e-01
                               ERR DEF= 0.5
 EXTERNAL ERROR MATRIX.    NDIM=  25    NPAR=  9    ERR DEF=0.5
  7.500e+03  9.185e+02 -3.160e+03 -9.186e+02 -2.970e-01  6.264e-02 -8.956e-02 -2.021e-01 -1.249e+00 
  9.185e+02  6.947e+03 -9.186e+02 -2.917e+03 -2.766e-01  5.326e-02 -8.781e-02 -1.841e-01 -1.172e+00 
 -3.160e+03 -9.186e+02  2.403e+04  9.186e+02  2.970e-01 -6.264e-02  8.956e-02  2.021e-01  1.249e+00 
 -9.186e+02 -2.917e+03  9.186e+02  2.323e+04  2.766e-01 -5.327e-02  8.782e-02  1.841e-01  1.172e+00 
 -2.970e-01 -2.766e-01  2.970e-01  2.766e-01  5.131e-04 -2.318e-04  5.658e-05  4.137e-04  1.144e-03 
  6.264e-02  5.326e-02 -6.264e-02 -5.327e-02 -2.318e-04  2.806e-04  9.567e-05 -3.203e-04 -4.723e-04 
 -8.956e-02 -8.781e-02  8.956e-02  8.782e-02  5.658e-05  9.567e-05  1.107e-04 -4.095e-05  1.499e-04 
 -2.021e-01 -1.841e-01  2.021e-01  1.841e-01  4.137e-04 -3.203e-04 -4.095e-05  4.634e-04  8.724e-04 
 -1.249e+00 -1.172e+00  1.249e+00  1.172e+00  1.144e-03 -4.723e-04  1.499e-04  8.724e-04  3.013e-03 
 PARAMETER  CORRELATION COEFFICIENTS  
       NO.  GLOBAL      1      2      3      4      5      6      7      8      9
        1  0.39676   1.000  0.127 -0.235 -0.070 -0.151  0.043 -0.098 -0.108 -0.263
        2  0.38969   0.127  1.000 -0.071 -0.230 -0.146  0.038 -0.100 -0.103 -0.256
        3  0.26647  -0.235 -0.071  1.000  0.039  0.085 -0.024  0.055  0.061  0.147
        4  0.25897  -0.070 -0.230  0.039  1.000  0.080 -0.021  0.055  0.056  0.140
        5  0.97239  -0.151 -0.146  0.085  0.080  1.000 -0.611  0.237  0.848  0.920
        6  0.97011   0.043  0.038 -0.024 -0.021 -0.611  1.000  0.543 -0.888 -0.514
        7  0.90594  -0.098 -0.100  0.055  0.055  0.237  0.543  1.000 -0.181  0.259
        8  0.97099  -0.108 -0.103  0.061  0.056  0.848 -0.888 -0.181  1.000  0.738
        9  0.94015  -0.263 -0.256  0.147  0.140  0.920 -0.514  0.259  0.738  1.000
75 ; 2.73853 ; 2.74825
[#1] INFO:Plotting -- RooAbsPdf::plotOn(modelMRS) directly selected PDF components: (modelBkg)
[#1] INFO:Plotting -- RooAbsPdf::plotOn(modelMRS) indirectly selected PDF components: ()
[#1] INFO:Plotting -- RooAbsPdf::plotOn(modelMRS) directly selected PDF components: (modelSig)
[#1] INFO:Plotting -- RooAbsPdf::plotOn(modelMRS) indirectly selected PDF components: (sig_pdf1,sig_pdf2)
[#1] INFO:Plotting -- RooAbsPdf::plotOn(modelPRS) directly selected PDF components: (modelBkg)
[#1] INFO:Plotting -- RooAbsPdf::plotOn(modelPRS) indirectly selected PDF components: ()
[#1] INFO:Plotting -- RooAbsPdf::plotOn(modelPRS) directly selected PDF components: (modelSig)
[#1] INFO:Plotting -- RooAbsPdf::plotOn(modelPRS) indirectly selected PDF components: (sig_pdf1,sig_pdf2)
PRS chi2: 2.71668 ; MPS chi2: 2.89706
