   ------------------------------------------------------------------
  | Welcome to ROOT 6.24/08                        https://root.cern |
  | (c) 1995-2021, The ROOT Team; conception: R. Brun, F. Rademakers |
  | Built for linuxx8664gcc on Sep 29 2022, 13:04:57                 |
  | From tags/v6-24-08@v6-24-08                                      |
  | With c++ (GCC) 4.8.5 20150623 (Red Hat 4.8.5-44)                 |
  | Try '.help', '.demo', '.license', '.credits', '.quit'/'.q'       |
   ------------------------------------------------------------------


Processing full.C(2,1,"Up","2017")...

[1mRooFit v3.60 -- Developed by Wouter Verkerke and David Kirkby[0m 
                Copyright (C) 2000-2013 NIKHEF, University of California & Stanford University
                All rights reserved, please read http://roofit.sourceforge.net/license.txt

-------------------------
Set LHCb Style - May 2021
-------------------------
../fulltempt/PARAMs/FullMom_2_1.txt
[#0] WARNING:InputArguments -- The parameter 'sigma3' with range [0, 10] of the RooGaussian 'sig_pdf2' exceeds the safe range of (0, inf). Advise to limit its range.
[#0] ERROR:Integration --  RooNumIntFactory::Init : libRooFitMore cannot be loaded. GSL integrators will not beavailable ! 
[#1] INFO:Fitting -- RooAddition::defaultErrorLevel(nll) Summation contains a RooNLLVar, using its error level
 **********
 **   13 **MIGRAD        4500           1
 **********
 FIRST CALL TO USER FUNCTION AT NEW START POINT, WITH IFLAG=4.
 START MIGRAD MINIMIZATION.  STRATEGY  1.  CONVERGENCE WHEN EDM .LT. 1.00e-03
 FCN=-353452 FROM MIGRAD    STATUS=INITIATE       76 CALLS          77 TOTAL
                     EDM= unknown      STRATEGY= 1      NO ERROR MATRIX       
  EXT PARAMETER               CURRENT GUESS       STEP         FIRST   
  NO.   NAME      VALUE            ERROR          SIZE      DERIVATIVE 
   1  NbkgMRS      4.97860e+03   2.48930e+03   0.00000e+00   7.45559e+02
   2  NbkgPRS      4.70000e+03   2.35000e+03   0.00000e+00   6.90686e+02
   3  NsigMRS      1.99144e+04   2.48930e+03   0.00000e+00  -1.86483e+02
   4  NsigPRS      1.88000e+04   2.35000e+03   0.00000e+00  -1.72765e+02
   5  coeffsig     5.10543e-01   5.00000e-02   9.48382e-01  -6.49642e+01
   6  mean         1.45500e+02   2.10000e+00   0.00000e+00  -2.88065e+04
   7  sigma1       5.00000e-01   2.50000e-01   0.00000e+00   1.07125e+03
   8  sigma2       5.00000e-01   2.50000e-01   0.00000e+00  -4.00046e+03
   9  sigma3       1.10000e+00   5.50000e-01   0.00000e+00   2.07791e+03
                               ERR DEF= 0.5
 MIGRAD MINIMIZATION HAS CONVERGED.
 FCN=-353651 FROM MIGRAD    STATUS=CONVERGED     400 CALLS         401 TOTAL
                     EDM=7.91304e-06    STRATEGY= 1  ERROR MATRIX UNCERTAINTY   2.4 per cent
  EXT PARAMETER                                   STEP         FIRST   
  NO.   NAME      VALUE            ERROR          SIZE      DERIVATIVE 
   1  NbkgMRS      4.21277e+03   8.56108e+01  -8.38605e-06   9.38055e-02
   2  NbkgPRS      3.99642e+03   8.30449e+01  -1.69907e-05   1.47271e-01
   3  NsigMRS      2.06804e+04   1.47106e+02   7.22889e-05  -6.32318e-02
   4  NsigPRS      1.95037e+04   1.42993e+02   7.83458e-05  -8.81133e-02
   5  coeffsig     7.60927e-01   2.18959e-02   9.33955e-05  -1.43015e-01
   6  mean         1.45539e+02   1.53361e-02   4.26990e-06  -3.78738e+00
   7  sigma1       6.23978e-01   1.07071e-02   3.33800e-05   4.31151e-01
   8  sigma2       6.46507e-01   1.91956e-02   1.60636e-05  -3.83182e-01
   9  sigma3       1.41767e+00   5.38286e-02   9.23027e-06   4.14037e-01
                               ERR DEF= 0.5
 EXTERNAL ERROR MATRIX.    NDIM=  25    NPAR=  9    ERR DEF=0.5
  7.329e+03  7.350e+02 -2.212e+03 -2.046e+03 -3.356e-01  4.603e-02 -1.017e-01 -1.968e-01 -1.330e+00 
  7.350e+02  6.897e+03 -2.116e+03 -1.978e+03 -2.925e-01  3.097e-02 -9.410e-02 -1.635e-01 -1.187e+00 
 -2.212e+03 -2.116e+03  2.164e+04  3.558e+03  3.842e-01 -3.550e-02  1.054e-01  2.024e-01  1.428e+00 
 -2.046e+03 -1.978e+03  3.558e+03  2.045e+04  3.571e-01 -2.859e-02  1.064e-01  1.925e-01  1.304e+00 
 -3.356e-01 -2.925e-01  3.842e-01  3.571e-01  4.799e-04 -1.696e-04  7.006e-05  3.401e-04  1.075e-03 
  4.603e-02  3.097e-02 -3.550e-02 -2.859e-02 -1.696e-04  2.352e-04  9.437e-05 -2.517e-04 -3.492e-04 
 -1.017e-01 -9.410e-02  1.054e-01  1.064e-01  7.006e-05  9.437e-05  1.146e-04 -3.330e-05  1.721e-04 
 -1.968e-01 -1.635e-01  2.024e-01  1.925e-01  3.401e-04 -2.517e-04 -3.330e-05  3.685e-04  7.299e-04 
 -1.330e+00 -1.187e+00  1.428e+00  1.304e+00  1.075e-03 -3.492e-04  1.721e-04  7.299e-04  2.898e-03 
 PARAMETER  CORRELATION COEFFICIENTS  
       NO.  GLOBAL      1      2      3      4      5      6      7      8      9
        1  0.38450   1.000  0.103 -0.176 -0.167 -0.179  0.035 -0.111 -0.120 -0.289
        2  0.36490   0.103  1.000 -0.173 -0.167 -0.161  0.024 -0.106 -0.103 -0.266
        3  0.28518  -0.176 -0.173  1.000  0.169  0.119 -0.016  0.067  0.072  0.180
        4  0.27245  -0.167 -0.167  0.169  1.000  0.114 -0.013  0.070  0.070  0.169
        5  0.96181  -0.179 -0.161  0.119  0.114  1.000 -0.505  0.299  0.809  0.911
        6  0.96271   0.035  0.024 -0.016 -0.013 -0.505  1.000  0.575 -0.855 -0.423
        7  0.89923  -0.111 -0.106  0.067  0.070  0.299  0.575  1.000 -0.162  0.299
        8  0.96291  -0.120 -0.103  0.072  0.070  0.809 -0.855 -0.162  1.000  0.706
        9  0.92928  -0.289 -0.266  0.180  0.169  0.911 -0.423  0.299  0.706  1.000
 **********
 **   18 **HESSE        4500
 **********
 COVARIANCE MATRIX CALCULATED SUCCESSFULLY
 FCN=-353651 FROM HESSE     STATUS=OK             89 CALLS         490 TOTAL
                     EDM=2.5845e-05    STRATEGY= 1      ERROR MATRIX ACCURATE 
  EXT PARAMETER                                INTERNAL      INTERNAL  
  NO.   NAME      VALUE            ERROR       STEP SIZE       VALUE   
   1  NbkgMRS      4.21277e+03   8.51764e+01   3.44418e-03  -7.22857e-01
   2  NbkgPRS      3.99642e+03   8.23500e+01   3.54549e-03  -7.20657e-01
   3  NsigMRS      2.06804e+04   1.53990e+02   6.53776e-03   7.22872e-01
   4  NsigPRS      1.95037e+04   1.49262e+02   6.71331e-03   7.20669e-01
   5  coeffsig     7.60927e-01   2.00103e-02   5.16444e-03   5.49023e-01
   6  mean         1.45539e+02   1.49083e-02   1.69041e-04  -2.85838e-01
   7  sigma1       6.23978e-01   1.04531e-02   7.77925e-04  -1.06586e+00
   8  sigma2       6.46507e-01   1.83516e-02   8.51143e-04  -1.05662e+00
   9  sigma3       1.41767e+00   5.11972e-02   2.26831e-03  -7.98723e-01
                               ERR DEF= 0.5
 EXTERNAL ERROR MATRIX.    NDIM=  25    NPAR=  9    ERR DEF=0.5
  7.255e+03  8.574e+02 -3.032e+03 -8.563e+02 -2.204e-01  1.434e-02 -8.345e-02 -1.320e-01 -1.116e+00 
  8.574e+02  6.782e+03 -8.563e+02 -2.775e+03 -1.939e-01  1.185e-02 -7.555e-02 -1.167e-01 -1.008e+00 
 -3.032e+03 -8.563e+02  2.371e+04  8.553e+02  2.207e-01 -1.446e-02  8.343e-02  1.321e-01  1.116e+00 
 -8.563e+02 -2.775e+03  8.553e+02  2.228e+04  1.943e-01 -1.199e-02  7.552e-02  1.168e-01  1.008e+00 
 -2.204e-01 -1.939e-01  2.207e-01  1.943e-01  4.007e-04 -1.508e-04  5.936e-05  2.969e-04  9.255e-04 
  1.434e-02  1.185e-02 -1.446e-02 -1.199e-02 -1.508e-04  2.223e-04  9.150e-05 -2.331e-04 -3.139e-04 
 -8.345e-02 -7.555e-02  8.343e-02  7.552e-02  5.936e-05  9.150e-05  1.093e-04 -3.411e-05  1.512e-04 
 -1.320e-01 -1.167e-01  1.321e-01  1.168e-01  2.969e-04 -2.331e-04 -3.411e-05  3.368e-04  6.480e-04 
 -1.116e+00 -1.008e+00  1.116e+00  1.008e+00  9.255e-04 -3.139e-04  1.512e-04  6.480e-04  2.621e-03 
 PARAMETER  CORRELATION COEFFICIENTS  
       NO.  GLOBAL      1      2      3      4      5      6      7      8      9
        1  0.39411   1.000  0.122 -0.231 -0.067 -0.129  0.011 -0.094 -0.084 -0.256
        2  0.37852   0.122  1.000 -0.068 -0.226 -0.118  0.010 -0.088 -0.077 -0.239
        3  0.26204  -0.231 -0.068  1.000  0.037  0.072 -0.006  0.052  0.047  0.142
        4  0.25468  -0.067 -0.226  0.037  1.000  0.065 -0.005  0.048  0.043  0.132
        5  0.96342  -0.129 -0.118  0.072  0.065  1.000 -0.505  0.284  0.808  0.903
        6  0.96053   0.011  0.010 -0.006 -0.005 -0.505  1.000  0.587 -0.852 -0.411
        7  0.89881  -0.094 -0.088  0.052  0.048  0.284  0.587  1.000 -0.178  0.283
        8  0.96066  -0.084 -0.077  0.047  0.043  0.808 -0.852 -0.178  1.000  0.690
        9  0.92646  -0.256 -0.239  0.142  0.132  0.903 -0.411  0.283  0.690  1.000
75 ; 2.49763 ; 2.78668
[#1] INFO:Plotting -- RooAbsPdf::plotOn(modelMRS) directly selected PDF components: (modelBkg)
[#1] INFO:Plotting -- RooAbsPdf::plotOn(modelMRS) indirectly selected PDF components: ()
[#1] INFO:Plotting -- RooAbsPdf::plotOn(modelMRS) directly selected PDF components: (modelSig)
[#1] INFO:Plotting -- RooAbsPdf::plotOn(modelMRS) indirectly selected PDF components: (sig_pdf1,sig_pdf2)
[#1] INFO:Plotting -- RooAbsPdf::plotOn(modelPRS) directly selected PDF components: (modelBkg)
[#1] INFO:Plotting -- RooAbsPdf::plotOn(modelPRS) indirectly selected PDF components: ()
[#1] INFO:Plotting -- RooAbsPdf::plotOn(modelPRS) directly selected PDF components: (modelSig)
[#1] INFO:Plotting -- RooAbsPdf::plotOn(modelPRS) indirectly selected PDF components: (sig_pdf1,sig_pdf2)
PRS chi2: 2.46111 ; MPS chi2: 2.76268
