   ------------------------------------------------------------------
  | Welcome to ROOT 6.24/08                        https://root.cern |
  | (c) 1995-2021, The ROOT Team; conception: R. Brun, F. Rademakers |
  | Built for linuxx8664gcc on Sep 29 2022, 13:04:57                 |
  | From tags/v6-24-08@v6-24-08                                      |
  | With c++ (GCC) 4.8.5 20150623 (Red Hat 4.8.5-44)                 |
  | Try '.help', '.demo', '.license', '.credits', '.quit'/'.q'       |
   ------------------------------------------------------------------


Processing part.C(5,"Up","2016")...

[1mRooFit v3.60 -- Developed by Wouter Verkerke and David Kirkby[0m 
                Copyright (C) 2000-2013 NIKHEF, University of California & Stanford University
                All rights reserved, please read http://roofit.sourceforge.net/license.txt

-------------------------
Set LHCb Style - May 2021
-------------------------
../parttempt/PARAMs/PartMom_5.txt
[#0] ERROR:Integration --  RooNumIntFactory::Init : libRooFitMore cannot be loaded. GSL integrators will not beavailable ! 
[#1] INFO:NumericIntegration -- RooRealIntegral::init(modelSig_clone_Int[x]) using numeric integrator RooIntegrator1D to calculate Int(x)
[#1] INFO:NumericIntegration -- RooRealIntegral::init(modelSig_clone_Int[x]) using numeric integrator RooIntegrator1D to calculate Int(x)
[#1] INFO:NumericIntegration -- RooRealIntegral::init(modelSig_clone_Int[x]) using numeric integrator RooIntegrator1D to calculate Int(x)
[#1] INFO:NumericIntegration -- RooRealIntegral::init(modelSig_clone_Int[x]) using numeric integrator RooIntegrator1D to calculate Int(x)
[#1] INFO:Fitting -- RooAddition::defaultErrorLevel(nll) Summation contains a RooNLLVar, using its error level
 **********
 **   13 **MIGRAD        4000           1
 **********
 FIRST CALL TO USER FUNCTION AT NEW START POINT, WITH IFLAG=4.
 START MIGRAD MINIMIZATION.  STRATEGY  1.  CONVERGENCE WHEN EDM .LT. 1.00e-03
 FCN=-214180 FROM MIGRAD    STATUS=INITIATE       34 CALLS          35 TOTAL
                     EDM= unknown      STRATEGY= 1      NO ERROR MATRIX       
  EXT PARAMETER               CURRENT GUESS       STEP         FIRST   
  NO.   NAME      VALUE            ERROR          SIZE      DERIVATIVE 
   1  NbkgMRS      5.14384e+03   1.97840e+03   2.31984e-01  -1.23776e+03
   2  NbkgPRS      5.01176e+03   1.92760e+03   2.31984e-01  -1.24554e+03
   3  NsigMRS      1.46402e+04   1.97840e+03   2.31984e-01   4.34763e+02
   4  NsigPRS      1.42642e+04   1.92760e+03   2.31984e-01   4.37502e+02
   5  mean         1.45000e+02   1.50000e+00   7.44232e-02   3.54661e+04
   6  offset       1.39000e+02   5.00000e+00   2.47523e-01   2.65055e+04
   7  sigma        3.00000e+00   4.00000e-01   2.35352e-01  -2.31581e+03
   8  sigma2       6.80000e+00   3.40000e+00   1.39617e-01   1.69038e+04
                               ERR DEF= 0.5
 MIGRAD FAILS TO FIND IMPROVEMENT
 COVARIANCE MATRIX CALCULATED SUCCESSFULLY
 FCN=-217633 FROM HESSE     STATUS=OK             63 CALLS         166 TOTAL
                     EDM=33.5856    STRATEGY= 1      ERROR MATRIX ACCURATE 
  EXT PARAMETER                                   STEP         FIRST   
  NO.   NAME      VALUE            ERROR          SIZE      DERIVATIVE 
   1  NbkgMRS      6.28063e+03   1.23624e+02   3.41076e-03   1.63791e+02
   2  NbkgPRS      6.15923e+03   1.22447e+02   3.45086e-03   1.52942e+02
   3  NsigMRS      1.35420e+04   1.48165e+02   4.95906e-03  -4.96211e+01
   4  NsigPRS      1.31494e+04   1.46334e+02   5.02661e-03  -4.92978e+01
   5  mean         1.41880e+02   2.30529e-03   6.21171e-04   3.57549e+03
   6  offset       1.37904e+02   7.24952e-02   8.56245e-05   2.73145e+03
   7  sigma        3.32151e+00   2.02453e-01   3.74881e-02  -1.92749e+01
   8  sigma2       7.17418e+00   5.22605e-02   4.67158e-04   2.89288e+03
                               ERR DEF= 0.5
 MIGRAD MINIMIZATION HAS CONVERGED.
 MIGRAD WILL VERIFY CONVERGENCE AND ERROR MATRIX.
 COVARIANCE MATRIX CALCULATED SUCCESSFULLY
 FCN=-217717 FROM MIGRAD    STATUS=CONVERGED     615 CALLS         616 TOTAL
                     EDM=0.000104907    STRATEGY= 1      ERROR MATRIX ACCURATE 
  EXT PARAMETER                                   STEP         FIRST   
  NO.   NAME      VALUE            ERROR          SIZE      DERIVATIVE 
   1  NbkgMRS      5.87903e+03   1.21703e+02   3.66517e-03   8.74639e-02
   2  NbkgPRS      5.76833e+03   1.20670e+02   3.71662e-03   5.05905e-02
   3  NsigMRS      1.39050e+04   1.51067e+02   4.66281e-03   1.34439e-02
   4  NsigPRS      1.35077e+04   1.49280e+02   4.71203e-03   7.82608e-03
   5  mean         1.41987e+02   1.57349e-01   3.68665e-04  -1.83235e+00
   6  offset       1.33799e+02   1.07303e+00   4.46882e-03  -3.89153e-01
   7  sigma        1.79210e+00   9.62204e-02   5.87407e-03   1.41084e-02
   8  sigma2       7.51640e+00   7.93285e-02   5.62036e-04  -1.84317e+00
                               ERR DEF= 0.5
 EXTERNAL ERROR MATRIX.    NDIM=  25    NPAR=  8    ERR DEF=0.5
  1.481e+04  1.852e+03 -8.916e+03 -1.851e+03 -2.075e-01  1.424e+01  5.393e-01 -3.040e+00 
  1.852e+03  1.456e+04 -1.851e+03 -8.776e+03 -2.156e-01  1.444e+01  5.437e-01 -3.035e+00 
 -8.916e+03 -1.851e+03  2.282e+04  1.851e+03  2.079e-01 -1.424e+01 -5.393e-01  3.040e+00 
 -1.851e+03 -8.776e+03  1.851e+03  2.229e+04  2.159e-01 -1.444e+01 -5.438e-01  3.034e+00 
 -2.075e-01 -2.156e-01  2.079e-01  2.159e-01  2.476e-02 -1.315e-01  1.197e-02 -3.905e-03 
  1.424e+01  1.444e+01 -1.424e+01 -1.444e+01 -1.315e-01  1.152e+00 -3.270e-02 -1.560e-02 
  5.393e-01  5.437e-01 -5.393e-01 -5.438e-01  1.197e-02 -3.270e-02  9.266e-03 -3.983e-03 
 -3.040e+00 -3.035e+00  3.040e+00  3.034e+00 -3.905e-03 -1.560e-02 -3.983e-03  6.293e-03 
 PARAMETER  CORRELATION COEFFICIENTS  
       NO.  GLOBAL      1      2      3      4      5      6      7      8
        1  0.53469   1.000  0.126 -0.485 -0.102 -0.011  0.109  0.046 -0.315
        2  0.53672   0.126  1.000 -0.102 -0.487 -0.011  0.111  0.047 -0.317
        3  0.49987  -0.485 -0.102  1.000  0.082  0.009 -0.088 -0.037  0.254
        4  0.50226  -0.102 -0.487  0.082  1.000  0.009 -0.090 -0.038  0.256
        5  0.97716  -0.011 -0.011  0.009  0.009  1.000 -0.779  0.790 -0.313
        6  0.95312   0.109  0.111 -0.088 -0.090 -0.779  1.000 -0.316 -0.183
        7  0.92630   0.046  0.047 -0.037 -0.038  0.790 -0.316  1.000 -0.522
        8  0.81477  -0.315 -0.317  0.254  0.256 -0.313 -0.183 -0.522  1.000
 **********
 **   18 **HESSE        4000
 **********
 COVARIANCE MATRIX CALCULATED SUCCESSFULLY
 FCN=-217717 FROM HESSE     STATUS=OK             61 CALLS         677 TOTAL
                     EDM=9.29073e-05    STRATEGY= 1      ERROR MATRIX ACCURATE 
  EXT PARAMETER                                INTERNAL      INTERNAL  
  NO.   NAME      VALUE            ERROR       STEP SIZE       VALUE   
   1  NbkgMRS      5.87903e+03   1.21771e+02   1.46607e-04  -4.17721e-01
   2  NbkgPRS      5.76833e+03   1.20733e+02   1.48665e-04  -4.13156e-01
   3  NsigMRS      1.39050e+04   1.51170e+02   1.86512e-04   4.17730e-01
   4  NsigPRS      1.35077e+04   1.49379e+02   1.88481e-04   4.13161e-01
   5  mean         1.41987e+02   1.55686e-01   1.47466e-05   1.16488e+00
   6  offset       1.33799e+02   9.87081e-01   1.78753e-04   3.59681e-01
   7  sigma        1.79210e+00   1.00535e-01   2.34963e-04  -1.04137e-01
   8  sigma2       7.51640e+00   8.05037e-02   2.24814e-05  -1.01536e+00
                               ERR DEF= 0.5
 EXTERNAL ERROR MATRIX.    NDIM=  25    NPAR=  8    ERR DEF=0.5
  1.483e+04  1.846e+03 -8.949e+03 -1.846e+03  1.970e-01  1.119e+01  6.602e-01 -3.045e+00 
  1.846e+03  1.458e+04 -1.846e+03 -8.808e+03  1.931e-01  1.135e+01  6.656e-01 -3.039e+00 
 -8.949e+03 -1.846e+03  2.285e+04  1.845e+03 -1.970e-01 -1.119e+01 -6.602e-01  3.045e+00 
 -1.846e+03 -8.808e+03  1.845e+03  2.232e+04 -1.931e-01 -1.135e+01 -6.657e-01  3.039e+00 
  1.970e-01  1.931e-01 -1.970e-01 -1.931e-01  2.424e-02 -1.153e-01  1.284e-02 -5.012e-03 
  1.119e+01  1.135e+01 -1.119e+01 -1.135e+01 -1.153e-01  9.749e-01 -3.229e-02 -9.880e-03 
  6.602e-01  6.656e-01 -6.602e-01 -6.657e-01  1.284e-02 -3.229e-02  1.012e-02 -4.547e-03 
 -3.045e+00 -3.039e+00  3.045e+00  3.039e+00 -5.012e-03 -9.880e-03 -4.547e-03  6.481e-03 
 PARAMETER  CORRELATION COEFFICIENTS  
       NO.  GLOBAL      1      2      3      4      5      6      7      8
        1  0.53543   1.000  0.126 -0.486 -0.101  0.010  0.093  0.054 -0.311
        2  0.53742   0.126  1.000 -0.101 -0.488  0.010  0.095  0.055 -0.313
        3  0.50089  -0.486 -0.101  1.000  0.082 -0.008 -0.075 -0.043  0.250
        4  0.50324  -0.101 -0.488  0.082  1.000 -0.008 -0.077 -0.044  0.253
        5  0.97666   0.010  0.010 -0.008 -0.008  1.000 -0.750  0.820 -0.400
        6  0.94432   0.093  0.095 -0.075 -0.077 -0.750  1.000 -0.325 -0.124
        7  0.93271   0.054  0.055 -0.043 -0.044  0.820 -0.325  1.000 -0.562
        8  0.82073  -0.311 -0.313  0.250  0.253 -0.400 -0.124 -0.562  1.000
62 ; 2.46312 ; 2.39423
[#1] INFO:Plotting -- RooAbsPdf::plotOn(modelMRS) directly selected PDF components: (modelBkg)
[#1] INFO:Plotting -- RooAbsPdf::plotOn(modelMRS) indirectly selected PDF components: ()
[#1] INFO:NumericIntegration -- RooRealIntegral::init(modelSig_clone_Int[x]) using numeric integrator RooIntegrator1D to calculate Int(x)
[#1] INFO:Plotting -- RooAbsPdf::plotOn(modelMRS) directly selected PDF components: (modelSig)
[#1] INFO:Plotting -- RooAbsPdf::plotOn(modelMRS) indirectly selected PDF components: (gaubifur,acc)
[#1] INFO:NumericIntegration -- RooRealIntegral::init(modelSig_clone_Int[x]) using numeric integrator RooIntegrator1D to calculate Int(x)
[#1] INFO:NumericIntegration -- RooRealIntegral::init(modelSig_clone_Int[x]) using numeric integrator RooIntegrator1D to calculate Int(x)
[#1] INFO:Plotting -- RooAbsPdf::plotOn(modelPRS) directly selected PDF components: (modelBkg)
[#1] INFO:Plotting -- RooAbsPdf::plotOn(modelPRS) indirectly selected PDF components: ()
[#1] INFO:NumericIntegration -- RooRealIntegral::init(modelSig_clone_Int[x]) using numeric integrator RooIntegrator1D to calculate Int(x)
[#1] INFO:Plotting -- RooAbsPdf::plotOn(modelPRS) directly selected PDF components: (modelSig)
[#1] INFO:Plotting -- RooAbsPdf::plotOn(modelPRS) indirectly selected PDF components: (gaubifur,acc)
[#1] INFO:NumericIntegration -- RooRealIntegral::init(modelSig_clone_Int[x]) using numeric integrator RooIntegrator1D to calculate Int(x)
[#1] INFO:NumericIntegration -- RooRealIntegral::init(modelSig_clone_Int[x]) using numeric integrator RooIntegrator1D to calculate Int(x)
PRS chi2: 2.3506 ; MPS chi2: 2.31404
