   ------------------------------------------------------------------
  | Welcome to ROOT 6.24/08                        https://root.cern |
  | (c) 1995-2021, The ROOT Team; conception: R. Brun, F. Rademakers |
  | Built for linuxx8664gcc on Sep 29 2022, 13:04:57                 |
  | From tags/v6-24-08@v6-24-08                                      |
  | With c++ (GCC) 4.8.5 20150623 (Red Hat 4.8.5-44)                 |
  | Try '.help', '.demo', '.license', '.credits', '.quit'/'.q'       |
   ------------------------------------------------------------------


Processing full.C(0,2,"Up","2018")...

[1mRooFit v3.60 -- Developed by Wouter Verkerke and David Kirkby[0m 
                Copyright (C) 2000-2013 NIKHEF, University of California & Stanford University
                All rights reserved, please read http://roofit.sourceforge.net/license.txt

-------------------------
Set LHCb Style - May 2021
-------------------------
../fulltempt/PARAMs/FullMom_0_2.txt
[#0] WARNING:InputArguments -- The parameter 'sigma3' with range [0, 10] of the RooGaussian 'sig_pdf2' exceeds the safe range of (0, inf). Advise to limit its range.
[#0] ERROR:Integration --  RooNumIntFactory::Init : libRooFitMore cannot be loaded. GSL integrators will not beavailable ! 
[#1] INFO:Fitting -- RooAddition::defaultErrorLevel(nll) Summation contains a RooNLLVar, using its error level
 **********
 **   13 **MIGRAD        4500           1
 **********
 FIRST CALL TO USER FUNCTION AT NEW START POINT, WITH IFLAG=4.
 START MIGRAD MINIMIZATION.  STRATEGY  1.  CONVERGENCE WHEN EDM .LT. 1.00e-03
 FCN=-100762 FROM MIGRAD    STATUS=INITIATE       40 CALLS          41 TOTAL
                     EDM= unknown      STRATEGY= 1      NO ERROR MATRIX       
  EXT PARAMETER               CURRENT GUESS       STEP         FIRST   
  NO.   NAME      VALUE            ERROR          SIZE      DERIVATIVE 
   1  NbkgMRS      1.78600e+03   8.93000e+02   2.57889e-01  -1.60416e+03
   2  NbkgPRS      1.69700e+03   8.48500e+02   2.57889e-01  -1.42018e+03
   3  NsigMRS      7.14400e+03   8.93000e+02   2.57889e-01   4.00999e+02
   4  NsigPRS      6.78800e+03   8.48500e+02   2.57889e-01   3.55004e+02
   5  coeffsig     9.00000e-01   5.00000e-02   1.72186e-01   2.53895e+03
   6  mean         1.45500e+02   2.10000e+00   2.10680e-01   6.74453e+03
   7  sigma1       6.00000e-01   3.00000e-01   1.30610e-01  -3.76394e+03
   8  sigma2       6.00000e-01   3.00000e-01   1.30610e-01  -1.67190e+03
   9  sigma3       3.60000e+00   1.00000e+00   2.10285e-01  -3.63016e+02
                               ERR DEF= 0.5
 MIGRAD MINIMIZATION HAS CONVERGED.
 MIGRAD WILL VERIFY CONVERGENCE AND ERROR MATRIX.
 COVARIANCE MATRIX CALCULATED SUCCESSFULLY
 FCN=-101660 FROM MIGRAD    STATUS=CONVERGED     357 CALLS         358 TOTAL
                     EDM=5.06719e-05    STRATEGY= 1      ERROR MATRIX ACCURATE 
  EXT PARAMETER                                   STEP         FIRST   
  NO.   NAME      VALUE            ERROR          SIZE      DERIVATIVE 
   1  NbkgMRS      2.73088e+03   7.74701e+01   3.55542e-03   1.09907e-01
   2  NbkgPRS      2.48282e+03   7.27609e+01   3.61643e-03  -2.67406e-01
   3  NsigMRS      6.19913e+03   9.72797e+01   4.61927e-03  -4.08126e-02
   4  NsigPRS      6.00212e+03   9.38516e+01   4.81654e-03   7.18601e-02
   5  coeffsig     7.38336e-01   8.98485e-03   3.38153e-03  -7.11419e-02
   6  mean         1.45409e+02   1.77496e-02   1.62370e-04  -5.46798e-01
   7  sigma1       5.32663e-01   1.50241e-02   7.81819e-04   5.68884e-01
   8  sigma2       6.18444e-01   1.36086e-02   7.30555e-04  -9.13460e-02
   9  sigma3       3.16817e+00   9.24805e-02   3.71823e-03  -1.31573e-03
                               ERR DEF= 0.5
 EXTERNAL ERROR MATRIX.    NDIM=  25    NPAR=  9    ERR DEF=0.5
  6.002e+03  8.492e+02 -3.265e+03 -8.486e+02  2.021e-01 -3.781e-02 -5.237e-02  7.526e-03 -9.845e-01 
  8.492e+02  5.295e+03 -8.486e+02 -2.806e+03  1.867e-01 -2.653e-02 -3.344e-02  7.736e-03 -7.430e-01 
 -3.265e+03 -8.486e+02  9.465e+03  8.481e+02 -2.019e-01  3.791e-02  5.239e-02 -7.614e-03  9.853e-01 
 -8.486e+02 -2.806e+03  8.481e+02  8.810e+03 -1.865e-01  2.663e-02  3.348e-02 -7.814e-03  7.440e-01 
  2.021e-01  1.867e-01 -2.019e-01 -1.865e-01  8.074e-05  1.930e-05  4.096e-05  1.525e-05  2.756e-04 
 -3.781e-02 -2.653e-02  3.791e-02  2.663e-02  1.930e-05  3.150e-04  2.138e-04 -1.831e-04  4.166e-04 
 -5.237e-02 -3.344e-02  5.239e-02  3.348e-02  4.096e-05  2.138e-04  2.257e-04 -9.776e-05  5.114e-04 
  7.526e-03  7.736e-03 -7.614e-03 -7.814e-03  1.525e-05 -1.831e-04 -9.776e-05  1.852e-04 -3.538e-05 
 -9.845e-01 -7.430e-01  9.853e-01  7.440e-01  2.756e-04  4.166e-04  5.114e-04 -3.538e-05  8.554e-03 
 PARAMETER  CORRELATION COEFFICIENTS  
       NO.  GLOBAL      1      2      3      4      5      6      7      8      9
        1  0.51439   1.000  0.151 -0.433 -0.117  0.290 -0.027 -0.045  0.007 -0.137
        2  0.49046   0.151  1.000 -0.120 -0.411  0.286 -0.021 -0.031  0.008 -0.110
        3  0.46135  -0.433 -0.120  1.000  0.093 -0.231  0.022  0.036 -0.006  0.110
        4  0.43655  -0.117 -0.411  0.093  1.000 -0.221  0.016  0.024 -0.006  0.086
        5  0.65993   0.290  0.286 -0.231 -0.221  1.000  0.121  0.303  0.125  0.332
        6  0.90892  -0.027 -0.021  0.022  0.016  0.121  1.000  0.802 -0.758  0.254
        7  0.84750  -0.045 -0.031  0.036  0.024  0.303  0.802  1.000 -0.478  0.368
        8  0.80936   0.007  0.008 -0.006 -0.006  0.125 -0.758 -0.478  1.000 -0.028
        9  0.52710  -0.137 -0.110  0.110  0.086  0.332  0.254  0.368 -0.028  1.000
 **********
 **   18 **HESSE        4500
 **********
 COVARIANCE MATRIX CALCULATED SUCCESSFULLY
 FCN=-101660 FROM HESSE     STATUS=OK             75 CALLS         433 TOTAL
                     EDM=5.08218e-05    STRATEGY= 1      ERROR MATRIX ACCURATE 
  EXT PARAMETER                                INTERNAL      INTERNAL  
  NO.   NAME      VALUE            ERROR       STEP SIZE       VALUE   
   1  NbkgMRS      2.73088e+03   7.75663e+01   1.42217e-04  -3.98874e-01
   2  NbkgPRS      2.48282e+03   7.28303e+01   7.23286e-04  -4.27694e-01
   3  NsigMRS      6.19913e+03   9.73814e+01   1.84771e-04   3.98877e-01
   4  NsigPRS      6.00212e+03   9.39314e+01   1.92661e-04   4.27678e-01
   5  coeffsig     7.38336e-01   8.99640e-03   1.35261e-04   4.96865e-01
   6  mean         1.45409e+02   1.79019e-02   3.24739e-05  -2.98787e-01
   7  sigma1       5.32663e-01   1.51268e-02   3.12727e-05  -1.10501e+00
   8  sigma2       6.18444e-01   1.37000e-02   2.92222e-05  -1.06815e+00
   9  sigma3       3.16817e+00   9.28091e-02   1.48729e-04  -3.75101e-01
                               ERR DEF= 0.5
 EXTERNAL ERROR MATRIX.    NDIM=  25    NPAR=  9    ERR DEF=0.5
  6.017e+03  8.564e+02 -3.286e+03 -8.566e+02  2.014e-01 -4.070e-02 -5.558e-02  8.217e-03 -1.014e+00 
  8.564e+02  5.305e+03 -8.564e+02 -2.822e+03  1.862e-01 -2.881e-02 -3.598e-02  8.250e-03 -7.661e-01 
 -3.286e+03 -8.564e+02  9.485e+03  8.565e+02 -2.014e-01  4.070e-02  5.558e-02 -8.220e-03  1.014e+00 
 -8.566e+02 -2.822e+03  8.565e+02  8.825e+03 -1.862e-01  2.883e-02  3.600e-02 -8.264e-03  7.665e-01 
  2.014e-01  1.862e-01 -2.014e-01 -1.862e-01  8.095e-05  1.980e-05  4.149e-05  1.510e-05  2.785e-04 
 -4.070e-02 -2.881e-02  4.070e-02  2.883e-02  1.980e-05  3.205e-04  2.178e-04 -1.867e-04  4.288e-04 
 -5.558e-02 -3.598e-02  5.558e-02  3.600e-02  4.149e-05  2.178e-04  2.288e-04 -1.002e-04  5.232e-04 
  8.217e-03  8.250e-03 -8.220e-03 -8.264e-03  1.510e-05 -1.867e-04 -1.002e-04  1.877e-04 -4.030e-05 
 -1.014e+00 -7.661e-01  1.014e+00  7.665e-01  2.785e-04  4.288e-04  5.232e-04 -4.030e-05  8.615e-03 
 PARAMETER  CORRELATION COEFFICIENTS  
       NO.  GLOBAL      1      2      3      4      5      6      7      8      9
        1  0.51615   1.000  0.152 -0.435 -0.118  0.289 -0.029 -0.047  0.008 -0.141
        2  0.49193   0.152  1.000 -0.121 -0.412  0.284 -0.022 -0.033  0.008 -0.113
        3  0.46312  -0.435 -0.121  1.000  0.094 -0.230  0.023  0.038 -0.006  0.112
        4  0.43812  -0.118 -0.412  0.094  1.000 -0.220  0.017  0.025 -0.006  0.088
        5  0.66103   0.289  0.284 -0.230 -0.220  1.000  0.123  0.305  0.123  0.334
        6  0.91054  -0.029 -0.022  0.023  0.017  0.123  1.000  0.804 -0.761  0.258
        7  0.84975  -0.047 -0.033  0.038  0.025  0.305  0.804  1.000 -0.483  0.373
        8  0.81219   0.008  0.008 -0.006 -0.006  0.123 -0.761 -0.483  1.000 -0.032
        9  0.53190  -0.141 -0.113  0.112  0.088  0.334  0.258  0.373 -0.032  1.000
75 ; 4.74913 ; 5.23667
[#1] INFO:Plotting -- RooAbsPdf::plotOn(modelMRS) directly selected PDF components: (modelBkg)
[#1] INFO:Plotting -- RooAbsPdf::plotOn(modelMRS) indirectly selected PDF components: ()
[#1] INFO:Plotting -- RooAbsPdf::plotOn(modelMRS) directly selected PDF components: (modelSig)
[#1] INFO:Plotting -- RooAbsPdf::plotOn(modelMRS) indirectly selected PDF components: (sig_pdf1,sig_pdf2)
[#1] INFO:Plotting -- RooAbsPdf::plotOn(modelPRS) directly selected PDF components: (modelBkg)
[#1] INFO:Plotting -- RooAbsPdf::plotOn(modelPRS) indirectly selected PDF components: ()
[#1] INFO:Plotting -- RooAbsPdf::plotOn(modelPRS) directly selected PDF components: (modelSig)
[#1] INFO:Plotting -- RooAbsPdf::plotOn(modelPRS) indirectly selected PDF components: (sig_pdf1,sig_pdf2)
PRS chi2: 4.01374 ; MPS chi2: 4.4537
