   ------------------------------------------------------------------
  | Welcome to ROOT 6.24/08                        https://root.cern |
  | (c) 1995-2021, The ROOT Team; conception: R. Brun, F. Rademakers |
  | Built for linuxx8664gcc on Sep 29 2022, 13:04:57                 |
  | From tags/v6-24-08@v6-24-08                                      |
  | With c++ (GCC) 4.8.5 20150623 (Red Hat 4.8.5-44)                 |
  | Try '.help', '.demo', '.license', '.credits', '.quit'/'.q'       |
   ------------------------------------------------------------------


Processing full.C(1,0,"Up","2016")...

[1mRooFit v3.60 -- Developed by Wouter Verkerke and David Kirkby[0m 
                Copyright (C) 2000-2013 NIKHEF, University of California & Stanford University
                All rights reserved, please read http://roofit.sourceforge.net/license.txt

-------------------------
Set LHCb Style - May 2021
-------------------------
../fulltempt/PARAMs/FullMom_1_0.txt
[#0] WARNING:InputArguments -- The parameter 'sigma3' with range [0, 10] of the RooGaussian 'sig_pdf2' exceeds the safe range of (0, inf). Advise to limit its range.
[#0] ERROR:Integration --  RooNumIntFactory::Init : libRooFitMore cannot be loaded. GSL integrators will not beavailable ! 
[#1] INFO:Fitting -- RooAddition::defaultErrorLevel(nll) Summation contains a RooNLLVar, using its error level
 **********
 **   13 **MIGRAD        4500           1
 **********
 FIRST CALL TO USER FUNCTION AT NEW START POINT, WITH IFLAG=4.
 START MIGRAD MINIMIZATION.  STRATEGY  1.  CONVERGENCE WHEN EDM .LT. 1.00e-03
 FCN=-151744 FROM MIGRAD    STATUS=INITIATE       70 CALLS          71 TOTAL
                     EDM= unknown      STRATEGY= 1      NO ERROR MATRIX       
  EXT PARAMETER               CURRENT GUESS       STEP         FIRST   
  NO.   NAME      VALUE            ERROR          SIZE      DERIVATIVE 
   1  NbkgMRS      2.39880e+03   1.19940e+03   0.00000e+00  -2.41449e+02
   2  NbkgPRS      2.25360e+03   1.12680e+03   0.00000e+00  -7.67760e+01
   3  NsigMRS      9.59520e+03   1.19940e+03   0.00000e+00   6.03198e+01
   4  NsigPRS      9.01440e+03   1.12680e+03   0.00000e+00   1.91522e+01
   5  coeffsig     4.77137e-01   5.00000e-02   8.81552e-01  -9.56605e+01
   6  mean         1.45500e+02   2.10000e+00   0.00000e+00  -1.06427e+04
   7  sigma1       5.00000e-01   2.50000e-01   0.00000e+00   1.93295e+02
   8  sigma2       5.00000e-01   2.50000e-01   0.00000e+00  -1.40424e+03
   9  sigma3       1.10000e+00   5.50000e-01   0.00000e+00   8.95753e+02
                               ERR DEF= 0.5
 MIGRAD MINIMIZATION HAS CONVERGED.
 MIGRAD WILL VERIFY CONVERGENCE AND ERROR MATRIX.
 COVARIANCE MATRIX CALCULATED SUCCESSFULLY
 FCN=-151827 FROM MIGRAD    STATUS=CONVERGED     505 CALLS         506 TOTAL
                     EDM=3.11134e-05    STRATEGY= 1      ERROR MATRIX ACCURATE 
  EXT PARAMETER                                   STEP         FIRST   
  NO.   NAME      VALUE            ERROR          SIZE      DERIVATIVE 
   1  NbkgMRS      2.55407e+03   6.96723e+01   3.44260e-03   2.99679e-01
   2  NbkgPRS      2.26371e+03   6.59099e+01   3.53688e-03   5.59508e-02
   3  NsigMRS      9.44013e+03   1.08323e+02   5.59674e-03   2.10910e-02
   4  NsigPRS      9.00424e+03   1.05251e+02   5.92535e-03  -3.89230e-02
   5  coeffsig     8.11908e-01   2.28269e-02   5.24976e-03   1.03379e-02
   6  mean         1.45538e+02   2.04100e-02   1.66963e-04   2.13232e+00
   7  sigma1       6.57853e-01   1.52430e-02   7.32665e-04  -2.91410e-01
   8  sigma2       6.60031e-01   2.20009e-02   7.86608e-04   2.04991e-01
   9  sigma3       1.54267e+00   8.81154e-02   2.91513e-03   1.81229e-01
                               ERR DEF= 0.5
 EXTERNAL ERROR MATRIX.    NDIM=  25    NPAR=  9    ERR DEF=0.5
  4.855e+03  6.433e+02 -2.294e+03 -6.427e+02 -6.335e-02 -3.657e-02 -7.809e-02 -5.359e-02 -1.324e+00 
  6.433e+02  4.344e+03 -6.429e+02 -2.074e+03 -8.912e-02 -1.380e-02 -7.062e-02 -7.485e-02 -1.369e+00 
 -2.294e+03 -6.429e+02  1.174e+04  6.423e+02  6.371e-02  3.650e-02  7.809e-02  5.367e-02  1.324e+00 
 -6.427e+02 -2.074e+03  6.423e+02  1.108e+04  8.945e-02  1.375e-02  7.062e-02  7.490e-02  1.369e+00 
 -6.335e-02 -8.912e-02  6.371e-02  8.945e-02  5.217e-04 -1.664e-04  1.103e-04  3.622e-04  1.724e-03 
 -3.657e-02 -1.380e-02  3.650e-02  1.375e-02 -1.664e-04  4.166e-04  2.066e-04 -3.686e-04 -4.808e-04 
 -7.809e-02 -7.062e-02  7.809e-02  7.062e-02  1.103e-04  2.066e-04  2.324e-04 -8.030e-05  3.989e-04 
 -5.359e-02 -7.485e-02  5.367e-02  7.490e-02  3.622e-04 -3.686e-04 -8.030e-05  4.841e-04  1.142e-03 
 -1.324e+00 -1.369e+00  1.324e+00  1.369e+00  1.724e-03 -4.808e-04  3.989e-04  1.142e-03  7.766e-03 
 PARAMETER  CORRELATION COEFFICIENTS  
       NO.  GLOBAL      1      2      3      4      5      6      7      8      9
        1  0.43256   1.000  0.140 -0.304 -0.088 -0.040 -0.026 -0.074 -0.035 -0.216
        2  0.43512   0.140  1.000 -0.090 -0.299 -0.059 -0.010 -0.070 -0.052 -0.236
        3  0.33278  -0.304 -0.090  1.000  0.056  0.026  0.017  0.047  0.023  0.139
        4  0.32736  -0.088 -0.299  0.056  1.000  0.037  0.006  0.044  0.032  0.148
        5  0.94263  -0.040 -0.059  0.026  0.037  1.000 -0.357  0.317  0.721  0.857
        6  0.95194  -0.026 -0.010  0.017  0.006 -0.357  1.000  0.664 -0.821 -0.267
        7  0.89663  -0.074 -0.070  0.047  0.044  0.317  0.664  1.000 -0.239  0.297
        8  0.94402  -0.035 -0.052  0.023  0.032  0.721 -0.821 -0.239  1.000  0.589
        9  0.89583  -0.216 -0.236  0.139  0.148  0.857 -0.267  0.297  0.589  1.000
 **********
 **   18 **HESSE        4500
 **********
 COVARIANCE MATRIX CALCULATED SUCCESSFULLY
 FCN=-151827 FROM HESSE     STATUS=OK             73 CALLS         579 TOTAL
                     EDM=3.1588e-05    STRATEGY= 1      ERROR MATRIX ACCURATE 
  EXT PARAMETER                                INTERNAL      INTERNAL  
  NO.   NAME      VALUE            ERROR       STEP SIZE       VALUE   
   1  NbkgMRS      2.55407e+03   6.98391e+01   6.88520e-04  -6.11515e-01
   2  NbkgPRS      2.26371e+03   6.60957e+01   1.41475e-04  -6.41259e-01
   3  NsigMRS      9.44013e+03   1.08453e+02   2.23870e-04   6.11556e-01
   4  NsigPRS      9.00424e+03   1.05389e+02   2.37014e-04   6.41248e-01
   5  coeffsig     8.11908e-01   2.34997e-02   2.09990e-04   6.73616e-01
   6  mean         1.45538e+02   2.08929e-02   3.33926e-05  -2.85980e-01
   7  sigma1       6.57853e-01   1.54257e-02   2.93066e-05  -1.05203e+00
   8  sigma2       6.60031e-01   2.26777e-02   3.14643e-05  -1.05115e+00
   9  sigma3       1.54267e+00   9.06262e-02   1.16605e-04  -7.63516e-01
                               ERR DEF= 0.5
 EXTERNAL ERROR MATRIX.    NDIM=  25    NPAR=  9    ERR DEF=0.5
  4.878e+03  6.651e+02 -2.324e+03 -6.650e+02 -8.516e-02 -3.171e-02 -8.418e-02 -6.744e-02 -1.415e+00 
  6.651e+02  4.369e+03 -6.653e+02 -2.105e+03 -1.122e-01 -7.651e-03 -7.639e-02 -9.029e-02 -1.466e+00 
 -2.324e+03 -6.653e+02  1.176e+04  6.652e+02  8.525e-02  3.171e-02  8.421e-02  6.747e-02  1.416e+00 
 -6.650e+02 -2.105e+03  6.652e+02  1.111e+04  1.123e-01  7.647e-03  7.639e-02  9.029e-02  1.466e+00 
 -8.516e-02 -1.122e-01  8.525e-02  1.123e-01  5.529e-04 -1.826e-04  1.132e-04  3.893e-04  1.841e-03 
 -3.171e-02 -7.651e-03  3.171e-02  7.647e-03 -1.826e-04  4.365e-04  2.130e-04 -3.915e-04 -5.358e-04 
 -8.418e-02 -7.639e-02  8.421e-02  7.639e-02  1.132e-04  2.130e-04  2.380e-04 -8.387e-05  4.130e-04 
 -6.744e-02 -9.029e-02  6.747e-02  9.029e-02  3.893e-04 -3.915e-04 -8.387e-05  5.143e-04  1.239e-03 
 -1.415e+00 -1.466e+00  1.416e+00  1.466e+00  1.841e-03 -5.358e-04  4.130e-04  1.239e-03  8.215e-03 
 PARAMETER  CORRELATION COEFFICIENTS  
       NO.  GLOBAL      1      2      3      4      5      6      7      8      9
        1  0.43702   1.000  0.144 -0.307 -0.090 -0.052 -0.022 -0.078 -0.043 -0.224
        2  0.44032   0.144  1.000 -0.093 -0.302 -0.072 -0.006 -0.075 -0.060 -0.245
        3  0.33595  -0.307 -0.093  1.000  0.058  0.033  0.014  0.050  0.027  0.144
        4  0.33091  -0.090 -0.302  0.058  1.000  0.045  0.003  0.047  0.038  0.153
        5  0.94596  -0.052 -0.072  0.033  0.045  1.000 -0.372  0.312  0.730  0.864
        6  0.95419  -0.022 -0.006  0.014  0.003 -0.372  1.000  0.661 -0.826 -0.283
        7  0.89920  -0.078 -0.075  0.050  0.047  0.312  0.661  1.000 -0.240  0.295
        8  0.94741  -0.043 -0.060  0.027  0.038  0.730 -0.826 -0.240  1.000  0.603
        9  0.90184  -0.224 -0.245  0.144  0.153  0.864 -0.283  0.295  0.603  1.000
75 ; 1.46423 ; 1.3108
[#1] INFO:Plotting -- RooAbsPdf::plotOn(modelMRS) directly selected PDF components: (modelBkg)
[#1] INFO:Plotting -- RooAbsPdf::plotOn(modelMRS) indirectly selected PDF components: ()
[#1] INFO:Plotting -- RooAbsPdf::plotOn(modelMRS) directly selected PDF components: (modelSig)
[#1] INFO:Plotting -- RooAbsPdf::plotOn(modelMRS) indirectly selected PDF components: (sig_pdf1,sig_pdf2)
[#1] INFO:Plotting -- RooAbsPdf::plotOn(modelPRS) directly selected PDF components: (modelBkg)
[#1] INFO:Plotting -- RooAbsPdf::plotOn(modelPRS) indirectly selected PDF components: ()
[#1] INFO:Plotting -- RooAbsPdf::plotOn(modelPRS) directly selected PDF components: (modelSig)
[#1] INFO:Plotting -- RooAbsPdf::plotOn(modelPRS) indirectly selected PDF components: (sig_pdf1,sig_pdf2)
PRS chi2: 1.4334 ; MPS chi2: 1.26481
