   ------------------------------------------------------------------
  | Welcome to ROOT 6.24/08                        https://root.cern |
  | (c) 1995-2021, The ROOT Team; conception: R. Brun, F. Rademakers |
  | Built for linuxx8664gcc on Sep 29 2022, 13:04:57                 |
  | From tags/v6-24-08@v6-24-08                                      |
  | With c++ (GCC) 4.8.5 20150623 (Red Hat 4.8.5-44)                 |
  | Try '.help', '.demo', '.license', '.credits', '.quit'/'.q'       |
   ------------------------------------------------------------------


Processing full.C(4,6,"Down","2017")...

[1mRooFit v3.60 -- Developed by Wouter Verkerke and David Kirkby[0m 
                Copyright (C) 2000-2013 NIKHEF, University of California & Stanford University
                All rights reserved, please read http://roofit.sourceforge.net/license.txt

-------------------------
Set LHCb Style - May 2021
-------------------------
../fulltempt/PARAMs/FullMom_4_6.txt
[#0] WARNING:InputArguments -- The parameter 'sigma3' with range [0, 10] of the RooGaussian 'sig_pdf2' exceeds the safe range of (0, inf). Advise to limit its range.
[#0] ERROR:Integration --  RooNumIntFactory::Init : libRooFitMore cannot be loaded. GSL integrators will not beavailable ! 
[#1] INFO:Fitting -- RooAddition::defaultErrorLevel(nll) Summation contains a RooNLLVar, using its error level
 **********
 **   13 **MIGRAD        4500           1
 **********
 FIRST CALL TO USER FUNCTION AT NEW START POINT, WITH IFLAG=4.
 START MIGRAD MINIMIZATION.  STRATEGY  1.  CONVERGENCE WHEN EDM .LT. 1.00e-03
 FCN=-23157 FROM MIGRAD    STATUS=INITIATE       34 CALLS          35 TOTAL
                     EDM= unknown      STRATEGY= 1      NO ERROR MATRIX       
  EXT PARAMETER               CURRENT GUESS       STEP         FIRST   
  NO.   NAME      VALUE            ERROR          SIZE      DERIVATIVE 
   1  NbkgMRS      4.81800e+02   2.40900e+02   2.57889e-01   1.39320e+02
   2  NbkgPRS      4.66800e+02   2.33400e+02   2.57889e-01   1.55764e+02
   3  NsigMRS      1.92720e+03   2.40900e+02   2.57889e-01  -3.48360e+01
   4  NsigPRS      1.86720e+03   2.33400e+02   2.57889e-01  -3.89470e+01
   5  coeffsig     1.00000e-01   5.00000e-02   1.72186e-01  -1.22999e+02
   6  mean         1.45500e+02   2.10000e+00   2.10680e-01   3.95602e+03
   7  sigma1       5.00000e-01   2.50000e-01   1.18625e-01  -3.33841e+01
   8  sigma2       5.00000e-01   2.50000e-01   1.18625e-01   1.60238e+02
   9  sigma3       1.10000e+00   5.50000e-01   1.81568e-01   1.45525e+03
                               ERR DEF= 0.5
 MIGRAD MINIMIZATION HAS CONVERGED.
 MIGRAD WILL VERIFY CONVERGENCE AND ERROR MATRIX.
 COVARIANCE MATRIX CALCULATED SUCCESSFULLY
 FCN=-23276.4 FROM MIGRAD    STATUS=CONVERGED     492 CALLS         493 TOTAL
                     EDM=0.000168428    STRATEGY= 1      ERROR MATRIX ACCURATE 
  EXT PARAMETER                                   STEP         FIRST   
  NO.   NAME      VALUE            ERROR          SIZE      DERIVATIVE 
   1  NbkgMRS      2.91768e+02   2.61615e+01   3.04214e-03  -4.48204e-02
   2  NbkgPRS      2.83796e+02   2.44857e+01   3.03101e-03  -1.03564e-02
   3  NsigMRS      2.11736e+03   5.00582e+01   6.36442e-03   5.39597e-02
   4  NsigPRS      2.05032e+03   4.86035e+01   6.44021e-03   4.54613e-02
   5  coeffsig     8.01418e-01   2.61045e-02   3.55597e-03   1.29746e-01
   6  mean         1.45392e+02   4.50782e-02   1.64067e-04   4.74481e+00
   7  sigma1       7.98446e-01   4.20965e-02   6.84049e-04  -3.61725e-01
   8  sigma2       7.80052e-01   3.30977e-02   6.45705e-04   9.30079e-01
   9  sigma3       2.13828e+00   1.62137e-01   2.46074e-03  -3.65811e-01
                               ERR DEF= 0.5
 EXTERNAL ERROR MATRIX.    NDIM=  25    NPAR=  9    ERR DEF=0.5
  6.847e+02  1.180e+02 -3.914e+02 -1.177e+02  2.043e-02 -6.275e-02 -8.224e-02  1.504e-02 -1.278e+00 
  1.180e+02  5.998e+02 -1.177e+02 -3.147e+02  1.489e-02 -4.812e-02 -6.626e-02  5.639e-03 -1.059e+00 
 -3.914e+02 -1.177e+02  2.509e+03  1.174e+02 -2.017e-02  6.270e-02  8.216e-02 -1.501e-02  1.276e+00 
 -1.177e+02 -3.147e+02  1.174e+02  2.366e+03 -1.465e-02  4.812e-02  6.623e-02 -5.640e-03  1.058e+00 
  2.043e-02  1.489e-02 -2.017e-02 -1.465e-02  6.824e-04  3.084e-04  6.313e-04  1.823e-04  2.946e-03 
 -6.275e-02 -4.812e-02  6.270e-02  4.812e-02  3.084e-04  2.032e-03  1.560e-03 -1.118e-03  1.975e-03 
 -8.224e-02 -6.626e-02  8.216e-02  6.623e-02  6.313e-04  1.560e-03  1.772e-03 -5.729e-04  3.306e-03 
  1.504e-02  5.639e-03 -1.501e-02 -5.640e-03  1.823e-04 -1.118e-03 -5.729e-04  1.096e-03  5.068e-04 
 -1.278e+00 -1.059e+00  1.276e+00  1.058e+00  2.946e-03  1.975e-03  3.306e-03  5.068e-04  2.630e-02 
 PARAMETER  CORRELATION COEFFICIENTS  
       NO.  GLOBAL      1      2      3      4      5      6      7      8      9
        1  0.49750   1.000  0.184 -0.299 -0.092  0.030 -0.053 -0.075  0.017 -0.301
        2  0.44368   0.184  1.000 -0.096 -0.264  0.023 -0.044 -0.064  0.007 -0.267
        3  0.31980  -0.299 -0.096  1.000  0.048 -0.015  0.028  0.039 -0.009  0.157
        4  0.28418  -0.092 -0.264  0.048  1.000 -0.012  0.022  0.032 -0.004  0.134
        5  0.85703   0.030  0.023 -0.015 -0.012  1.000  0.262  0.574  0.211  0.695
        6  0.93804  -0.053 -0.044  0.028  0.022  0.262  1.000  0.822 -0.749  0.270
        7  0.90846  -0.075 -0.064  0.039  0.032  0.574  0.822  1.000 -0.411  0.484
        8  0.86797   0.017  0.007 -0.009 -0.004  0.211 -0.749 -0.411  1.000  0.094
        9  0.80643  -0.301 -0.267  0.157  0.134  0.695  0.270  0.484  0.094  1.000
 **********
 **   18 **HESSE        4500
 **********
 COVARIANCE MATRIX CALCULATED SUCCESSFULLY
 FCN=-23276.4 FROM HESSE     STATUS=OK             73 CALLS         566 TOTAL
                     EDM=0.000168937    STRATEGY= 1      ERROR MATRIX ACCURATE 
  EXT PARAMETER                                INTERNAL      INTERNAL  
  NO.   NAME      VALUE            ERROR       STEP SIZE       VALUE   
   1  NbkgMRS      2.91768e+02   2.62252e+01   6.08428e-04  -8.59886e-01
   2  NbkgPRS      2.83796e+02   2.45334e+01   1.21240e-04  -8.58428e-01
   3  NsigMRS      2.11736e+03   5.01104e+01   2.54577e-04   8.60050e-01
   4  NsigPRS      2.05032e+03   4.86417e+01   2.57609e-04   8.58583e-01
   5  coeffsig     8.01418e-01   2.62658e-02   7.11195e-04   6.47050e-01
   6  mean         1.45392e+02   4.54956e-02   3.28133e-05  -3.00509e-01
   7  sigma1       7.98446e-01   4.24589e-02   1.36810e-04  -9.97856e-01
   8  sigma2       7.80052e-01   3.33241e-02   1.29141e-04  -1.00468e+00
   9  sigma3       2.13828e+00   1.63550e-01   4.92149e-04  -6.09362e-01
                               ERR DEF= 0.5
 EXTERNAL ERROR MATRIX.    NDIM=  25    NPAR=  9    ERR DEF=0.5
  6.880e+02  1.205e+02 -3.964e+02 -1.205e+02  1.586e-02 -6.691e-02 -8.831e-02  1.490e-02 -1.319e+00 
  1.205e+02  6.021e+02 -1.206e+02 -3.183e+02  1.110e-02 -5.152e-02 -7.126e-02  5.482e-03 -1.093e+00 
 -3.964e+02 -1.206e+02  2.514e+03  1.206e+02 -1.583e-02  6.697e-02  8.837e-02 -1.491e-02  1.320e+00 
 -1.205e+02 -3.183e+02  1.206e+02  2.369e+03 -1.109e-02  5.153e-02  7.127e-02 -5.484e-03  1.093e+00 
  1.586e-02  1.110e-02 -1.583e-02 -1.109e-02  6.909e-04  3.179e-04  6.441e-04  1.815e-04  3.006e-03 
 -6.691e-02 -5.152e-02  6.697e-02  5.153e-02  3.179e-04  2.070e-03  1.592e-03 -1.139e-03  2.040e-03 
 -8.831e-02 -7.126e-02  8.837e-02  7.127e-02  6.441e-04  1.592e-03  1.803e-03 -5.875e-04  3.394e-03 
  1.490e-02  5.482e-03 -1.491e-02 -5.484e-03  1.815e-04 -1.139e-03 -5.875e-04  1.111e-03  5.015e-04 
 -1.319e+00 -1.093e+00  1.320e+00  1.093e+00  3.006e-03  2.040e-03  3.394e-03  5.015e-04  2.676e-02 
 PARAMETER  CORRELATION COEFFICIENTS  
       NO.  GLOBAL      1      2      3      4      5      6      7      8      9
        1  0.50116   1.000  0.187 -0.301 -0.094  0.023 -0.056 -0.079  0.017 -0.307
        2  0.44718   0.187  1.000 -0.098 -0.267  0.017 -0.046 -0.068  0.007 -0.272
        3  0.32269  -0.301 -0.098  1.000  0.049 -0.012  0.029  0.042 -0.009  0.161
        4  0.28668  -0.094 -0.267  0.049  1.000 -0.009  0.023  0.034 -0.003  0.137
        5  0.85892   0.023  0.017 -0.012 -0.009  1.000  0.266  0.577  0.207  0.699
        6  0.93921  -0.056 -0.046  0.029  0.023  0.266  1.000  0.824 -0.751  0.274
        7  0.91009  -0.079 -0.068  0.042  0.034  0.577  0.824  1.000 -0.415  0.489
        8  0.86989   0.017  0.007 -0.009 -0.003  0.207 -0.751 -0.415  1.000  0.092
        9  0.81015  -0.307 -0.272  0.161  0.137  0.699  0.274  0.489  0.092  1.000
75 ; 0.645703 ; 0.910735
[#1] INFO:Plotting -- RooAbsPdf::plotOn(modelMRS) directly selected PDF components: (modelBkg)
[#1] INFO:Plotting -- RooAbsPdf::plotOn(modelMRS) indirectly selected PDF components: ()
[#1] INFO:Plotting -- RooAbsPdf::plotOn(modelMRS) directly selected PDF components: (modelSig)
[#1] INFO:Plotting -- RooAbsPdf::plotOn(modelMRS) indirectly selected PDF components: (sig_pdf1,sig_pdf2)
[#1] INFO:Plotting -- RooAbsPdf::plotOn(modelPRS) directly selected PDF components: (modelBkg)
[#1] INFO:Plotting -- RooAbsPdf::plotOn(modelPRS) indirectly selected PDF components: ()
[#1] INFO:Plotting -- RooAbsPdf::plotOn(modelPRS) directly selected PDF components: (modelSig)
[#1] INFO:Plotting -- RooAbsPdf::plotOn(modelPRS) indirectly selected PDF components: (sig_pdf1,sig_pdf2)
PRS chi2: 0.498708 ; MPS chi2: 0.651891
