   ------------------------------------------------------------------
  | Welcome to ROOT 6.24/08                        https://root.cern |
  | (c) 1995-2021, The ROOT Team; conception: R. Brun, F. Rademakers |
  | Built for linuxx8664gcc on Sep 29 2022, 13:04:57                 |
  | From tags/v6-24-08@v6-24-08                                      |
  | With c++ (GCC) 4.8.5 20150623 (Red Hat 4.8.5-44)                 |
  | Try '.help', '.demo', '.license', '.credits', '.quit'/'.q'       |
   ------------------------------------------------------------------


Processing full.C(5,6,"Down","2016")...

[1mRooFit v3.60 -- Developed by Wouter Verkerke and David Kirkby[0m 
                Copyright (C) 2000-2013 NIKHEF, University of California & Stanford University
                All rights reserved, please read http://roofit.sourceforge.net/license.txt

-------------------------
Set LHCb Style - May 2021
-------------------------
../fulltempt/PARAMs/FullMom_5_6.txt
../../../../selection/promptD/results/2016MagDownFullRS.root/DecayTree
[#0] WARNING:InputArguments -- The parameter 'sigma3' with range [0, 10] of the RooGaussian 'sig_pdf2' exceeds the safe range of (0, inf). Advise to limit its range.
[#0] ERROR:Integration --  RooNumIntFactory::Init : libRooFitMore cannot be loaded. GSL integrators will not beavailable ! 
[#1] INFO:NumericIntegration -- RooRealIntegral::init(modelBkg_Int[x]) using numeric integrator RooIntegrator1D to calculate Int(x)
[#1] INFO:NumericIntegration -- RooRealIntegral::init(modelBkg_Int[x]) using numeric integrator RooIntegrator1D to calculate Int(x)
[#1] INFO:NumericIntegration -- RooRealIntegral::init(modelBkg_Int[x]) using numeric integrator RooIntegrator1D to calculate Int(x)
[#1] INFO:NumericIntegration -- RooRealIntegral::init(modelBkg_Int[x]) using numeric integrator RooIntegrator1D to calculate Int(x)
[#1] INFO:Fitting -- RooAddition::defaultErrorLevel(nll) Summation contains a RooNLLVar, using its error level
 **********
 **   13 **MIGRAD        6500           1
 **********
 FIRST CALL TO USER FUNCTION AT NEW START POINT, WITH IFLAG=4.
 START MIGRAD MINIMIZATION.  STRATEGY  1.  CONVERGENCE WHEN EDM .LT. 1.00e-03
 FCN=-20293.9 FROM MIGRAD    STATUS=INITIATE      124 CALLS         125 TOTAL
                     EDM= unknown      STRATEGY= 1      NO ERROR MATRIX       
  EXT PARAMETER               CURRENT GUESS       STEP         FIRST   
  NO.   NAME      VALUE            ERROR          SIZE      DERIVATIVE 
   1  NbkgMRS      2.03800e+02   1.01900e+02   0.00000e+00   4.08988e+01
   2  NbkgPRS      2.06300e+02   1.03150e+02   0.00000e+00   6.21665e+01
   3  NsigMRS      1.83420e+03   1.01900e+02   0.00000e+00  -4.55166e+00
   4  NsigPRS      1.85670e+03   1.03150e+02   0.00000e+00  -6.91459e+00
   5  am           1.00000e+00   2.00000e+00   0.00000e+00  -2.67924e+00
   6  bm          -6.73392e+00   5.00000e-01   0.00000e+00  -2.38099e+00
   7  cm           2.61481e+00   7.50000e+00  -4.58685e-02  -5.18076e-01
   8  coeffsig     1.00000e-01   5.00000e-02   0.00000e+00  -1.43433e+02
   9  dm0          1.39400e+02   2.00000e+00   0.00000e+00  -5.96758e+01
  10  mean         1.45500e+02   2.10000e+00   0.00000e+00   2.94093e+03
  11  sigma1       5.00000e-01   2.50000e-01   0.00000e+00   1.63407e+01
  12  sigma2       5.00000e-01   2.50000e-01   0.00000e+00   1.94740e+02
  13  sigma3       1.10000e+00   5.50000e-01   0.00000e+00   1.50728e+03
                               ERR DEF= 0.5
 MIGRAD FAILS TO FIND IMPROVEMENT
 EIGENVALUES OF SECOND-DERIVATIVE MATRIX:
        -4.2270e-02  5.6806e-02  8.9681e-02  9.1173e-02  3.4573e-01  5.9478e-01  8.5771e-01  8.8030e-01  1.0770e+00  1.1396e+00  2.0951e+00  2.1289e+00  3.6855e+00
 MINUIT WARNING IN HESSE   
 ============== MATRIX FORCED POS-DEF BY ADDING 0.045955 TO DIAGONAL.
 FCN=-20374.1 FROM HESSE     STATUS=NOT POSDEF    143 CALLS        1918 TOTAL
                     EDM=0.000377304    STRATEGY= 1      ERR MATRIX NOT POS-DEF
  EXT PARAMETER                APPROXIMATE        STEP         FIRST   
  NO.   NAME      VALUE            ERROR          SIZE      DERIVATIVE 
   1  NbkgMRS      1.46283e+02   1.80695e+01   2.90456e-03  -1.93163e-01
   2  NbkgPRS      1.24262e+02   1.77105e+01   2.92231e-03  -1.75961e-01
   3  NsigMRS      1.89174e+03   4.45368e+01   8.27586e-03   2.01826e-02
   4  NsigPRS      1.93886e+03   4.51163e+01   8.96420e-03   4.17106e-02
   5  am           2.18086e+00   3.90704e-01   5.94940e-04  -3.76638e+00
   6  bm          -5.74255e+00   3.10794e-01   5.52094e-04  -4.13994e+00
   7  cm           2.04128e+01   3.95892e+00   4.42020e-04   4.99486e+00
   8  coeffsig     8.03274e-01   3.17188e-02   3.67344e-03  -1.68496e-01
   9  dm0          1.39468e+02   3.82236e-01   2.71628e-03  -4.97452e-01
  10  mean         1.45349e+02   3.32995e-02   1.53941e-04   1.89680e+00
  11  sigma1       7.34177e-01   3.30890e-02   6.40341e-04  -2.98396e-01
  12  sigma2       8.23155e-01   3.13254e-02   6.38041e-04   4.17556e-01
  13  sigma3       1.78500e+00   1.32637e-01   1.77608e-03   4.13459e-01
                               ERR DEF= 0.5
 MIGRAD MINIMIZATION HAS CONVERGED.
 MIGRAD WILL VERIFY CONVERGENCE AND ERROR MATRIX.
 EIGENVALUES OF SECOND-DERIVATIVE MATRIX:
        -3.8129e-02  5.7110e-02  8.3316e-02  8.9817e-02  3.4495e-01  5.9951e-01  8.5759e-01  8.8039e-01  1.0774e+00  1.1402e+00  2.0944e+00  2.1289e+00  3.6846e+00
 MINUIT WARNING IN HESSE   
 ============== MATRIX FORCED POS-DEF BY ADDING 0.041814 TO DIAGONAL.
 FCN=-20374.1 FROM MIGRAD    STATUS=CONVERGED    2106 CALLS        2107 TOTAL
                     EDM=4.73673e-05    STRATEGY= 1      ERR MATRIX NOT POS-DEF
  EXT PARAMETER                APPROXIMATE        STEP         FIRST   
  NO.   NAME      VALUE            ERROR          SIZE      DERIVATIVE 
   1  NbkgMRS      1.46241e+02   1.80774e+01   2.90475e-03   2.93199e-02
   2  NbkgPRS      1.24207e+02   1.76917e+01   2.92243e-03   3.34013e-02
   3  NsigMRS      1.89176e+03   4.46266e+01   3.31035e-03  -1.70670e-03
   4  NsigPRS      1.93881e+03   4.51930e+01   3.58568e-03   2.82333e-03
   5  am           2.18663e+00   3.90233e-01   5.37923e-04   7.46821e-01
   6  bm          -5.73790e+00   3.12313e-01   4.94955e-04   7.64237e-01
   7  cm           2.04694e+01   3.97302e+00   3.97197e-04  -1.11872e+00
   8  coeffsig     8.03382e-01   3.22076e-02   3.66985e-03  -1.31490e-02
   9  dm0          1.39471e+02   3.70448e-01   2.72828e-03   1.39240e-01
  10  mean         1.45349e+02   3.38383e-02   1.53943e-04   3.55537e-01
  11  sigma1       7.34252e-01   3.36415e-02   6.40149e-04  -1.01960e-01
  12  sigma2       8.23221e-01   3.17232e-02   6.37937e-04  -2.49387e-03
  13  sigma3       1.78545e+00   1.33720e-01   1.77670e-03  -8.55598e-03
                               ERR DEF= 0.5
 EXTERNAL ERROR MATRIX.    NDIM=  28    NPAR= 13    ERR DEF=0.5
 ELEMENTS ABOVE DIAGONAL ARE NOT PRINTED.
  3.269e+02 
  9.832e+01  3.131e+02 
 -1.812e+02 -9.665e+01  1.996e+03 
 -9.650e+01 -1.883e+02  9.486e+01  2.048e+03 
 -1.515e+00 -1.718e+00  1.489e+00  1.685e+00  1.524e-01 
 -1.204e+00 -1.365e+00  1.184e+00  1.340e+00  1.026e-01  9.758e-02 
 -1.386e+01 -1.617e+01  1.362e+01  1.587e+01  1.486e+00  1.182e+00  1.580e+01 
 -2.343e-02 -3.848e-02  2.318e-02  3.793e-02  7.699e-04  6.147e-04  8.847e-03  1.040e-03 
 -1.647e+00 -2.058e+00  1.619e+00  2.021e+00  6.030e-02  4.813e-02  6.872e-01  1.822e-03  1.373e-01 
 -2.324e-02 -2.250e-02  2.291e-02  2.215e-02 -1.569e-04 -1.245e-04 -2.257e-03  7.661e-05 -4.160e-04  1.145e-03 
 -4.747e-02 -5.620e-02  4.677e-02  5.527e-02  5.729e-04  4.567e-04  5.719e-03  6.315e-04  9.789e-04  7.693e-04  1.132e-03 
 -2.071e-02 -2.169e-02  2.035e-02  2.129e-02  5.484e-04  4.370e-04  6.018e-03  4.731e-04  1.078e-03 -6.958e-04 -1.129e-04 
 -2.071e-02 -2.169e-02  2.035e-02  2.129e-02  5.484e-04  4.370e-04  6.018e-03  4.731e-04  1.078e-03 -6.958e-04 -1.129e-04  1.006e-03 
 -7.551e-01 -8.798e-01  7.431e-01  8.643e-01  1.193e-02  9.492e-03  1.209e-01  3.236e-03  1.900e-02  5.094e-04  2.155e-03 
 -7.551e-01 -8.798e-01  7.431e-01  8.643e-01  1.193e-02  9.492e-03  1.209e-01  3.236e-03  1.900e-02  5.094e-04  2.155e-03  1.230e-03  1.789e-02 
ERR MATRIX NOT POS-DEF
 PARAMETER  CORRELATION COEFFICIENTS  
       NO.  GLOBAL      1      2      3      4      5      6      7      8      9     10     11     12     13
        1  0.54289   1.000  0.307 -0.224 -0.118 -0.215 -0.213 -0.193 -0.040 -0.246 -0.038 -0.078 -0.036 -0.312
        2  0.59268   0.307  1.000 -0.122 -0.235 -0.249 -0.247 -0.230 -0.067 -0.314 -0.038 -0.094 -0.039 -0.372
        3  0.24917  -0.224 -0.122  1.000  0.047  0.085  0.085  0.077  0.016  0.098  0.015  0.031  0.014  0.124
        4  0.25821  -0.118 -0.235  0.047  1.000  0.095  0.095  0.088  0.026  0.120  0.014  0.036  0.015  0.143
        5  0.99103  -0.215 -0.249  0.085  0.095  1.000  0.841  0.958  0.061  0.417 -0.012  0.044  0.044  0.228
        6  0.98981  -0.213 -0.247  0.085  0.095  0.841  1.000  0.952  0.061  0.416 -0.012  0.043  0.044  0.227
        7  0.99730  -0.193 -0.230  0.077  0.088  0.958  0.952  1.000  0.069  0.467 -0.017  0.043  0.048  0.227
        8  0.89328  -0.040 -0.067  0.016  0.026  0.061  0.061  0.069  1.000  0.153  0.070  0.582  0.462  0.750
        9  0.72700  -0.246 -0.314  0.098  0.120  0.417  0.416  0.467  0.153  1.000 -0.033  0.079  0.092  0.383
       10  0.89155  -0.038 -0.038  0.015  0.014 -0.012 -0.012 -0.017  0.070 -0.033  1.000  0.676 -0.648  0.113
       11  0.86988  -0.078 -0.094  0.031  0.036  0.044  0.043  0.043  0.582  0.079  0.676  1.000 -0.106  0.479
       12  0.83564  -0.036 -0.039  0.014  0.015  0.044  0.044  0.048  0.462  0.092 -0.648 -0.106  1.000  0.290
       13  0.86279  -0.312 -0.372  0.124  0.143  0.228  0.227  0.227  0.750  0.383  0.113  0.479  0.290  1.000
 ERR MATRIX NOT POS-DEF
 **********
 **   18 **HESSE        6500
 **********
 EIGENVALUES OF SECOND-DERIVATIVE MATRIX:
        -1.6860e-03  3.3721e-03  2.2972e-02  8.1553e-02  1.7770e-01  8.0889e-01  8.6829e-01  1.0074e+00  1.0941e+00  1.1408e+00  2.1107e+00  2.1448e+00  3.5411e+00
 MINUIT WARNING IN HESSE   
 ============== MATRIX FORCED POS-DEF BY ADDING 0.005227 TO DIAGONAL.
 FCN=-20374.1 FROM HESSE     STATUS=NOT POSDEF    137 CALLS        2244 TOTAL
                     EDM=0.000152286    STRATEGY= 1      ERR MATRIX NOT POS-DEF
  EXT PARAMETER                APPROXIMATE     INTERNAL      INTERNAL  
  NO.   NAME      VALUE            ERROR       STEP SIZE       VALUE   
   1  NbkgMRS      1.46241e+02   2.70075e+01   1.16190e-04  -1.02842e+00
   2  NbkgPRS      1.24207e+02   2.81494e+01   1.16897e-04  -1.07499e+00
   3  NsigMRS      1.89176e+03   4.95659e+01   1.32414e-04   1.02843e+00
   4  NsigPRS      1.93881e+03   5.08565e+01   1.43427e-04   1.07503e+00
   5  am           2.18663e+00   5.56486e-01   2.15169e-05   2.20444e-01
   6  bm          -5.73790e+00   4.55915e-01   1.97982e-05   4.40299e-01
   7  cm           2.04694e+01   4.07947e+00   1.58879e-05  -7.89236e-01
   8  coeffsig     8.03382e-01   4.83885e-02   7.33969e-04   6.51982e-01
   9  dm0          1.39471e+02   7.12510e-01   8.84387e-02  -5.29066e-02
  10  mean         1.45349e+02   4.07245e-02   3.07886e-05  -3.04747e-01
  11  sigma1       7.34252e-01   4.60147e-02   2.56060e-05  -1.02199e+00
  12  sigma2       8.23221e-01   3.92286e-02   2.55175e-05  -9.88780e-01
  13  sigma3       1.78545e+00   2.69012e-01   7.10679e-05  -6.98292e-01
                               ERR DEF= 0.5
 EXTERNAL ERROR MATRIX.    NDIM=  28    NPAR= 13    ERR DEF=0.5
 ELEMENTS ABOVE DIAGONAL ARE NOT PRINTED.
  7.300e+02 
  5.300e+02  7.933e+02 
 -5.831e+02 -5.289e+02  2.464e+03 
 -5.288e+02 -6.680e+02  5.278e+02  2.596e+03 
  1.801e+00  2.024e+00 -1.797e+00 -2.020e+00  3.100e-01 
 -1.915e-01 -1.772e-01  1.910e-01  1.769e-01 -2.696e-02  2.080e-01 
  1.455e+01  1.617e+01 -1.452e+01 -1.614e+01  1.557e+00  1.201e+00  1.666e+01 
 -6.131e-01 -6.891e-01  6.119e-01  6.877e-01 -3.478e-03 -4.280e-04 -2.689e-02  2.353e-03 
 -1.433e+01 -1.580e+01  1.430e+01  1.577e+01 -8.859e-02 -1.224e-02 -6.738e-01  2.049e-02  5.085e-01 
 -9.393e-02 -1.016e-01  9.374e-02  1.014e-01 -2.705e-04 -1.903e-05 -2.796e-03  2.805e-04  1.573e-03  1.658e-03 
 -4.834e-01 -5.376e-01  4.824e-01  5.364e-01 -2.349e-03 -1.966e-04 -1.866e-02  1.623e-03  1.460e-02  1.255e-03  2.118e-03 
 -2.991e-01 -3.280e-01  2.985e-01  3.273e-01 -1.641e-03 -1.545e-04 -1.245e-02  1.072e-03  1.015e-02 -9.500e-04  1.047e-04 
 -2.991e-01 -3.280e-01  2.985e-01  3.273e-01 -1.641e-03 -1.545e-04 -1.245e-02  1.072e-03  1.015e-02 -9.500e-04  1.047e-04  1.539e-03 
 -5.217e+00 -5.779e+00  5.207e+00  5.767e+00 -2.442e-02 -1.212e-03 -1.909e-01  1.124e-02  1.603e-01  1.683e-03  8.170e-03 
 -5.217e+00 -5.779e+00  5.207e+00  5.767e+00 -2.442e-02 -1.212e-03 -1.909e-01  1.124e-02  1.603e-01  1.683e-03  8.170e-03  4.875e-03  7.249e-02 
ERR MATRIX NOT POS-DEF
 PARAMETER  CORRELATION COEFFICIENTS  
       NO.  GLOBAL      1      2      3      4      5      6      7      8      9     10     11     12     13
        1  0.82017   1.000  0.696 -0.435 -0.384  0.120 -0.016  0.132 -0.468 -0.744 -0.085 -0.389 -0.282 -0.717
        2  0.85709   0.696  1.000 -0.378 -0.466  0.129 -0.014  0.141 -0.504 -0.787 -0.089 -0.415 -0.297 -0.762
        3  0.46094  -0.435 -0.378  1.000  0.209 -0.065  0.008 -0.072  0.254  0.404  0.046  0.211  0.153  0.390
        4  0.48653  -0.384 -0.466  0.209  1.000 -0.071  0.008 -0.078  0.278  0.434  0.049  0.229  0.164  0.420
        5  0.99544   0.120  0.129 -0.065 -0.071  1.000 -0.106  0.685 -0.129 -0.223 -0.012 -0.092 -0.075 -0.163
        6  0.99505  -0.016 -0.014  0.008  0.008 -0.106  1.000  0.645 -0.019 -0.038 -0.001 -0.009 -0.009 -0.010
        7  0.99734   0.132  0.141 -0.072 -0.078  0.685  0.645  1.000 -0.136 -0.232 -0.017 -0.099 -0.078 -0.174
        8  0.95262  -0.468 -0.504  0.254  0.278 -0.129 -0.019 -0.136  1.000  0.592  0.142  0.727  0.563  0.860
        9  0.90633  -0.744 -0.787  0.404  0.434 -0.223 -0.038 -0.232  0.592  1.000  0.054  0.445  0.363  0.835
       10  0.92370  -0.085 -0.089  0.046  0.049 -0.012 -0.001 -0.017  0.142  0.054  1.000  0.670 -0.595  0.153
       11  0.93017  -0.389 -0.415  0.211  0.229 -0.092 -0.009 -0.099  0.727  0.445  0.670  1.000  0.058  0.659
       12  0.89192  -0.282 -0.297  0.153  0.164 -0.075 -0.009 -0.078  0.563  0.363 -0.595  0.058  1.000  0.462
       13  0.96676  -0.717 -0.762  0.390  0.420 -0.163 -0.010 -0.174  0.860  0.835  0.153  0.659  0.462  1.000
 ERR MATRIX NOT POS-DEF
71 ; 0.834328 ; 3.49355
[#1] INFO:Plotting -- RooAbsPdf::plotOn(modelMRS) directly selected PDF components: (modelBkg)
[#1] INFO:Plotting -- RooAbsPdf::plotOn(modelMRS) indirectly selected PDF components: ()
[#1] INFO:NumericIntegration -- RooRealIntegral::init(modelBkg_Int[x]) using numeric integrator RooIntegrator1D to calculate Int(x)
[#1] INFO:Plotting -- RooAbsPdf::plotOn(modelMRS) directly selected PDF components: (modelSig)
[#1] INFO:Plotting -- RooAbsPdf::plotOn(modelMRS) indirectly selected PDF components: (sig_pdf1,sig_pdf2)
[#1] INFO:NumericIntegration -- RooRealIntegral::init(modelBkg_Int[x]) using numeric integrator RooIntegrator1D to calculate Int(x)
[#1] INFO:NumericIntegration -- RooRealIntegral::init(modelBkg_Int[x]) using numeric integrator RooIntegrator1D to calculate Int(x)
[#1] INFO:Plotting -- RooAbsPdf::plotOn(modelPRS) directly selected PDF components: (modelBkg)
[#1] INFO:Plotting -- RooAbsPdf::plotOn(modelPRS) indirectly selected PDF components: ()
[#1] INFO:NumericIntegration -- RooRealIntegral::init(modelBkg_Int[x]) using numeric integrator RooIntegrator1D to calculate Int(x)
[#1] INFO:Plotting -- RooAbsPdf::plotOn(modelPRS) directly selected PDF components: (modelSig)
[#1] INFO:Plotting -- RooAbsPdf::plotOn(modelPRS) indirectly selected PDF components: (sig_pdf1,sig_pdf2)
[#1] INFO:NumericIntegration -- RooRealIntegral::init(modelBkg_Int[x]) using numeric integrator RooIntegrator1D to calculate Int(x)
[#1] INFO:NumericIntegration -- RooRealIntegral::init(modelBkg_Int[x]) using numeric integrator RooIntegrator1D to calculate Int(x)
PRS chi2: 0.698714 ; MPS chi2: 0.988164
