   ------------------------------------------------------------------
  | Welcome to ROOT 6.24/08                        https://root.cern |
  | (c) 1995-2021, The ROOT Team; conception: R. Brun, F. Rademakers |
  | Built for linuxx8664gcc on Sep 29 2022, 13:04:57                 |
  | From tags/v6-24-08@v6-24-08                                      |
  | With c++ (GCC) 4.8.5 20150623 (Red Hat 4.8.5-44)                 |
  | Try '.help', '.demo', '.license', '.credits', '.quit'/'.q'       |
   ------------------------------------------------------------------


Processing full.C(5,6,"Up","2016")...

[1mRooFit v3.60 -- Developed by Wouter Verkerke and David Kirkby[0m 
                Copyright (C) 2000-2013 NIKHEF, University of California & Stanford University
                All rights reserved, please read http://roofit.sourceforge.net/license.txt

-------------------------
Set LHCb Style - May 2021
-------------------------
../fulltempt/PARAMs/FullMom_5_6.txt
../../../../selection/promptD/results/2016MagUpFullRS.root/DecayTree
[#0] WARNING:InputArguments -- The parameter 'sigma3' with range [0, 10] of the RooGaussian 'sig_pdf2' exceeds the safe range of (0, inf). Advise to limit its range.
[#0] ERROR:Integration --  RooNumIntFactory::Init : libRooFitMore cannot be loaded. GSL integrators will not beavailable ! 
[#1] INFO:NumericIntegration -- RooRealIntegral::init(modelBkg_Int[x]) using numeric integrator RooIntegrator1D to calculate Int(x)
[#1] INFO:NumericIntegration -- RooRealIntegral::init(modelBkg_Int[x]) using numeric integrator RooIntegrator1D to calculate Int(x)
[#1] INFO:NumericIntegration -- RooRealIntegral::init(modelBkg_Int[x]) using numeric integrator RooIntegrator1D to calculate Int(x)
[#1] INFO:NumericIntegration -- RooRealIntegral::init(modelBkg_Int[x]) using numeric integrator RooIntegrator1D to calculate Int(x)
[#1] INFO:Fitting -- RooAddition::defaultErrorLevel(nll) Summation contains a RooNLLVar, using its error level
 **********
 **   13 **MIGRAD        6500           1
 **********
 FIRST CALL TO USER FUNCTION AT NEW START POINT, WITH IFLAG=4.
 START MIGRAD MINIMIZATION.  STRATEGY  1.  CONVERGENCE WHEN EDM .LT. 1.00e-03
 FCN=-14922 FROM MIGRAD    STATUS=INITIATE      163 CALLS         164 TOTAL
                     EDM= unknown      STRATEGY= 1      NO ERROR MATRIX       
  EXT PARAMETER               CURRENT GUESS       STEP         FIRST   
  NO.   NAME      VALUE            ERROR          SIZE      DERIVATIVE 
   1  NbkgMRS      1.56600e+02   7.83000e+01   0.00000e+00   4.21463e+01
   2  NbkgPRS      1.59700e+02   7.98500e+01   0.00000e+00  -2.07945e+01
   3  NsigMRS      1.40940e+03   7.83000e+01   0.00000e+00  -4.68821e+00
   4  NsigPRS      1.43730e+03   7.98500e+01   0.00000e+00   2.30487e+00
   5  am           2.00000e+00   2.00000e+00   0.00000e+00  -2.31495e+01
   6  bm          -7.39520e+00   1.75000e+00   0.00000e+00  -1.80056e+01
   7  cm           2.30437e+00   7.50000e+00   0.00000e+00   5.22100e+01
   8  coeffsig     3.55365e-01   5.00000e-02   6.33831e-01  -4.27840e+00
   9  dm0          1.39400e+02   2.00000e+00   0.00000e+00  -5.59628e+01
  10  mean         1.45500e+02   2.10000e+00   0.00000e+00   3.57480e+03
  11  sigma1       5.00000e-01   2.50000e-01   0.00000e+00  -3.86218e+02
  12  sigma2       5.00000e-01   2.50000e-01   0.00000e+00   1.65085e+02
  13  sigma3       1.10000e+00   5.50000e-01   0.00000e+00   2.25861e+02
                               ERR DEF= 0.5
 MIGRAD MINIMIZATION HAS CONVERGED.
 MIGRAD WILL VERIFY CONVERGENCE AND ERROR MATRIX.
 COVARIANCE MATRIX CALCULATED SUCCESSFULLY
 FCN=-14957.3 FROM MIGRAD    STATUS=CONVERGED    1770 CALLS        1771 TOTAL
                     EDM=7.59541e-05    STRATEGY= 1      ERROR MATRIX ACCURATE 
  EXT PARAMETER                                   STEP         FIRST   
  NO.   NAME      VALUE            ERROR          SIZE      DERIVATIVE 
   1  NbkgMRS      1.28649e+02   2.01465e+01   2.88211e-03   1.70276e-02
   2  NbkgPRS      1.64380e+02   2.58663e+01   2.90836e-03  -1.48980e-02
   3  NsigMRS      1.43741e+03   4.13196e+01   7.59425e-03   1.52050e-02
   4  NsigPRS      1.43260e+03   4.39163e+01   6.74440e-03  -6.27162e-03
   5  am           8.74660e+00   3.76898e-01   3.06661e-03   5.86576e-02
   6  bm          -1.99999e+01   1.44758e+01   8.15688e-02   2.66809e-03
   7  cm           2.17278e+00   8.38182e-01   7.12346e-04   3.75470e-02
   8  coeffsig     7.61854e-01   7.49722e-02   4.34398e-03  -1.85694e-02
   9  dm0          1.39727e+02   1.62607e-01   1.16246e-03   3.77284e-01
  10  mean         1.45393e+02   4.99643e-02   1.42321e-04  -1.54252e+00
  11  sigma1       7.14432e-01   5.65185e-02   6.59781e-04   2.41674e-01
  12  sigma2       7.23612e-01   4.53164e-02   6.38349e-04  -1.02382e-01
  13  sigma3       1.43228e+00   1.95105e-01   1.57291e-03   1.45917e-03
                               ERR DEF= 0.5
 EXTERNAL ERROR MATRIX.    NDIM=  28    NPAR= 13    ERR DEF=0.5
 ELEMENTS ABOVE DIAGONAL ARE NOT PRINTED.
  4.062e+02 
  2.648e+02  6.697e+02 
 -2.759e+02 -2.633e+02  1.713e+03 
 -2.637e+02 -5.030e+02  2.621e+02  1.934e+03 
 -2.448e+00 -3.538e+00  2.433e+00  3.521e+00  1.423e-01 
 -1.842e-01 -2.593e-01  1.830e-01  2.580e-01 -8.397e-03  4.766e-03 
 -1.580e+00 -1.985e+00  1.573e+00  1.979e+00 -1.610e-01 -1.277e-02  7.026e-01 
 -2.907e-01 -5.040e-01  2.895e-01  5.025e-01  3.263e-03  1.399e-04  2.981e-03  5.680e-03 
  5.594e-01  7.644e-01 -5.559e-01 -7.606e-01  9.214e-03  1.826e-04 -6.492e-02  2.962e-04  2.644e-02 
  6.382e-03 -1.962e-02 -6.300e-03  1.962e-02  1.682e-03  5.044e-05 -6.388e-03  7.559e-04  4.371e-04  2.496e-03 
 -1.329e-01 -2.442e-01  1.324e-01  2.434e-01  2.590e-03  1.114e-04 -2.658e-03  2.940e-03  2.946e-04  2.109e-03  3.195e-03 
 -1.088e-01 -1.718e-01  1.083e-01  1.712e-01  3.967e-04  3.625e-05  4.098e-03  1.668e-03 -1.313e-04 -1.434e-03 -2.245e-04 
 -1.088e-01 -1.718e-01  1.083e-01  1.712e-01  3.967e-04  3.625e-05  4.098e-03  1.668e-03 -1.313e-04 -1.434e-03 -2.245e-04  2.054e-03 
 -1.853e+00 -2.829e+00  1.843e+00  2.818e+00  1.896e-02  1.158e-03  2.044e-02  1.243e-02 -2.380e-03  1.405e-03  6.044e-03 
 -1.853e+00 -2.829e+00  1.843e+00  2.818e+00  1.896e-02  1.158e-03  2.044e-02  1.243e-02 -2.380e-03  1.405e-03  6.044e-03  3.494e-03  3.811e-02 
 PARAMETER  CORRELATION COEFFICIENTS  
       NO.  GLOBAL      1      2      3      4      5      6      7      8      9     10     11     12     13
        1  0.68537   1.000  0.508 -0.331 -0.297 -0.322 -0.132 -0.094 -0.191  0.171  0.006 -0.117 -0.119 -0.471
        2  0.76346   0.508  1.000 -0.246 -0.442 -0.362 -0.145 -0.091 -0.258  0.182 -0.015 -0.167 -0.147 -0.560
        3  0.35937  -0.331 -0.246  1.000  0.144  0.156  0.064  0.045  0.093 -0.083 -0.003  0.057  0.058  0.228
        4  0.47179  -0.297 -0.442  0.144  1.000  0.212  0.085  0.054  0.152 -0.106  0.009  0.098  0.086  0.328
        5  0.88493  -0.322 -0.362  0.156  0.212  1.000 -0.322 -0.509  0.115  0.150  0.089  0.121  0.023  0.257
        6  0.78794  -0.132 -0.145  0.064  0.085 -0.322  1.000 -0.221  0.027  0.016  0.015  0.029  0.012  0.086
        7  0.86936  -0.094 -0.091  0.045  0.054 -0.509 -0.221  1.000  0.047 -0.476 -0.153 -0.056  0.108  0.125
        8  0.95683  -0.191 -0.258  0.093  0.152  0.115  0.027  0.047  1.000  0.024  0.201  0.690  0.488  0.845
        9  0.53171   0.171  0.182 -0.083 -0.106  0.150  0.016 -0.476  0.024  1.000  0.054  0.032 -0.018 -0.075
       10  0.94104   0.006 -0.015 -0.003  0.009  0.089  0.015 -0.153  0.201  0.054  1.000  0.747 -0.633  0.144
       11  0.93455  -0.117 -0.167  0.057  0.098  0.121  0.029 -0.056  0.690  0.032  0.747  1.000 -0.088  0.548
       12  0.90188  -0.119 -0.147  0.058  0.086  0.023  0.012  0.108  0.488 -0.018 -0.633 -0.088  1.000  0.395
       13  0.94233  -0.471 -0.560  0.228  0.328  0.257  0.086  0.125  0.845 -0.075  0.144  0.548  0.395  1.000
 **********
 **   18 **HESSE        6500
 **********
 EIGENVALUES OF SECOND-DERIVATIVE MATRIX:
        -4.7793e-02  5.3052e-02  6.9279e-02  2.4401e-01  3.9219e-01  5.9695e-01  8.2893e-01  1.0646e+00  1.1322e+00  1.1825e+00  2.1119e+00  2.2402e+00  3.1319e+00
 MINUIT WARNING IN HESSE   
 ============== MATRIX FORCED POS-DEF BY ADDING 0.050925 TO DIAGONAL.
 FCN=-14957.3 FROM HESSE     STATUS=NOT POSDEF    143 CALLS        1914 TOTAL
                     EDM=0.00167665    STRATEGY= 1      ERR MATRIX NOT POS-DEF
  EXT PARAMETER                APPROXIMATE     INTERNAL      INTERNAL  
  NO.   NAME      VALUE            ERROR       STEP SIZE       VALUE   
   1  NbkgMRS      1.28649e+02   6.49282e+01   1.15284e-04  -9.89400e-01
   2  NbkgPRS      1.64380e+02   8.85352e+01   1.16334e-04  -9.17589e-01
   3  NsigMRS      1.43741e+03   7.27768e+01   3.03770e-04   9.89531e-01
   4  NsigPRS      1.43260e+03   9.35272e+01   2.69776e-04   9.17540e-01
   5  am           8.74660e+00   1.04422e+00   1.22664e-04   1.06473e+00
   6  bm          -1.99999e+01   1.63982e+01   5.00000e-01  -1.56610e+00
   7  cm           2.17278e+00   3.21373e+00   2.84938e-05  -1.08450e+00
   8  coeffsig     7.61854e-01   1.10082e-01   8.68795e-04   5.51197e-01
   9  dm0          1.39727e+02   7.14000e-01   3.56574e-02  -2.72711e-02
  10  mean         1.45393e+02   3.77638e-02   2.84642e-05  -3.00374e-01
  11  sigma1       7.14432e-01   5.57357e-02   1.31956e-04  -1.02964e+00
  12  sigma2       7.23612e-01   4.81470e-02   2.55340e-05  -1.02609e+00
  13  sigma3       1.43228e+00   5.94519e-01   6.29166e-05  -7.94542e-01
                               ERR DEF= 0.5
 EXTERNAL ERROR MATRIX.    NDIM=  28    NPAR= 13    ERR DEF=0.5
 ELEMENTS ABOVE DIAGONAL ARE NOT PRINTED.
  4.248e+03 
  5.559e+03  7.927e+03 
 -4.050e+03 -5.459e+03  5.348e+03 
 -5.459e+03 -7.628e+03  5.362e+03  8.858e+03 
 -6.489e+01 -8.929e+01  6.373e+01  8.769e+01  1.108e+00 
 -5.456e+00 -7.508e+00  5.358e+00  7.373e+00  8.672e-02  7.616e-03 
  1.966e+02  2.705e+02 -1.931e+02 -2.657e+02 -3.293e+00 -2.730e-01  1.034e+01 
 -6.085e+00 -8.400e+00  5.977e+00  8.250e+00  9.865e-02  8.228e-03 -3.039e-01  1.240e-02 
 -4.291e+01 -5.891e+01  4.214e+01  5.785e+01  7.030e-01  5.836e-02 -2.185e+00  7.029e-02  5.107e-01 
 -1.968e-01 -2.825e-01  1.932e-01  2.775e-01  3.973e-03  2.972e-04 -1.352e-02  5.225e-04  2.249e-03  1.426e-03 
 -2.400e+00 -3.319e+00  2.357e+00  3.260e+00  3.922e-02  3.257e-03 -1.211e-01  4.998e-03  2.727e-02  1.182e-03  3.107e-03 
 -1.999e+00 -2.755e+00  1.964e+00  2.706e+00  3.211e-02  2.693e-03 -9.831e-02  4.019e-03  2.289e-02 -7.622e-04  1.067e-03 
 -1.999e+00 -2.755e+00  1.964e+00  2.706e+00  3.211e-02  2.693e-03 -9.831e-02  4.019e-03  2.289e-02 -7.622e-04  1.067e-03  2.318e-03 
 -3.721e+01 -5.127e+01  3.654e+01  5.035e+01  5.960e-01  4.997e-02 -1.817e+00  6.216e-02  4.082e-01  2.233e-03  2.441e-02 
 -3.721e+01 -5.127e+01  3.654e+01  5.035e+01  5.960e-01  4.997e-02 -1.817e+00  6.216e-02  4.082e-01  2.233e-03  2.441e-02  2.005e-02  3.569e-01 
ERR MATRIX NOT POS-DEF
 PARAMETER  CORRELATION COEFFICIENTS  
       NO.  GLOBAL      1      2      3      4      5      6      7      8      9     10     11     12     13
        1  0.97558   1.000  0.958 -0.850 -0.890 -0.946 -0.959  0.938 -0.839 -0.921 -0.080 -0.661 -0.637 -0.956
        2  0.98309   0.958  1.000 -0.838 -0.910 -0.953 -0.966  0.945 -0.847 -0.926 -0.084 -0.669 -0.643 -0.964
        3  0.85710  -0.850 -0.838  1.000  0.779  0.828  0.840 -0.821  0.734  0.806  0.070  0.578  0.558  0.836
        4  0.91569  -0.890 -0.910  0.779  1.000  0.885  0.898 -0.878  0.787  0.860  0.078  0.621  0.597  0.896
        5  0.98665  -0.946 -0.953  0.828  0.885  1.000  0.944 -0.973  0.842  0.935  0.100  0.669  0.634  0.948
        6  0.99073  -0.959 -0.966  0.840  0.898  0.944  1.000 -0.973  0.847  0.936  0.090  0.670  0.641  0.958
        7  0.99208   0.938  0.945 -0.821 -0.878 -0.973 -0.973  1.000 -0.849 -0.951 -0.111 -0.676 -0.635 -0.946
        8  0.98142  -0.839 -0.847  0.734  0.787  0.842  0.847 -0.849  1.000  0.883  0.124  0.805  0.750  0.935
        9  0.96954  -0.921 -0.926  0.806  0.860  0.935  0.936 -0.951  0.883  1.000  0.083  0.685  0.665  0.956
       10  0.89964  -0.080 -0.084  0.070  0.078  0.100  0.090 -0.111  0.124  0.083  1.000  0.561 -0.419  0.099
       11  0.93601  -0.661 -0.669  0.578  0.621  0.669  0.670 -0.676  0.805  0.685  0.561  1.000  0.398  0.733
       12  0.91798  -0.637 -0.643  0.558  0.597  0.634  0.641 -0.635  0.750  0.665 -0.419  0.398  1.000  0.697
       13  0.99429  -0.956 -0.964  0.836  0.896  0.948  0.958 -0.946  0.935  0.956  0.099  0.733  0.697  1.000
 ERR MATRIX NOT POS-DEF
71 ; 0.834267 ; 0.756555
[#1] INFO:Plotting -- RooAbsPdf::plotOn(modelMRS) directly selected PDF components: (modelBkg)
[#1] INFO:Plotting -- RooAbsPdf::plotOn(modelMRS) indirectly selected PDF components: ()
[#1] INFO:NumericIntegration -- RooRealIntegral::init(modelBkg_Int[x]) using numeric integrator RooIntegrator1D to calculate Int(x)
[#1] INFO:Plotting -- RooAbsPdf::plotOn(modelMRS) directly selected PDF components: (modelSig)
[#1] INFO:Plotting -- RooAbsPdf::plotOn(modelMRS) indirectly selected PDF components: (sig_pdf1,sig_pdf2)
[#1] INFO:NumericIntegration -- RooRealIntegral::init(modelBkg_Int[x]) using numeric integrator RooIntegrator1D to calculate Int(x)
[#1] INFO:NumericIntegration -- RooRealIntegral::init(modelBkg_Int[x]) using numeric integrator RooIntegrator1D to calculate Int(x)
[#1] INFO:Plotting -- RooAbsPdf::plotOn(modelPRS) directly selected PDF components: (modelBkg)
[#1] INFO:Plotting -- RooAbsPdf::plotOn(modelPRS) indirectly selected PDF components: ()
[#1] INFO:NumericIntegration -- RooRealIntegral::init(modelBkg_Int[x]) using numeric integrator RooIntegrator1D to calculate Int(x)
[#1] INFO:Plotting -- RooAbsPdf::plotOn(modelPRS) directly selected PDF components: (modelSig)
[#1] INFO:Plotting -- RooAbsPdf::plotOn(modelPRS) indirectly selected PDF components: (sig_pdf1,sig_pdf2)
[#1] INFO:NumericIntegration -- RooRealIntegral::init(modelBkg_Int[x]) using numeric integrator RooIntegrator1D to calculate Int(x)
[#1] INFO:NumericIntegration -- RooRealIntegral::init(modelBkg_Int[x]) using numeric integrator RooIntegrator1D to calculate Int(x)
PRS chi2: 0.734573 ; MPS chi2: 0.629009
