   ------------------------------------------------------------------
  | Welcome to ROOT 6.24/08                        https://root.cern |
  | (c) 1995-2021, The ROOT Team; conception: R. Brun, F. Rademakers |
  | Built for linuxx8664gcc on Sep 29 2022, 13:04:57                 |
  | From tags/v6-24-08@v6-24-08                                      |
  | With c++ (GCC) 4.8.5 20150623 (Red Hat 4.8.5-44)                 |
  | Try '.help', '.demo', '.license', '.credits', '.quit'/'.q'       |
   ------------------------------------------------------------------


Processing full.C(2,0,"Down","2018")...

[1mRooFit v3.60 -- Developed by Wouter Verkerke and David Kirkby[0m 
                Copyright (C) 2000-2013 NIKHEF, University of California & Stanford University
                All rights reserved, please read http://roofit.sourceforge.net/license.txt

-------------------------
Set LHCb Style - May 2021
-------------------------
../fulltempt/PARAMs/FullMom_2_0.txt
[#0] WARNING:InputArguments -- The parameter 'sigma3' with range [0, 10] of the RooGaussian 'sig_pdf2' exceeds the safe range of (0, inf). Advise to limit its range.
[#0] ERROR:Integration --  RooNumIntFactory::Init : libRooFitMore cannot be loaded. GSL integrators will not beavailable ! 
[#1] INFO:Fitting -- RooAddition::defaultErrorLevel(nll) Summation contains a RooNLLVar, using its error level
 **********
 **   13 **MIGRAD        4500           1
 **********
 FIRST CALL TO USER FUNCTION AT NEW START POINT, WITH IFLAG=4.
 START MIGRAD MINIMIZATION.  STRATEGY  1.  CONVERGENCE WHEN EDM .LT. 1.00e-03
 FCN=-114283 FROM MIGRAD    STATUS=INITIATE       68 CALLS          69 TOTAL
                     EDM= unknown      STRATEGY= 1      NO ERROR MATRIX       
  EXT PARAMETER               CURRENT GUESS       STEP         FIRST   
  NO.   NAME      VALUE            ERROR          SIZE      DERIVATIVE 
   1  NbkgMRS      1.96940e+03   9.84700e+02   0.00000e+00  -2.22820e+03
   2  NbkgPRS      1.91040e+03   9.55200e+02   0.00000e+00  -2.00809e+03
   3  NsigMRS      7.87760e+03   9.84700e+02   0.00000e+00   5.57004e+02
   4  NsigPRS      7.64160e+03   9.55200e+02   0.00000e+00   5.01977e+02
   5  coeffsig     3.73142e-01   5.00000e-02   6.70775e-01  -2.95482e+01
   6  mean         1.45500e+02   2.10000e+00   0.00000e+00   2.06583e+03
   7  sigma1       5.00000e-01   2.50000e-01   0.00000e+00  -4.66260e+02
   8  sigma2       5.00000e-01   2.50000e-01   0.00000e+00  -1.06520e+02
   9  sigma3       1.10000e+00   5.50000e-01   0.00000e+00  -5.88434e+02
                               ERR DEF= 0.5
 MIGRAD MINIMIZATION HAS CONVERGED.
 MIGRAD WILL VERIFY CONVERGENCE AND ERROR MATRIX.
 COVARIANCE MATRIX CALCULATED SUCCESSFULLY
 FCN=-115320 FROM MIGRAD    STATUS=CONVERGED     482 CALLS         483 TOTAL
                     EDM=1.54297e-05    STRATEGY= 1      ERROR MATRIX ACCURATE 
  EXT PARAMETER                                   STEP         FIRST   
  NO.   NAME      VALUE            ERROR          SIZE      DERIVATIVE 
   1  NbkgMRS      3.84199e+03   7.38230e+01   3.40894e-03  -2.83397e-02
   2  NbkgPRS      3.60855e+03   7.17433e+01   3.43159e-03  -5.06001e-02
   3  NsigMRS      6.00511e+03   8.72526e+01   4.06965e-03   9.97079e-02
   4  NsigPRS      5.94344e+03   8.64973e+01   4.18551e-03   2.65642e-02
   5  coeffsig     5.13432e-01   1.22629e-01   9.79903e-03   2.11062e-02
   6  mean         1.45398e+02   2.07633e-02   1.84946e-04   3.22724e+00
   7  sigma1       5.27625e-01   5.28394e-02   1.40257e-03  -3.75772e-01
   8  sigma2       7.15669e-01   3.11733e-02   1.33678e-03   2.78660e-01
   9  sigma3       9.12624e-01   6.41031e-02   1.24063e-03  -1.68428e-02
                               ERR DEF= 0.5
 EXTERNAL ERROR MATRIX.    NDIM=  25    NPAR=  9    ERR DEF=0.5
  5.450e+03  3.602e+02 -1.606e+03 -3.606e+02 -1.394e+00 -8.252e-03 -4.699e-01  1.761e-02 -9.611e-01 
  3.602e+02  5.148e+03 -3.607e+02 -1.536e+03 -1.462e+00 -1.350e-02 -4.998e-01  1.944e-02 -9.870e-01 
 -1.606e+03 -3.607e+02  7.614e+03  3.611e+02  1.397e+00  8.317e-03  4.710e-01 -1.780e-02  9.629e-01 
 -3.606e+02 -1.536e+03  3.611e+02  7.483e+03  1.465e+00  1.355e-02  5.008e-01 -1.962e-02  9.888e-01 
 -1.394e+00 -1.462e+00  1.397e+00  1.465e+00  1.535e-02  8.888e-05  5.706e-03  3.172e-04  7.450e-03 
 -8.252e-03 -1.350e-02  8.317e-03  1.355e-02  8.888e-05  4.311e-04  4.679e-04 -5.018e-04  1.571e-04 
 -4.699e-01 -4.998e-01  4.710e-01  5.008e-01  5.706e-03  4.679e-04  2.793e-03 -2.691e-04  2.736e-03 
  1.761e-02  1.944e-02 -1.780e-02 -1.962e-02  3.172e-04 -5.018e-04 -2.691e-04  9.718e-04 -2.405e-04 
 -9.611e-01 -9.870e-01  9.629e-01  9.888e-01  7.450e-03  1.571e-04  2.736e-03 -2.405e-04  4.110e-03 
 PARAMETER  CORRELATION COEFFICIENTS  
       NO.  GLOBAL      1      2      3      4      5      6      7      8      9
        1  0.32462   1.000  0.068 -0.249 -0.056 -0.152 -0.005 -0.120  0.008 -0.203
        2  0.32813   0.068  1.000 -0.058 -0.248 -0.165 -0.009 -0.132  0.009 -0.215
        3  0.29575  -0.249 -0.058  1.000  0.048  0.129  0.005  0.102 -0.007  0.172
        4  0.29467  -0.056 -0.248  0.048  1.000  0.137  0.008  0.110 -0.007  0.178
        5  0.98572  -0.152 -0.165  0.129  0.137  1.000  0.035  0.872  0.082  0.938
        6  0.92457  -0.005 -0.009  0.005  0.008  0.035  1.000  0.426 -0.775  0.118
        7  0.96754  -0.120 -0.132  0.102  0.110  0.872  0.426  1.000 -0.163  0.808
        8  0.88224   0.008  0.009 -0.007 -0.007  0.082 -0.775 -0.163  1.000 -0.120
        9  0.97126  -0.203 -0.215  0.172  0.178  0.938  0.118  0.808 -0.120  1.000
 **********
 **   18 **HESSE        4500
 **********
 COVARIANCE MATRIX CALCULATED SUCCESSFULLY
 FCN=-115320 FROM HESSE     STATUS=OK             73 CALLS         556 TOTAL
                     EDM=1.50932e-05    STRATEGY= 1      ERROR MATRIX ACCURATE 
  EXT PARAMETER                                INTERNAL      INTERNAL  
  NO.   NAME      VALUE            ERROR       STEP SIZE       VALUE   
   1  NbkgMRS      3.84199e+03   7.39080e+01   1.36358e-04  -2.21469e-01
   2  NbkgPRS      3.60855e+03   7.18250e+01   1.37264e-04  -2.46942e-01
   3  NsigMRS      6.00511e+03   8.73235e+01   1.62786e-04   2.21490e-01
   4  NsigPRS      5.94344e+03   8.65643e+01   1.67420e-04   2.46941e-01
   5  coeffsig     5.13432e-01   1.21058e-01   3.91961e-04   2.68682e-02
   6  mean         1.45398e+02   2.09814e-02   3.69892e-05  -2.99945e-01
   7  sigma1       5.27625e-01   5.17260e-02   2.80514e-04  -1.10726e+00
   8  sigma2       7.15669e-01   3.17072e-02   5.34711e-05  -1.02916e+00
   9  sigma3       9.12624e-01   6.30467e-02   4.96252e-05  -9.57014e-01
                               ERR DEF= 0.5
 EXTERNAL ERROR MATRIX.    NDIM=  25    NPAR=  9    ERR DEF=0.5
  5.463e+03  3.709e+02 -1.621e+03 -3.709e+02 -1.418e+00 -2.049e-03 -4.718e-01  5.540e-03 -9.718e-01 
  3.709e+02  5.159e+03 -3.709e+02 -1.551e+03 -1.481e+00 -6.912e-03 -4.994e-01  6.786e-03 -9.948e-01 
 -1.621e+03 -3.709e+02  7.626e+03  3.709e+02  1.418e+00  2.051e-03  4.719e-01 -5.547e-03  9.719e-01 
 -3.709e+02 -1.551e+03  3.709e+02  7.494e+03  1.481e+00  6.914e-03  4.994e-01 -6.794e-03  9.949e-01 
 -1.418e+00 -1.481e+00  1.418e+00  1.481e+00  1.495e-02 -5.785e-06  5.465e-03  4.771e-04  7.210e-03 
 -2.049e-03 -6.912e-03  2.051e-03  6.914e-03 -5.785e-06  4.402e-04  4.410e-04 -5.197e-04  1.177e-04 
 -4.718e-01 -4.994e-01  4.719e-01  4.994e-01  5.465e-03  4.410e-04  2.676e-03 -2.270e-04  2.608e-03 
  5.540e-03  6.786e-03 -5.547e-03 -6.794e-03  4.771e-04 -5.197e-04 -2.270e-04  1.005e-03 -1.745e-04 
 -9.718e-01 -9.948e-01  9.719e-01  9.949e-01  7.210e-03  1.177e-04  2.608e-03 -1.745e-04  3.976e-03 
 PARAMETER  CORRELATION COEFFICIENTS  
       NO.  GLOBAL      1      2      3      4      5      6      7      8      9
        1  0.32778   1.000  0.070 -0.251 -0.058 -0.157 -0.001 -0.123  0.002 -0.209
        2  0.33120   0.070  1.000 -0.059 -0.249 -0.169 -0.005 -0.134  0.003 -0.220
        3  0.29824  -0.251 -0.059  1.000  0.049  0.133  0.001  0.104 -0.002  0.177
        4  0.29706  -0.058 -0.249  0.049  1.000  0.140  0.004  0.112 -0.002  0.182
        5  0.98533  -0.157 -0.169  0.133  0.140  1.000 -0.002  0.864  0.123  0.935
        6  0.92619  -0.001 -0.005  0.001  0.004 -0.002  1.000  0.406 -0.781  0.089
        7  0.96610  -0.123 -0.134  0.104  0.112  0.864  0.406  1.000 -0.138  0.800
        8  0.88642   0.002  0.003 -0.002 -0.002  0.123 -0.781 -0.138  1.000 -0.087
        9  0.97028  -0.209 -0.220  0.177  0.182  0.935  0.089  0.800 -0.087  1.000
75 ; 2.56881 ; 3.43981
[#1] INFO:Plotting -- RooAbsPdf::plotOn(modelMRS) directly selected PDF components: (modelBkg)
[#1] INFO:Plotting -- RooAbsPdf::plotOn(modelMRS) indirectly selected PDF components: ()
[#1] INFO:Plotting -- RooAbsPdf::plotOn(modelMRS) directly selected PDF components: (modelSig)
[#1] INFO:Plotting -- RooAbsPdf::plotOn(modelMRS) indirectly selected PDF components: (sig_pdf1,sig_pdf2)
[#1] INFO:Plotting -- RooAbsPdf::plotOn(modelPRS) directly selected PDF components: (modelBkg)
[#1] INFO:Plotting -- RooAbsPdf::plotOn(modelPRS) indirectly selected PDF components: ()
[#1] INFO:Plotting -- RooAbsPdf::plotOn(modelPRS) directly selected PDF components: (modelSig)
[#1] INFO:Plotting -- RooAbsPdf::plotOn(modelPRS) indirectly selected PDF components: (sig_pdf1,sig_pdf2)
PRS chi2: 1.96625 ; MPS chi2: 2.06443
