   ------------------------------------------------------------------
  | Welcome to ROOT 6.24/08                        https://root.cern |
  | (c) 1995-2021, The ROOT Team; conception: R. Brun, F. Rademakers |
  | Built for linuxx8664gcc on Sep 29 2022, 13:04:57                 |
  | From tags/v6-24-08@v6-24-08                                      |
  | With c++ (GCC) 4.8.5 20150623 (Red Hat 4.8.5-44)                 |
  | Try '.help', '.demo', '.license', '.credits', '.quit'/'.q'       |
   ------------------------------------------------------------------


Processing full.C(4,3,"Down","2018")...

[1mRooFit v3.60 -- Developed by Wouter Verkerke and David Kirkby[0m 
                Copyright (C) 2000-2013 NIKHEF, University of California & Stanford University
                All rights reserved, please read http://roofit.sourceforge.net/license.txt

-------------------------
Set LHCb Style - May 2021
-------------------------
../fulltempt/PARAMs/FullMom_4_3.txt
../../../../selection/promptD/results/2018MagDownFullRS.root/DecayTree
[#0] WARNING:InputArguments -- The parameter 'sigma3' with range [0, 10] of the RooGaussian 'sig_pdf2' exceeds the safe range of (0, inf). Advise to limit its range.
[#0] ERROR:Integration --  RooNumIntFactory::Init : libRooFitMore cannot be loaded. GSL integrators will not beavailable ! 
[#1] INFO:NumericIntegration -- RooRealIntegral::init(modelBkg_Int[x]) using numeric integrator RooIntegrator1D to calculate Int(x)
[#1] INFO:NumericIntegration -- RooRealIntegral::init(modelBkg_Int[x]) using numeric integrator RooIntegrator1D to calculate Int(x)
[#1] INFO:NumericIntegration -- RooRealIntegral::init(modelBkg_Int[x]) using numeric integrator RooIntegrator1D to calculate Int(x)
[#1] INFO:NumericIntegration -- RooRealIntegral::init(modelBkg_Int[x]) using numeric integrator RooIntegrator1D to calculate Int(x)
[#1] INFO:Fitting -- RooAddition::defaultErrorLevel(nll) Summation contains a RooNLLVar, using its error level
 **********
 **   13 **MIGRAD        6000           1
 **********
 FIRST CALL TO USER FUNCTION AT NEW START POINT, WITH IFLAG=4.
 START MIGRAD MINIMIZATION.  STRATEGY  1.  CONVERGENCE WHEN EDM .LT. 1.00e-03
 FCN=-66682.5 FROM MIGRAD    STATUS=INITIATE       52 CALLS          53 TOTAL
                     EDM= unknown      STRATEGY= 1      NO ERROR MATRIX       
  EXT PARAMETER               CURRENT GUESS       STEP         FIRST   
  NO.   NAME      VALUE            ERROR          SIZE      DERIVATIVE 
   1  NbkgMRS      5.61500e+02   2.80750e+02   1.72186e-01   3.61791e+02
   2  NbkgPRS      5.49400e+02   2.74700e+02   1.72186e-01   3.25312e+02
   3  NsigMRS      5.05350e+03   2.80750e+02   1.72186e-01  -4.02218e+01
   4  NsigPRS      4.94460e+03   2.74700e+02   1.72186e-01  -3.61688e+01
   5  am           1.10000e+01   3.00000e+00   2.21072e-01   1.12174e+02
   6  bm          -2.20000e+01   3.00000e+00   2.29897e-01  -1.26266e+02
   7  cm           5.00000e-01   5.25000e+00   1.18625e-01  -2.50467e+03
   8  coeffsig     7.00000e-01   1.00000e-01   2.21072e-01   2.35615e+02
   9  mean         1.45500e+02   2.10000e+00   2.10680e-01  -1.71355e+04
  10  sigma1       6.00000e-01   3.00000e-01   1.30610e-01   1.46596e+03
  11  sigma2       6.00000e-01   3.00000e-01   1.30610e-01  -3.05566e+03
  12  sigma3       1.40000e+00   7.00000e-01   2.08270e-01  -4.76975e+02
                               ERR DEF= 0.5
 MIGRAD MINIMIZATION HAS CONVERGED.
 MIGRAD WILL VERIFY CONVERGENCE AND ERROR MATRIX.
 EIGENVALUES OF SECOND-DERIVATIVE MATRIX:
        -3.5659e-02  2.4848e-02  9.6691e-02  1.2188e-01  4.9814e-01  8.5747e-01  9.1812e-01  1.1015e+00  1.1425e+00  2.0531e+00  2.1893e+00  3.0321e+00
 MINUIT WARNING IN HESSE   
 ============== MATRIX FORCED POS-DEF BY ADDING 0.038691 TO DIAGONAL.
 FCN=-67025.4 FROM MIGRAD    STATUS=CONVERGED    2434 CALLS        2435 TOTAL
                     EDM=0.000529635    STRATEGY= 1      ERR MATRIX NOT POS-DEF
  EXT PARAMETER                APPROXIMATE        STEP         FIRST   
  NO.   NAME      VALUE            ERROR          SIZE      DERIVATIVE 
   1  NbkgMRS      3.83304e+02   2.84858e+01   3.20748e-03   7.61477e-02
   2  NbkgPRS      3.92258e+02   2.84195e+01   3.21788e-03  -5.25189e-02
   3  NsigMRS      5.23160e+03   7.38659e+01   9.27264e-03  -3.28723e-02
   4  NsigPRS      5.10188e+03   7.29556e+01   9.16051e-03   4.26808e-02
   5  am           1.57036e+00   7.01782e-03   1.07386e-05   2.26805e+02
   6  bm          -3.12163e+00   2.91339e-03   7.34229e-06   3.46524e+02
   7  cm           4.43677e+01   9.95391e-02   1.32210e-05  -1.91951e+02
   8  coeffsig     7.32445e-01   2.33650e-02   3.84502e-03  -1.29799e-01
   9  mean         1.45619e+02   2.04616e-02   1.50208e-04   5.10621e-02
  10  sigma1       6.63450e-01   1.57024e-02   6.72109e-04   7.98265e-01
  11  sigma2       6.48355e-01   2.58289e-02   7.76337e-04   1.07333e+00
  12  sigma3       1.55334e+00   6.45381e-02   1.59457e-03   5.65362e-01
                               ERR DEF= 0.5
 EXTERNAL ERROR MATRIX.    NDIM=  28    NPAR= 12    ERR DEF=0.5
 ELEMENTS ABOVE DIAGONAL ARE NOT PRINTED.
  8.116e+02 
  1.748e+02  8.078e+02 
 -4.270e+02 -1.710e+02  5.461e+03 
 -1.712e+02 -4.154e+02  1.675e+02  5.327e+03 
 -5.317e-02 -5.188e-02  5.194e-02  5.074e-02  4.925e-05 
 -2.085e-02 -2.035e-02  2.037e-02  1.991e-02  1.800e-05  8.488e-06 
 -7.104e-01 -6.930e-01  6.940e-01  6.778e-01  6.762e-04  2.802e-04  9.908e-03 
 -6.132e-02 -6.841e-02  6.027e-02  6.729e-02  1.227e-05  4.794e-06  1.658e-04  5.464e-04 
 -5.002e-03 -3.760e-03  4.810e-03  3.606e-03 -4.655e-06 -1.764e-06 -6.639e-05 -2.092e-04  4.187e-04 
 -3.296e-02 -3.562e-02  3.227e-02  3.493e-02  3.611e-06  1.441e-06  4.676e-05  8.435e-05  1.897e-04  2.466e-04 
 -4.546e-02 -5.002e-02  4.464e-02  4.916e-02  1.229e-05  4.770e-06  1.678e-04  4.592e-04 -4.126e-04 -6.395e-05  6.672e-04 
 -5.674e-01 -5.732e-01  5.558e-01  5.623e-01  9.548e-05  3.746e-05  1.277e-03  1.223e-03 -4.572e-04  1.818e-04  1.004e-03 
 -5.674e-01 -5.732e-01  5.558e-01  5.623e-01  9.548e-05  3.746e-05  1.277e-03  1.223e-03 -4.572e-04  1.818e-04  1.004e-03  4.166e-03 
ERR MATRIX NOT POS-DEF
 PARAMETER  CORRELATION COEFFICIENTS  
       NO.  GLOBAL      1      2      3      4      5      6      7      8      9     10     11     12
        1  0.48400   1.000  0.216 -0.203 -0.082 -0.266 -0.251 -0.251 -0.092 -0.009 -0.074 -0.062 -0.309
        2  0.47685   0.216  1.000 -0.081 -0.200 -0.260 -0.246 -0.245 -0.103 -0.006 -0.080 -0.068 -0.313
        3  0.22286  -0.203 -0.081  1.000  0.031  0.100  0.095  0.094  0.035  0.003  0.028  0.023  0.117
        4  0.22128  -0.082 -0.200  0.031  1.000  0.099  0.094  0.093  0.039  0.002  0.030  0.026  0.119
        5  0.99243  -0.266 -0.260  0.100  0.099  1.000  0.880  0.968  0.075 -0.032  0.033  0.068  0.211
        6  0.99191  -0.251 -0.246  0.095  0.094  0.880  1.000  0.966  0.070 -0.030  0.031  0.063  0.199
        7  0.99774  -0.251 -0.245  0.094  0.093  0.968  0.966  1.000  0.071 -0.033  0.030  0.065  0.199
        8  0.91672  -0.092 -0.103  0.035  0.039  0.075  0.070  0.071  1.000 -0.437  0.230  0.761  0.811
        9  0.91349  -0.009 -0.006  0.003  0.002 -0.032 -0.030 -0.033 -0.437  1.000  0.590 -0.781 -0.346
       10  0.81152  -0.074 -0.080  0.028  0.030  0.033  0.031  0.030  0.230  0.590  1.000 -0.158  0.179
       11  0.91389  -0.062 -0.068  0.023  0.026  0.068  0.063  0.065  0.761 -0.781 -0.158  1.000  0.602
       12  0.87051  -0.309 -0.313  0.117  0.119  0.211  0.199  0.199  0.811 -0.346  0.179  0.602  1.000
 ERR MATRIX NOT POS-DEF
 **********
 **   18 **HESSE        6000
 **********
 EIGENVALUES OF SECOND-DERIVATIVE MATRIX:
        -1.4203e-03  4.1889e-03  2.3322e-02  1.1994e-01  4.9638e-01  8.5618e-01  9.1887e-01  1.1033e+00  1.1438e+00  2.0547e+00  2.1923e+00  3.0885e+00
 MINUIT WARNING IN HESSE   
 ============== MATRIX FORCED POS-DEF BY ADDING 0.004509 TO DIAGONAL.
 FCN=-67025.4 FROM HESSE     STATUS=NOT POSDEF    115 CALLS        2550 TOTAL
                     EDM=0.000701385    STRATEGY= 1      ERR MATRIX NOT POS-DEF
  EXT PARAMETER                APPROXIMATE     INTERNAL      INTERNAL  
  NO.   NAME      VALUE            ERROR       STEP SIZE       VALUE   
   1  NbkgMRS      3.83304e+02   2.92763e+01   1.28299e-04  -1.04211e+00
   2  NbkgPRS      3.92258e+02   2.92476e+01   1.28715e-04  -1.02982e+00
   3  NsigMRS      5.23160e+03   7.53360e+01   3.70906e-04   1.04204e+00
   4  NsigPRS      5.10188e+03   7.44212e+01   3.66420e-04   1.02992e+00
   5  am           1.57036e+00   9.29041e-03   4.29542e-07  -2.30683e-01
   6  bm          -3.12163e+00   3.99006e-03   2.93691e-07   9.13900e-01
   7  cm           4.43677e+01   9.97959e-02   5.28840e-07  -5.03178e-01
   8  coeffsig     7.32445e-01   3.34806e-02   7.69004e-04   4.83509e-01
   9  mean         1.45619e+02   2.83234e-02   6.00833e-06  -2.77987e-01
  10  sigma1       6.63450e-01   1.76154e-02   1.34422e-04  -1.04977e+00
  11  sigma2       6.48355e-01   3.81913e-02   1.55267e-04  -1.05587e+00
  12  sigma3       1.55334e+00   8.75829e-02   6.37828e-05  -7.60565e-01
                               ERR DEF= 0.5
 EXTERNAL ERROR MATRIX.    NDIM=  28    NPAR= 12    ERR DEF=0.5
 ELEMENTS ABOVE DIAGONAL ARE NOT PRINTED.
  8.572e+02 
  1.988e+02  8.555e+02 
 -4.739e+02 -1.984e+02  5.681e+03 
 -1.985e+02 -4.636e+02  1.980e+02  5.544e+03 
 -6.387e-02 -6.256e-02  6.372e-02  6.245e-02  8.631e-05 
 -6.326e-03 -6.201e-03  6.310e-03  6.190e-03 -8.992e-07  1.592e-05 
 -5.496e-01 -5.382e-01  5.483e-01  5.373e-01  6.425e-04  2.788e-04  9.959e-03 
 -1.625e-01 -1.753e-01  1.622e-01  1.751e-01  3.836e-05  3.640e-06  3.354e-04  1.123e-03 
  4.811e-02  5.276e-02 -4.802e-02 -5.268e-02 -2.331e-05 -2.050e-06 -2.090e-04 -6.077e-04  8.022e-04 
 -4.096e-02 -4.391e-02  4.087e-02  4.384e-02  2.686e-06  3.535e-07  2.028e-05  6.515e-05  2.839e-04  3.103e-04 
 -1.455e-01 -1.561e-01  1.452e-01  1.559e-01  4.170e-05  3.862e-06  3.677e-04  1.108e-03 -9.409e-04 -1.442e-04  1.459e-03 
 -8.357e-01 -8.552e-01  8.340e-01  8.539e-01  1.655e-04  1.615e-05  1.432e-03  2.635e-03 -1.410e-03  1.476e-04  2.569e-03 
 -8.357e-01 -8.552e-01  8.340e-01  8.539e-01  1.655e-04  1.615e-05  1.432e-03  2.635e-03 -1.410e-03  1.476e-04  2.569e-03  7.672e-03 
ERR MATRIX NOT POS-DEF
 PARAMETER  CORRELATION COEFFICIENTS  
       NO.  GLOBAL      1      2      3      4      5      6      7      8      9     10     11     12
        1  0.50039   1.000  0.232 -0.215 -0.091 -0.235 -0.054 -0.188 -0.166  0.058 -0.079 -0.130 -0.326
        2  0.49568   0.232  1.000 -0.090 -0.213 -0.230 -0.053 -0.184 -0.179  0.064 -0.085 -0.140 -0.334
        3  0.23509  -0.215 -0.090  1.000  0.035  0.091  0.021  0.073  0.064 -0.022  0.031  0.050  0.126
        4  0.23435  -0.091 -0.213  0.035  1.000  0.090  0.021  0.072  0.070 -0.025  0.033  0.055  0.131
        5  0.99554  -0.235 -0.230  0.091  0.090  1.000 -0.024  0.693  0.123 -0.089  0.016  0.118  0.203
        6  0.99554  -0.054 -0.053  0.021  0.021 -0.024  1.000  0.700  0.027 -0.018  0.005  0.025  0.046
        7  0.99767  -0.188 -0.184  0.073  0.072  0.693  0.700  1.000  0.100 -0.074  0.012  0.096  0.164
        8  0.95901  -0.166 -0.179  0.064  0.070  0.123  0.027  0.100  1.000 -0.640  0.110  0.865  0.898
        9  0.95429   0.058  0.064 -0.022 -0.025 -0.089 -0.018 -0.074 -0.640  1.000  0.569 -0.870 -0.568
       10  0.84822  -0.079 -0.085  0.031  0.033  0.016  0.005  0.012  0.110  0.569  1.000 -0.214  0.096
       11  0.96024  -0.130 -0.140  0.050  0.055  0.118  0.025  0.096  0.865 -0.870 -0.214  1.000  0.768
       12  0.92952  -0.326 -0.334  0.126  0.131  0.203  0.046  0.164  0.898 -0.568  0.096  0.768  1.000
 ERR MATRIX NOT POS-DEF
72 ; 2.37336 ; 2.66495
[#1] INFO:Plotting -- RooAbsPdf::plotOn(modelMRS) directly selected PDF components: (modelBkg)
[#1] INFO:Plotting -- RooAbsPdf::plotOn(modelMRS) indirectly selected PDF components: ()
[#1] INFO:NumericIntegration -- RooRealIntegral::init(modelBkg_Int[x]) using numeric integrator RooIntegrator1D to calculate Int(x)
[#1] INFO:Plotting -- RooAbsPdf::plotOn(modelMRS) directly selected PDF components: (modelSig)
[#1] INFO:Plotting -- RooAbsPdf::plotOn(modelMRS) indirectly selected PDF components: (sig_pdf1,sig_pdf2)
[#1] INFO:NumericIntegration -- RooRealIntegral::init(modelBkg_Int[x]) using numeric integrator RooIntegrator1D to calculate Int(x)
[#1] INFO:NumericIntegration -- RooRealIntegral::init(modelBkg_Int[x]) using numeric integrator RooIntegrator1D to calculate Int(x)
[#1] INFO:Plotting -- RooAbsPdf::plotOn(modelPRS) directly selected PDF components: (modelBkg)
[#1] INFO:Plotting -- RooAbsPdf::plotOn(modelPRS) indirectly selected PDF components: ()
[#1] INFO:NumericIntegration -- RooRealIntegral::init(modelBkg_Int[x]) using numeric integrator RooIntegrator1D to calculate Int(x)
[#1] INFO:Plotting -- RooAbsPdf::plotOn(modelPRS) directly selected PDF components: (modelSig)
[#1] INFO:Plotting -- RooAbsPdf::plotOn(modelPRS) indirectly selected PDF components: (sig_pdf1,sig_pdf2)
[#1] INFO:NumericIntegration -- RooRealIntegral::init(modelBkg_Int[x]) using numeric integrator RooIntegrator1D to calculate Int(x)
[#1] INFO:NumericIntegration -- RooRealIntegral::init(modelBkg_Int[x]) using numeric integrator RooIntegrator1D to calculate Int(x)
PRS chi2: 1.94105 ; MPS chi2: 1.8922
