   ------------------------------------------------------------------
  | Welcome to ROOT 6.24/08                        https://root.cern |
  | (c) 1995-2021, The ROOT Team; conception: R. Brun, F. Rademakers |
  | Built for linuxx8664gcc on Sep 29 2022, 13:04:57                 |
  | From tags/v6-24-08@v6-24-08                                      |
  | With c++ (GCC) 4.8.5 20150623 (Red Hat 4.8.5-44)                 |
  | Try '.help', '.demo', '.license', '.credits', '.quit'/'.q'       |
   ------------------------------------------------------------------


Processing full.C(1,4,"Up","2017")...

[1mRooFit v3.60 -- Developed by Wouter Verkerke and David Kirkby[0m 
                Copyright (C) 2000-2013 NIKHEF, University of California & Stanford University
                All rights reserved, please read http://roofit.sourceforge.net/license.txt

-------------------------
Set LHCb Style - May 2021
-------------------------
../fulltempt/PARAMs/FullMom_1_4.txt
../../../../selection/promptD/results/2017MagUpFullRS.root/DecayTree
[#0] WARNING:InputArguments -- The parameter 'sigma3' with range [0, 10] of the RooGaussian 'sig_pdf2' exceeds the safe range of (0, inf). Advise to limit its range.
[#0] ERROR:Integration --  RooNumIntFactory::Init : libRooFitMore cannot be loaded. GSL integrators will not beavailable ! 
[#1] INFO:NumericIntegration -- RooRealIntegral::init(modelBkg_Int[x]) using numeric integrator RooIntegrator1D to calculate Int(x)
[#1] INFO:NumericIntegration -- RooRealIntegral::init(modelBkg_Int[x]) using numeric integrator RooIntegrator1D to calculate Int(x)
[#1] INFO:NumericIntegration -- RooRealIntegral::init(modelBkg_Int[x]) using numeric integrator RooIntegrator1D to calculate Int(x)
[#1] INFO:NumericIntegration -- RooRealIntegral::init(modelBkg_Int[x]) using numeric integrator RooIntegrator1D to calculate Int(x)
[#1] INFO:Fitting -- RooAddition::defaultErrorLevel(nll) Summation contains a RooNLLVar, using its error level
 **********
 **   13 **MIGRAD        6500           1
 **********
 FIRST CALL TO USER FUNCTION AT NEW START POINT, WITH IFLAG=4.
 START MIGRAD MINIMIZATION.  STRATEGY  1.  CONVERGENCE WHEN EDM .LT. 1.00e-03
 FCN=-30291.5 FROM MIGRAD    STATUS=INITIATE      179 CALLS         180 TOTAL
                     EDM= unknown      STRATEGY= 1      NO ERROR MATRIX       
  EXT PARAMETER               CURRENT GUESS       STEP         FIRST   
  NO.   NAME      VALUE            ERROR          SIZE      DERIVATIVE 
   1  NbkgMRS      3.27600e+02   1.63800e+02   0.00000e+00  -1.39430e+03
   2  NbkgPRS      3.06900e+02   1.53450e+02   0.00000e+00  -1.30190e+03
   3  NsigMRS      2.94840e+03   1.63800e+02   0.00000e+00   1.54873e+02
   4  NsigPRS      2.76210e+03   1.53450e+02   0.00000e+00   1.44608e+02
   5  am           4.00000e+00   2.00000e+00   0.00000e+00  -8.42976e+02
   6  bm          -9.95996e+00   1.75000e+00   0.00000e+00  -5.65193e+02
   7  cm           4.18452e-01   7.50000e+00   0.00000e+00   1.70365e+03
   8  coeffsig     3.48492e-01   5.00000e-02   6.19440e-01  -1.27512e+01
   9  dm0          1.39400e+02   2.00000e+00   0.00000e+00  -2.23208e+02
  10  mean         1.45500e+02   2.10000e+00   0.00000e+00   1.55038e+03
  11  sigma1       5.00000e-01   2.50000e-01   0.00000e+00   5.81968e+01
  12  sigma2       5.00000e-01   2.50000e-01   0.00000e+00  -4.07673e+01
  13  sigma3       1.10000e+00   5.50000e-01   0.00000e+00  -1.84873e+03
                               ERR DEF= 0.5
 MIGRAD MINIMIZATION HAS CONVERGED.
 MIGRAD WILL VERIFY CONVERGENCE AND ERROR MATRIX.
 COVARIANCE MATRIX CALCULATED SUCCESSFULLY
 FCN=-31226.7 FROM HESSE     STATUS=OK            145 CALLS        1368 TOTAL
                     EDM=0.0518984    STRATEGY= 1      ERROR MATRIX ACCURATE 
  EXT PARAMETER                                   STEP         FIRST   
  NO.   NAME      VALUE            ERROR          SIZE      DERIVATIVE 
   1  NbkgMRS      1.08341e+03   4.31429e+01   2.97992e-03   2.07964e-03
   2  NbkgPRS      1.04344e+03   4.23330e+01   3.10626e-03  -1.22792e-01
   3  NsigMRS      2.19268e+03   5.45001e+01   3.94348e-03   6.64392e-02
   4  NsigPRS      2.02554e+03   5.26678e+01   4.03096e-03   4.66785e-02
   5  am           8.90953e+00   8.29373e-02   1.80730e-03   2.24416e-01
   6  bm          -1.99999e+01   1.71740e-01   2.27280e-02  -1.33560e-01
   7  cm           5.18829e-01   1.01465e-01   1.90701e-04   3.14682e+00
   8  coeffsig     9.74687e-01   8.09296e-03   5.25282e-03   6.40137e-02
   9  dm0          1.39502e+02   4.66977e-02   4.89509e-04   2.90877e+00
  10  mean         1.45533e+02   3.59586e-02   1.59532e-04   6.18681e-01
  11  sigma1       7.38921e-01   2.85631e-02   6.73199e-04  -1.02549e-02
  12  sigma2       7.12493e-01   2.57614e-02   6.28578e-04  -3.86464e-01
  13  sigma3       9.06414e+00   8.30877e+00   1.70512e-01  -2.15534e-01
                               ERR DEF= 0.5
 MIGRAD MINIMIZATION HAS CONVERGED.
 FCN=-31226.8 FROM MIGRAD    STATUS=CONVERGED    1427 CALLS        1428 TOTAL
                     EDM=8.67653e-05    STRATEGY= 1  ERROR MATRIX UNCERTAINTY   5.1 per cent
  EXT PARAMETER                                   STEP         FIRST   
  NO.   NAME      VALUE            ERROR          SIZE      DERIVATIVE 
   1  NbkgMRS      1.08312e+03   4.31594e+01   5.76853e-05  -1.58631e-03
   2  NbkgPRS      1.04343e+03   4.23304e+01  -8.09921e-06   4.57063e-03
   3  NsigMRS      2.19288e+03   5.45069e+01  -4.85996e-05  -6.80802e-03
   4  NsigPRS      2.02558e+03   5.26663e+01   5.49711e-06  -7.05931e-03
   5  am           8.90368e+00   7.88971e-02   8.25210e-04   1.21590e-01
   6  bm          -2.00000e+01   1.69298e-01  -1.45224e-03** at limit **
   7  cm           5.20887e-01   1.01195e-01  -1.31685e-05   1.97094e-01
   8  coeffsig     9.74644e-01   8.08134e-03  -2.28818e-04  -4.75185e-02
   9  dm0          1.39501e+02   4.67529e-02  -1.02723e-05   1.82016e-01
  10  mean         1.45532e+02   3.59602e-02   3.68913e-06   1.62469e-02
  11  sigma1       7.38724e-01   2.85602e-02   5.50962e-06  -5.36255e-02
  12  sigma2       7.12773e-01   2.57671e-02  -3.65392e-05   4.10147e-03
  13  sigma3       9.99889e+00   8.08555e+00   3.67754e-02  -6.64574e-03
                               ERR DEF= 0.5
 EXTERNAL ERROR MATRIX.    NDIM=  28    NPAR= 13    ERR DEF=0.5
 ELEMENTS ABOVE DIAGONAL ARE NOT PRINTED.
  1.863e+03 
  3.727e+02  1.792e+03 
 -7.789e+02 -3.729e+02  2.972e+03 
 -3.729e+02 -7.483e+02  3.730e+02  2.775e+03 
 -6.114e-01 -6.378e-01  6.185e-01  6.441e-01  6.225e-03 
  2.739e-06 -9.664e-05 -1.139e-05  7.677e-05 -6.833e-08  1.148e-06 
  7.003e-01  7.077e-01 -7.002e-01 -7.081e-01 -3.603e-03 -1.550e-06  1.024e-02 
  1.274e-01  1.174e-01 -1.277e-01 -1.177e-01  2.337e-05 -6.009e-08  3.030e-05  6.537e-05 
 -1.440e-01 -1.405e-01  1.435e-01  1.404e-01  6.928e-04  1.291e-07 -2.880e-03 -2.937e-05  2.186e-03 
 -6.573e-02 -6.782e-02  6.588e-02  6.791e-02  1.842e-04  7.298e-08 -1.353e-04 -6.532e-06  1.965e-05  1.293e-03 
 -1.794e-01 -1.906e-01  1.794e-01  1.906e-01  4.509e-04  7.404e-08 -3.828e-04 -3.947e-06  5.031e-05  8.515e-04  8.157e-04 
 -4.980e-02 -5.266e-02  4.946e-02  5.241e-02  6.997e-05 -1.251e-07 -1.034e-04  7.217e-06  9.353e-06 -7.745e-04 -4.427e-04 
 -4.980e-02 -5.266e-02  4.946e-02  5.241e-02  6.997e-05 -1.251e-07 -1.034e-04  7.217e-06  9.353e-06 -7.745e-04 -4.427e-04  6.640e-04 
 -6.975e-02 -5.842e-02  8.982e-02  6.501e-02 -6.600e-04 -3.194e-06  6.012e-04 -2.481e-05 -2.658e-04 -3.119e-06 -7.862e-06 
 -6.975e-02 -5.842e-02  8.982e-02  6.501e-02 -6.600e-04 -3.194e-06  6.012e-04 -2.481e-05 -2.658e-04 -3.119e-06 -7.862e-06  9.479e-06  3.529e-02 
 PARAMETER  CORRELATION COEFFICIENTS  
       NO.  GLOBAL      1      2      3      4      5      6      7      8      9     10     11     12     13
        1  0.48838   1.000  0.204 -0.331 -0.164 -0.180  0.000  0.160  0.365 -0.071 -0.042 -0.146 -0.045 -0.009
        2  0.48525   0.204  1.000 -0.162 -0.336 -0.191 -0.002  0.165  0.343 -0.071 -0.045 -0.158 -0.048 -0.007
        3  0.40645  -0.331 -0.162  1.000  0.130  0.144 -0.000 -0.127 -0.290  0.056  0.034  0.115  0.035  0.009
        4  0.41000  -0.164 -0.336  0.130  1.000  0.155  0.001 -0.133 -0.276  0.057  0.036  0.127  0.039  0.007
        5  0.52800  -0.180 -0.191  0.144  0.155  1.000 -0.001 -0.451  0.037  0.188  0.065  0.200  0.034 -0.045
        6  0.02670   0.000 -0.002 -0.000  0.001 -0.001  1.000 -0.014 -0.007  0.003  0.002  0.002 -0.005 -0.016
        7  0.70722   0.160  0.165 -0.127 -0.133 -0.451 -0.014  1.000  0.037 -0.609 -0.037 -0.132 -0.040  0.032
        8  0.55464   0.365  0.343 -0.290 -0.276  0.037 -0.007  0.037  1.000 -0.078 -0.022 -0.017  0.035 -0.016
        9  0.62210  -0.071 -0.071  0.056  0.057  0.188  0.003 -0.609 -0.078  1.000  0.012  0.038  0.008 -0.030
       10  0.93056  -0.042 -0.045  0.034  0.036  0.065  0.002 -0.037 -0.022  0.012  1.000  0.829 -0.836 -0.000
       11  0.86305  -0.146 -0.158  0.115  0.127  0.200  0.002 -0.132 -0.017  0.038  0.829  1.000 -0.601 -0.001
       12  0.85756  -0.045 -0.048  0.035  0.039  0.034 -0.005 -0.040  0.035  0.008 -0.836 -0.601  1.000  0.002
       13  0.05894  -0.009 -0.007  0.009  0.007 -0.045 -0.016  0.032 -0.016 -0.030 -0.000 -0.001  0.002  1.000
 **********
 **   18 **HESSE        6500
 **********
 COVARIANCE MATRIX CALCULATED SUCCESSFULLY
 FCN=-31226.8 FROM HESSE     STATUS=OK            153 CALLS        1581 TOTAL
                     EDM=0.00015406    STRATEGY= 1      ERROR MATRIX ACCURATE 
  EXT PARAMETER                                INTERNAL      INTERNAL  
  NO.   NAME      VALUE            ERROR       STEP SIZE       VALUE   
   1  NbkgMRS      1.08312e+03   4.32266e+01   2.98124e-03  -3.45592e-01
   2  NbkgPRS      1.04343e+03   4.24116e+01   3.10746e-03  -3.25753e-01
   3  NsigMRS      2.19288e+03   5.45686e+01   3.94554e-03   3.45592e-01
   4  NsigPRS      2.02558e+03   5.27284e+01   4.03427e-03   3.25756e-01
   5  am           8.90368e+00   8.01972e-02   1.78762e-03   1.09815e+00
   6  bm          -2.00000e+01   1.74465e-01   2.39237e-02  -1.57138e+00
                                 WARNING -   - ABOVE PARAMETER IS AT LIMIT.
   7  cm           5.20887e-01   1.08488e-01   1.91064e-04  -1.11931e+00
   8  coeffsig     9.74644e-01   8.11785e-03   5.23882e-03   1.25097e+00
   9  dm0          1.39501e+02   5.52539e-02   3.64604e-04  -4.99269e-02
  10  mean         1.45532e+02   3.59668e-02   1.59545e-04  -2.86545e-01
  11  sigma1       7.38724e-01   2.85736e-02   6.73244e-04  -1.02028e+00
  12  sigma2       7.12773e-01   2.57607e-02   6.28560e-04  -1.03028e+00
  13  sigma3       9.99889e+00   8.10113e+00   2.11224e-01   1.54976e+00
                               ERR DEF= 0.5
 EXTERNAL ERROR MATRIX.    NDIM=  28    NPAR= 13    ERR DEF=0.5
 ELEMENTS ABOVE DIAGONAL ARE NOT PRINTED.
  1.869e+03 
  3.776e+02  1.799e+03 
 -7.851e+02 -3.778e+02  2.979e+03 
 -3.778e+02 -7.550e+02  3.780e+02  2.782e+03 
 -6.454e-01 -6.677e-01  6.441e-01  6.665e-01  6.432e-03 
 -1.191e-05 -1.942e-05  1.176e-05  1.927e-05 -7.801e-06  1.184e-06 
  7.740e-01  7.822e-01 -7.730e-01 -7.812e-01 -4.062e-03 -1.021e-06  1.177e-02 
  1.292e-01  1.191e-01 -1.294e-01 -1.193e-01  1.537e-05  2.003e-08  4.544e-05  6.596e-05 
 -1.953e-01 -1.931e-01  1.953e-01  1.931e-01  1.042e-03  1.308e-07 -4.024e-03 -4.043e-05  3.053e-03 
 -6.573e-02 -6.763e-02  6.575e-02  6.765e-02  1.793e-04  8.538e-08 -1.444e-04 -6.183e-06  2.810e-05  1.294e-03 
 -1.804e-01 -1.915e-01  1.803e-01  1.915e-01  4.522e-04  1.126e-07 -4.088e-04 -3.907e-06  7.013e-05  8.520e-04  8.165e-04 
 -4.985e-02 -5.307e-02  4.976e-02  5.298e-02  7.703e-05 -6.073e-08 -1.081e-04  6.971e-06  1.086e-05 -7.744e-04 -4.426e-04 
 -4.985e-02 -5.307e-02  4.976e-02  5.298e-02  7.703e-05 -6.073e-08 -1.081e-04  6.971e-06  1.086e-05 -7.744e-04 -4.426e-04  6.636e-04 
  5.043e-02  2.926e-02 -5.077e-02 -2.957e-02  7.659e-04 -2.367e-08 -1.836e-04  8.487e-06  8.166e-06  7.239e-06  4.408e-06 
  5.043e-02  2.926e-02 -5.077e-02 -2.957e-02  7.659e-04 -2.367e-08 -1.836e-04  8.487e-06  8.166e-06  7.239e-06  4.408e-06 -1.751e-05  3.554e-02 
 PARAMETER  CORRELATION COEFFICIENTS  
       NO.  GLOBAL      1      2      3      4      5      6      7      8      9     10     11     12     13
        1  0.49127   1.000  0.206 -0.333 -0.166 -0.186 -0.000  0.165  0.368 -0.082 -0.042 -0.146 -0.045  0.006
        2  0.48802   0.206  1.000 -0.163 -0.337 -0.196 -0.000  0.170  0.346 -0.082 -0.044 -0.158 -0.049  0.004
        3  0.40828  -0.333 -0.163  1.000  0.131  0.147  0.000 -0.131 -0.292  0.065  0.033  0.116  0.035 -0.005
        4  0.41186  -0.166 -0.337  0.131  1.000  0.158  0.000 -0.137 -0.279  0.066  0.036  0.127  0.039 -0.003
        5  0.54715  -0.186 -0.196  0.147  0.158  1.000 -0.089 -0.467  0.024  0.235  0.062  0.197  0.037  0.051
        6  0.11220  -0.000 -0.000  0.000  0.000 -0.089  1.000 -0.009  0.002  0.002  0.002  0.004 -0.002 -0.000
        7  0.75072   0.165  0.170 -0.131 -0.137 -0.467 -0.009  1.000  0.052 -0.671 -0.037 -0.132 -0.039 -0.009
        8  0.55700   0.368  0.346 -0.292 -0.279  0.024  0.002  0.052  1.000 -0.090 -0.021 -0.017  0.033  0.006
        9  0.68302  -0.082 -0.082  0.065  0.066  0.235  0.002 -0.671 -0.090  1.000  0.014  0.044  0.008  0.001
       10  0.93058  -0.042 -0.044  0.033  0.036  0.062  0.002 -0.037 -0.021  0.014  1.000  0.829 -0.836  0.001
       11  0.86313  -0.146 -0.158  0.116  0.127  0.197  0.004 -0.132 -0.017  0.044  0.829  1.000 -0.601  0.001
       12  0.85757  -0.045 -0.049  0.035  0.039  0.037 -0.002 -0.039  0.033  0.008 -0.836 -0.601  1.000 -0.004
       13  0.05858   0.006  0.004 -0.005 -0.003  0.051 -0.000 -0.009  0.006  0.001  0.001  0.001 -0.004  1.000
71 ; 1.15455 ; 1.28739
[#1] INFO:Plotting -- RooAbsPdf::plotOn(modelMRS) directly selected PDF components: (modelBkg)
[#1] INFO:Plotting -- RooAbsPdf::plotOn(modelMRS) indirectly selected PDF components: ()
[#1] INFO:NumericIntegration -- RooRealIntegral::init(modelBkg_Int[x]) using numeric integrator RooIntegrator1D to calculate Int(x)
[#1] INFO:Plotting -- RooAbsPdf::plotOn(modelMRS) directly selected PDF components: (modelSig)
[#1] INFO:Plotting -- RooAbsPdf::plotOn(modelMRS) indirectly selected PDF components: (sig_pdf1,sig_pdf2)
[#1] INFO:NumericIntegration -- RooRealIntegral::init(modelBkg_Int[x]) using numeric integrator RooIntegrator1D to calculate Int(x)
[#1] INFO:NumericIntegration -- RooRealIntegral::init(modelBkg_Int[x]) using numeric integrator RooIntegrator1D to calculate Int(x)
[#1] INFO:Plotting -- RooAbsPdf::plotOn(modelPRS) directly selected PDF components: (modelBkg)
[#1] INFO:Plotting -- RooAbsPdf::plotOn(modelPRS) indirectly selected PDF components: ()
[#1] INFO:NumericIntegration -- RooRealIntegral::init(modelBkg_Int[x]) using numeric integrator RooIntegrator1D to calculate Int(x)
[#1] INFO:Plotting -- RooAbsPdf::plotOn(modelPRS) directly selected PDF components: (modelSig)
[#1] INFO:Plotting -- RooAbsPdf::plotOn(modelPRS) indirectly selected PDF components: (sig_pdf1,sig_pdf2)
[#1] INFO:NumericIntegration -- RooRealIntegral::init(modelBkg_Int[x]) using numeric integrator RooIntegrator1D to calculate Int(x)
[#1] INFO:NumericIntegration -- RooRealIntegral::init(modelBkg_Int[x]) using numeric integrator RooIntegrator1D to calculate Int(x)
PRS chi2: 0.962993 ; MPS chi2: 0.96333
