   ------------------------------------------------------------------
  | Welcome to ROOT 6.24/08                        https://root.cern |
  | (c) 1995-2021, The ROOT Team; conception: R. Brun, F. Rademakers |
  | Built for linuxx8664gcc on Sep 29 2022, 13:04:57                 |
  | From tags/v6-24-08@v6-24-08                                      |
  | With c++ (GCC) 4.8.5 20150623 (Red Hat 4.8.5-44)                 |
  | Try '.help', '.demo', '.license', '.credits', '.quit'/'.q'       |
   ------------------------------------------------------------------


Processing part.C(3,"Down","2017")...

[1mRooFit v3.60 -- Developed by Wouter Verkerke and David Kirkby[0m 
                Copyright (C) 2000-2013 NIKHEF, University of California & Stanford University
                All rights reserved, please read http://roofit.sourceforge.net/license.txt

-------------------------
Set LHCb Style - May 2021
-------------------------
../parttempt/PARAMs/PartMom_3.txt
[#0] ERROR:Integration --  RooNumIntFactory::Init : libRooFitMore cannot be loaded. GSL integrators will not beavailable ! 
[#1] INFO:NumericIntegration -- RooRealIntegral::init(modelSig_clone_Int[x]) using numeric integrator RooIntegrator1D to calculate Int(x)
[#1] INFO:NumericIntegration -- RooRealIntegral::init(modelSig_clone_Int[x]) using numeric integrator RooIntegrator1D to calculate Int(x)
[#1] INFO:NumericIntegration -- RooRealIntegral::init(modelSig_clone_Int[x]) using numeric integrator RooIntegrator1D to calculate Int(x)
[#1] INFO:NumericIntegration -- RooRealIntegral::init(modelSig_clone_Int[x]) using numeric integrator RooIntegrator1D to calculate Int(x)
[#1] INFO:Fitting -- RooAddition::defaultErrorLevel(nll) Summation contains a RooNLLVar, using its error level
 **********
 **   13 **MIGRAD        3500           1
 **********
 FIRST CALL TO USER FUNCTION AT NEW START POINT, WITH IFLAG=4.
 START MIGRAD MINIMIZATION.  STRATEGY  1.  CONVERGENCE WHEN EDM .LT. 1.00e-03
 FCN=-1.92872e+06 FROM MIGRAD    STATUS=INITIATE       40 CALLS          41 TOTAL
                     EDM= unknown      STRATEGY= 1      NO ERROR MATRIX       
  EXT PARAMETER               CURRENT GUESS       STEP         FIRST   
  NO.   NAME      VALUE            ERROR          SIZE      DERIVATIVE 
   1  NbkgMRS      3.41585e+04   1.31379e+04   2.31984e-01  -9.60780e+03
   2  NbkgPRS      3.32472e+04   1.27874e+04   2.31984e-01  -9.62971e+03
   3  NsigMRS      9.72205e+04   1.31379e+04   2.31984e-01   3.37520e+03
   4  NsigPRS      9.46268e+04   1.27874e+04   2.31984e-01   3.38289e+03
   5  mean         1.46000e+02   1.00000e+00   6.05668e-02   2.73369e+05
   6  sigma        2.30000e+00   4.00000e-01   2.03796e-01  -5.23731e+04
   7  sigma2       5.00000e+00   2.50000e+00   1.18625e-01   8.34331e+03
                               ERR DEF= 0.5
 MIGRAD MINIMIZATION HAS CONVERGED.
 MIGRAD WILL VERIFY CONVERGENCE AND ERROR MATRIX.
 COVARIANCE MATRIX CALCULATED SUCCESSFULLY
 FCN=-1.94975e+06 FROM MIGRAD    STATUS=CONVERGED     357 CALLS         358 TOTAL
                     EDM=0.000241952    STRATEGY= 1      ERROR MATRIX ACCURATE 
  EXT PARAMETER                                   STEP         FIRST   
  NO.   NAME      VALUE            ERROR          SIZE      DERIVATIVE 
   1  NbkgMRS      3.64386e+04   2.84684e+02   4.14024e-03  -3.12476e-01
   2  NbkgPRS      3.57895e+04   2.81489e+02   4.19951e-03   1.80073e+00
   3  NsigMRS      9.49425e+04   3.73443e+02   5.52613e-03   1.39155e+00
   4  NsigPRS      9.20849e+04   3.68009e+02   5.58156e-03  -4.69252e-01
   5  mean         1.44497e+02   2.78491e-02   7.55694e-04   4.44777e+00
   6  sigma        4.00000e+00   1.01633e-02   9.39418e-02** at limit **
   7  sigma2       6.15333e+00   2.60412e-02   6.35543e-04   4.52360e+00
                               ERR DEF= 0.5
 EXTERNAL ERROR MATRIX.    NDIM=  25    NPAR=  7    ERR DEF=0.5
  8.105e+04  6.107e+03 -4.449e+04 -6.104e+03  8.465e-01 -4.143e-04 -1.852e+00 
  6.107e+03  7.924e+04 -6.105e+03 -4.333e+04  8.243e-01 -3.973e-04 -1.796e+00 
 -4.449e+04 -6.105e+03  1.395e+05  6.102e+03 -8.465e-01  4.146e-04  1.851e+00 
 -6.104e+03 -4.333e+04  6.102e+03  1.354e+05 -8.243e-01  3.975e-04  1.795e+00 
  8.465e-01  8.243e-01 -8.465e-01 -8.243e-01  7.756e-04 -7.792e-07 -5.467e-04 
 -4.143e-04 -3.973e-04  4.146e-04  3.975e-04 -7.792e-07  1.586e-08  4.172e-07 
 -1.852e+00 -1.796e+00  1.851e+00  1.795e+00 -5.467e-04  4.172e-07  6.781e-04 
 PARAMETER  CORRELATION COEFFICIENTS  
       NO.  GLOBAL      1      2      3      4      5      6      7
        1  0.46142   1.000  0.076 -0.418 -0.058  0.107 -0.012 -0.250
        2  0.45943   0.076  1.000 -0.058 -0.418  0.105 -0.011 -0.245
        3  0.43021  -0.418 -0.058  1.000  0.044 -0.081  0.009  0.190
        4  0.42968  -0.058 -0.418  0.044  1.000 -0.080  0.009  0.187
        5  0.77400   0.107  0.105 -0.081 -0.080  1.000 -0.222 -0.754
        6  0.23055  -0.012 -0.011  0.009  0.009 -0.222  1.000  0.127
        7  0.79374  -0.250 -0.245  0.190  0.187 -0.754  0.127  1.000
 **********
 **   18 **HESSE        3500
 **********
 COVARIANCE MATRIX CALCULATED SUCCESSFULLY
 FCN=-1.94975e+06 FROM HESSE     STATUS=OK             54 CALLS         412 TOTAL
                     EDM=0.000266348    STRATEGY= 1      ERROR MATRIX ACCURATE 
  EXT PARAMETER                                INTERNAL      INTERNAL  
  NO.   NAME      VALUE            ERROR       STEP SIZE       VALUE   
   1  NbkgMRS      3.64386e+04   2.85500e+02   1.65610e-04  -4.61499e-01
   2  NbkgPRS      3.57895e+04   2.82272e+02   1.67981e-04  -4.55864e-01
   3  NsigMRS      9.49425e+04   3.74189e+02   2.21045e-04   4.61533e-01
   4  NsigPRS      9.20849e+04   3.68731e+02   2.23262e-04   4.55870e-01
   5  mean         1.44497e+02   3.78092e-02   3.02278e-05   1.26187e+00
   6  sigma        4.00000e+00   8.94446e-03   3.83283e-01   1.57017e+00
                                 WARNING -   - ABOVE PARAMETER IS AT LIMIT.
   7  sigma2       6.15333e+00   2.97173e-02   2.54217e-05  -1.06944e+00
                               ERR DEF= 0.5
 EXTERNAL ERROR MATRIX.    NDIM=  25    NPAR=  7    ERR DEF=0.5
  8.151e+04  6.449e+03 -4.507e+04 -6.448e+03  1.230e+00 -1.691e-03 -2.084e+00 
  6.449e+03  7.968e+04 -6.449e+03 -4.388e+04  1.192e+00 -1.622e-03 -2.020e+00 
 -4.507e+04 -6.449e+03  1.400e+05  6.448e+03 -1.230e+00  1.691e-03  2.085e+00 
 -6.448e+03 -4.388e+04  6.448e+03  1.360e+05 -1.192e+00  1.622e-03  2.020e+00 
  1.230e+00  1.192e+00 -1.230e+00 -1.192e+00  1.430e-03 -3.084e-06 -9.110e-04 
 -1.691e-03 -1.622e-03  1.691e-03  1.622e-03 -3.084e-06  1.395e-08  1.692e-06 
 -2.084e+00 -2.020e+00  2.085e+00  2.020e+00 -9.110e-04  1.692e-06  8.831e-04 
 PARAMETER  CORRELATION COEFFICIENTS  
       NO.  GLOBAL      1      2      3      4      5      6      7
        1  0.46626   1.000  0.080 -0.422 -0.061  0.114 -0.050 -0.246
        2  0.46416   0.080  1.000 -0.061 -0.422  0.112 -0.049 -0.241
        3  0.43396  -0.422 -0.061  1.000  0.047 -0.087  0.038  0.187
        4  0.43337  -0.061 -0.422  0.047  1.000 -0.086  0.037  0.184
        5  0.88458   0.114  0.112 -0.087 -0.086  1.000 -0.691 -0.811
        6  0.70326  -0.050 -0.049  0.038  0.037 -0.691  1.000  0.482
        7  0.84611  -0.246 -0.241  0.187  0.184 -0.811  0.482  1.000
63 ; 7.36879 ; 6.30307
[#1] INFO:Plotting -- RooAbsPdf::plotOn(modelMRS) directly selected PDF components: (modelBkg)
[#1] INFO:Plotting -- RooAbsPdf::plotOn(modelMRS) indirectly selected PDF components: ()
[#1] INFO:NumericIntegration -- RooRealIntegral::init(modelSig_clone_Int[x]) using numeric integrator RooIntegrator1D to calculate Int(x)
[#1] INFO:Plotting -- RooAbsPdf::plotOn(modelMRS) directly selected PDF components: (modelSig)
[#1] INFO:Plotting -- RooAbsPdf::plotOn(modelMRS) indirectly selected PDF components: (gaubifur,acc)
[#1] INFO:NumericIntegration -- RooRealIntegral::init(modelSig_clone_Int[x]) using numeric integrator RooIntegrator1D to calculate Int(x)
[#1] INFO:NumericIntegration -- RooRealIntegral::init(modelSig_clone_Int[x]) using numeric integrator RooIntegrator1D to calculate Int(x)
[#1] INFO:Plotting -- RooAbsPdf::plotOn(modelPRS) directly selected PDF components: (modelBkg)
[#1] INFO:Plotting -- RooAbsPdf::plotOn(modelPRS) indirectly selected PDF components: ()
[#1] INFO:NumericIntegration -- RooRealIntegral::init(modelSig_clone_Int[x]) using numeric integrator RooIntegrator1D to calculate Int(x)
[#1] INFO:Plotting -- RooAbsPdf::plotOn(modelPRS) directly selected PDF components: (modelSig)
[#1] INFO:Plotting -- RooAbsPdf::plotOn(modelPRS) indirectly selected PDF components: (gaubifur,acc)
[#1] INFO:NumericIntegration -- RooRealIntegral::init(modelSig_clone_Int[x]) using numeric integrator RooIntegrator1D to calculate Int(x)
[#1] INFO:NumericIntegration -- RooRealIntegral::init(modelSig_clone_Int[x]) using numeric integrator RooIntegrator1D to calculate Int(x)
PRS chi2: 5.42481 ; MPS chi2: 4.57754
