   ------------------------------------------------------------------
  | Welcome to ROOT 6.24/08                        https://root.cern |
  | (c) 1995-2021, The ROOT Team; conception: R. Brun, F. Rademakers |
  | Built for linuxx8664gcc on Sep 29 2022, 13:04:57                 |
  | From tags/v6-24-08@v6-24-08                                      |
  | With c++ (GCC) 4.8.5 20150623 (Red Hat 4.8.5-44)                 |
  | Try '.help', '.demo', '.license', '.credits', '.quit'/'.q'       |
   ------------------------------------------------------------------


Processing part.C(3,"Up","2017")...

[1mRooFit v3.60 -- Developed by Wouter Verkerke and David Kirkby[0m 
                Copyright (C) 2000-2013 NIKHEF, University of California & Stanford University
                All rights reserved, please read http://roofit.sourceforge.net/license.txt

-------------------------
Set LHCb Style - May 2021
-------------------------
../parttempt/PARAMs/PartMom_3.txt
[#0] ERROR:Integration --  RooNumIntFactory::Init : libRooFitMore cannot be loaded. GSL integrators will not beavailable ! 
[#1] INFO:NumericIntegration -- RooRealIntegral::init(modelSig_clone_Int[x]) using numeric integrator RooIntegrator1D to calculate Int(x)
[#1] INFO:NumericIntegration -- RooRealIntegral::init(modelSig_clone_Int[x]) using numeric integrator RooIntegrator1D to calculate Int(x)
[#1] INFO:NumericIntegration -- RooRealIntegral::init(modelSig_clone_Int[x]) using numeric integrator RooIntegrator1D to calculate Int(x)
[#1] INFO:NumericIntegration -- RooRealIntegral::init(modelSig_clone_Int[x]) using numeric integrator RooIntegrator1D to calculate Int(x)
[#1] INFO:Fitting -- RooAddition::defaultErrorLevel(nll) Summation contains a RooNLLVar, using its error level
 **********
 **   13 **MIGRAD        3500           1
 **********
 FIRST CALL TO USER FUNCTION AT NEW START POINT, WITH IFLAG=4.
 START MIGRAD MINIMIZATION.  STRATEGY  1.  CONVERGENCE WHEN EDM .LT. 1.00e-03
 FCN=-1.91731e+06 FROM MIGRAD    STATUS=INITIATE       42 CALLS          43 TOTAL
                     EDM= unknown      STRATEGY= 1      NO ERROR MATRIX       
  EXT PARAMETER               CURRENT GUESS       STEP         FIRST   
  NO.   NAME      VALUE            ERROR          SIZE      DERIVATIVE 
   1  NbkgMRS      3.38530e+04   1.30204e+04   2.31984e-01  -1.48248e+03
   2  NbkgPRS      3.26206e+04   1.25464e+04   2.31984e-01  -1.68888e+03
   3  NsigMRS      9.63510e+04   1.30204e+04   2.31984e-01   5.20397e+02
   4  NsigPRS      9.28434e+04   1.25464e+04   2.31984e-01   5.92911e+02
   5  mean         1.45000e+02   1.50000e+00   7.44232e-02   6.31463e+04
   6  sigma        3.30000e+00   3.50000e-01   2.37619e-01  -4.18025e+03
   7  sigma2       6.00000e+00   3.00000e+00   1.30610e-01   1.71331e+04
                               ERR DEF= 0.5
 MIGRAD MINIMIZATION HAS CONVERGED.
 MIGRAD WILL VERIFY CONVERGENCE AND ERROR MATRIX.
 COVARIANCE MATRIX CALCULATED SUCCESSFULLY
 FCN=-1.91869e+06 FROM MIGRAD    STATUS=CONVERGED     309 CALLS         310 TOTAL
                     EDM=3.09547e-05    STRATEGY= 1      ERROR MATRIX ACCURATE 
  EXT PARAMETER                                   STEP         FIRST   
  NO.   NAME      VALUE            ERROR          SIZE      DERIVATIVE 
   1  NbkgMRS      3.56077e+04   2.80299e+02   4.11559e-03   3.96196e-01
   2  NbkgPRS      3.47294e+04   2.76026e+02   4.19567e-03  -2.11606e-01
   3  NsigMRS      9.45967e+04   3.70756e+02   5.53534e-03   5.91005e-02
   4  NsigPRS      9.07343e+04   3.63458e+02   5.61083e-03  -1.08550e-01
   5  mean         1.44484e+02   2.85018e-02   7.56351e-04   2.60939e+00
   6  sigma        4.00000e+00   1.29555e-02   1.03642e-01** at limit **
   7  sigma2       6.21466e+00   2.61766e-02   6.30381e-04   7.37368e-01
                               ERR DEF= 0.5
 EXTERNAL ERROR MATRIX.    NDIM=  25    NPAR=  7    ERR DEF=0.5
  7.857e+04  5.540e+03 -4.284e+04 -5.538e+03  8.771e-01 -3.538e-04 -1.798e+00 
  5.540e+03  7.619e+04 -5.537e+03 -4.135e+04  8.213e-01 -3.409e-04 -1.717e+00 
 -4.284e+04 -5.537e+03  1.375e+05  5.535e+03 -8.769e-01  3.540e-04  1.797e+00 
 -5.538e+03 -4.135e+04  5.535e+03  1.321e+05 -8.213e-01  3.411e-04  1.716e+00 
  8.771e-01  8.213e-01 -8.769e-01 -8.213e-01  8.124e-04 -7.429e-07 -5.647e-04 
 -3.538e-04 -3.409e-04  3.540e-04  3.411e-04 -7.429e-07  9.300e-09  3.944e-07 
 -1.798e+00 -1.717e+00  1.797e+00  1.716e+00 -5.647e-04  3.944e-07  6.852e-04 
 PARAMETER  CORRELATION COEFFICIENTS  
       NO.  GLOBAL      1      2      3      4      5      6      7
        1  0.45423   1.000  0.072 -0.412 -0.054  0.110 -0.013 -0.245
        2  0.45188   0.072  1.000 -0.054 -0.412  0.104 -0.013 -0.238
        3  0.42346  -0.412 -0.054  1.000  0.041 -0.083  0.010  0.185
        4  0.42296  -0.054 -0.412  0.041  1.000 -0.079  0.010  0.180
        5  0.78038   0.110  0.104 -0.083 -0.079  1.000 -0.270 -0.757
        6  0.28025  -0.013 -0.013  0.010  0.010 -0.270  1.000  0.156
        7  0.79405  -0.245 -0.238  0.185  0.180 -0.757  0.156  1.000
 **********
 **   18 **HESSE        3500
 **********
 COVARIANCE MATRIX CALCULATED SUCCESSFULLY
 FCN=-1.91869e+06 FROM HESSE     STATUS=OK             54 CALLS         364 TOTAL
                     EDM=5.65516e-05    STRATEGY= 1      ERROR MATRIX ACCURATE 
  EXT PARAMETER                                INTERNAL      INTERNAL  
  NO.   NAME      VALUE            ERROR       STEP SIZE       VALUE   
   1  NbkgMRS      3.56077e+04   2.81190e+02   1.64624e-04  -4.70181e-01
   2  NbkgPRS      3.47294e+04   2.76876e+02   1.67827e-04  -4.62721e-01
   3  NsigMRS      9.45967e+04   3.71553e+02   2.21414e-04   4.70187e-01
   4  NsigPRS      9.07343e+04   3.64225e+02   2.24433e-04   4.62716e-01
   5  mean         1.44484e+02   4.28754e-02   3.02541e-05   1.26129e+00
   6  sigma        4.00000e+00   1.12643e-02   4.22860e-01   1.57037e+00
                                 WARNING -   - ABOVE PARAMETER IS AT LIMIT.
   7  sigma2       6.21466e+00   3.16132e-02   2.52152e-05  -1.06690e+00
                               ERR DEF= 0.5
 EXTERNAL ERROR MATRIX.    NDIM=  25    NPAR=  7    ERR DEF=0.5
  7.907e+04  5.920e+03 -4.346e+04 -5.920e+03  1.410e+00 -1.458e-03 -2.111e+00 
  5.920e+03  7.666e+04 -5.920e+03 -4.193e+04  1.333e+00 -1.401e-03 -2.017e+00 
 -4.346e+04 -5.920e+03  1.381e+05  5.920e+03 -1.410e+00  1.458e-03  2.111e+00 
 -5.920e+03 -4.193e+04  5.920e+03  1.327e+05 -1.333e+00  1.401e-03  2.017e+00 
  1.410e+00  1.333e+00 -1.410e+00 -1.333e+00  1.838e-03 -2.947e-06 -1.131e-03 
 -1.458e-03 -1.401e-03  1.458e-03  1.401e-03 -2.947e-06  8.085e-09  1.609e-06 
 -2.111e+00 -2.017e+00  2.111e+00  2.017e+00 -1.131e-03  1.609e-06  9.994e-04 
 PARAMETER  CORRELATION COEFFICIENTS  
       NO.  GLOBAL      1      2      3      4      5      6      7
        1  0.45973   1.000  0.076 -0.416 -0.058  0.117 -0.058 -0.237
        2  0.45724   0.076  1.000 -0.058 -0.416  0.112 -0.056 -0.230
        3  0.42759  -0.416 -0.058  1.000  0.044 -0.088  0.044  0.180
        4  0.42702  -0.058 -0.416  0.044  1.000 -0.085  0.043  0.175
        5  0.90950   0.117  0.112 -0.088 -0.085  1.000 -0.764 -0.834
        6  0.77544  -0.058 -0.056  0.044  0.043 -0.764  1.000  0.566
        7  0.86410  -0.237 -0.230  0.180  0.175 -0.834  0.566  1.000
63 ; 6.84902 ; 7.96918
[#1] INFO:Plotting -- RooAbsPdf::plotOn(modelMRS) directly selected PDF components: (modelBkg)
[#1] INFO:Plotting -- RooAbsPdf::plotOn(modelMRS) indirectly selected PDF components: ()
[#1] INFO:NumericIntegration -- RooRealIntegral::init(modelSig_clone_Int[x]) using numeric integrator RooIntegrator1D to calculate Int(x)
[#1] INFO:Plotting -- RooAbsPdf::plotOn(modelMRS) directly selected PDF components: (modelSig)
[#1] INFO:Plotting -- RooAbsPdf::plotOn(modelMRS) indirectly selected PDF components: (gaubifur,acc)
[#1] INFO:NumericIntegration -- RooRealIntegral::init(modelSig_clone_Int[x]) using numeric integrator RooIntegrator1D to calculate Int(x)
[#1] INFO:NumericIntegration -- RooRealIntegral::init(modelSig_clone_Int[x]) using numeric integrator RooIntegrator1D to calculate Int(x)
[#1] INFO:Plotting -- RooAbsPdf::plotOn(modelPRS) directly selected PDF components: (modelBkg)
[#1] INFO:Plotting -- RooAbsPdf::plotOn(modelPRS) indirectly selected PDF components: ()
[#1] INFO:NumericIntegration -- RooRealIntegral::init(modelSig_clone_Int[x]) using numeric integrator RooIntegrator1D to calculate Int(x)
[#1] INFO:Plotting -- RooAbsPdf::plotOn(modelPRS) directly selected PDF components: (modelSig)
[#1] INFO:Plotting -- RooAbsPdf::plotOn(modelPRS) indirectly selected PDF components: (gaubifur,acc)
[#1] INFO:NumericIntegration -- RooRealIntegral::init(modelSig_clone_Int[x]) using numeric integrator RooIntegrator1D to calculate Int(x)
[#1] INFO:NumericIntegration -- RooRealIntegral::init(modelSig_clone_Int[x]) using numeric integrator RooIntegrator1D to calculate Int(x)
PRS chi2: 5.32626 ; MPS chi2: 5.24735
