   ------------------------------------------------------------------
  | Welcome to ROOT 6.24/08                        https://root.cern |
  | (c) 1995-2021, The ROOT Team; conception: R. Brun, F. Rademakers |
  | Built for linuxx8664gcc on Sep 29 2022, 13:04:57                 |
  | From tags/v6-24-08@v6-24-08                                      |
  | With c++ (GCC) 4.8.5 20150623 (Red Hat 4.8.5-44)                 |
  | Try '.help', '.demo', '.license', '.credits', '.quit'/'.q'       |
   ------------------------------------------------------------------


Processing full.C(5,5,"Up","2017")...

[1mRooFit v3.60 -- Developed by Wouter Verkerke and David Kirkby[0m 
                Copyright (C) 2000-2013 NIKHEF, University of California & Stanford University
                All rights reserved, please read http://roofit.sourceforge.net/license.txt

-------------------------
Set LHCb Style - May 2021
-------------------------
../fulltempt/PARAMs/FullMom_5_5.txt
../../../../selection/promptD/results/2017MagUpFullRS.root/DecayTree
[#0] WARNING:InputArguments -- The parameter 'sigma3' with range [0, 10] of the RooGaussian 'sig_pdf2' exceeds the safe range of (0, inf). Advise to limit its range.
[#0] ERROR:Integration --  RooNumIntFactory::Init : libRooFitMore cannot be loaded. GSL integrators will not beavailable ! 
[#1] INFO:NumericIntegration -- RooRealIntegral::init(modelBkg_Int[x]) using numeric integrator RooIntegrator1D to calculate Int(x)
[#1] INFO:NumericIntegration -- RooRealIntegral::init(modelBkg_Int[x]) using numeric integrator RooIntegrator1D to calculate Int(x)
[#1] INFO:NumericIntegration -- RooRealIntegral::init(modelBkg_Int[x]) using numeric integrator RooIntegrator1D to calculate Int(x)
[#1] INFO:NumericIntegration -- RooRealIntegral::init(modelBkg_Int[x]) using numeric integrator RooIntegrator1D to calculate Int(x)
[#1] INFO:Fitting -- RooAddition::defaultErrorLevel(nll) Summation contains a RooNLLVar, using its error level
 **********
 **   13 **MIGRAD        6500           1
 **********
 FIRST CALL TO USER FUNCTION AT NEW START POINT, WITH IFLAG=4.
 START MIGRAD MINIMIZATION.  STRATEGY  1.  CONVERGENCE WHEN EDM .LT. 1.00e-03
 FCN=-50866.5 FROM MIGRAD    STATUS=INITIATE      100 CALLS         101 TOTAL
                     EDM= unknown      STRATEGY= 1      NO ERROR MATRIX       
  EXT PARAMETER               CURRENT GUESS       STEP         FIRST   
  NO.   NAME      VALUE            ERROR          SIZE      DERIVATIVE 
   1  NbkgMRS      4.30300e+02   2.15150e+02   0.00000e+00   5.54865e+02
   2  NbkgPRS      4.16700e+02   2.08350e+02   0.00000e+00   5.43525e+02
   3  NsigMRS      3.87270e+03   2.15150e+02   0.00000e+00  -6.16669e+01
   4  NsigPRS      3.75030e+03   2.08350e+02   0.00000e+00  -6.04070e+01
   5  am          -9.18000e+00   4.00000e+00   0.00000e+00   5.69641e+01
   6  bm          -1.44782e+00   5.50000e-01  -7.13734e-02   2.99866e+01
   7  cm           1.60000e+01   1.30000e+01   0.00000e+00   1.33529e+01
   8  coeffsig     6.00000e-01   1.00000e-01   0.00000e+00  -3.51904e+02
   9  dm0          1.39200e+02   2.00000e+00   0.00000e+00  -9.03174e+01
  10  mean         1.45500e+02   2.10000e+00   0.00000e+00  -4.42867e+03
  11  sigma1       5.60000e-01   2.80000e-01   0.00000e+00   9.14677e+02
  12  sigma2       5.00000e-01   2.50000e-01   0.00000e+00  -4.52015e+02
  13  sigma3       1.27000e+00   6.35000e-01   0.00000e+00   1.86276e+03
                               ERR DEF= 0.5
 MINUIT WARNING IN MIGRAD  
 ============== Negative diagonal element 5 in Error Matrix
 MINUIT WARNING IN MIGRAD  
 ============== Negative diagonal element 7 in Error Matrix
 MINUIT WARNING IN MIGRAD  
 ============== Negative diagonal element 9 in Error Matrix
 MINUIT WARNING IN MIGRAD  
 ============== 1.00006 added to diagonal of error matrix
 MIGRAD FAILS TO FIND IMPROVEMENT
 EIGENVALUES OF SECOND-DERIVATIVE MATRIX:
        -7.1464e-03  2.4954e-02  8.2346e-02  4.3971e-01  7.4216e-01  8.9304e-01  9.1107e-01  9.9998e-01  1.0532e+00  1.0999e+00  2.0834e+00  2.2256e+00  2.4518e+00
 MINUIT WARNING IN HESSE   
 ============== MATRIX FORCED POS-DEF BY ADDING 0.009598 TO DIAGONAL.
 FCN=-51121.7 FROM HESSE     STATUS=NOT POSDEF    149 CALLS        1309 TOTAL
                     EDM=0.125798    STRATEGY= 1      ERR MATRIX NOT POS-DEF
  EXT PARAMETER                APPROXIMATE        STEP         FIRST   
  NO.   NAME      VALUE            ERROR          SIZE      DERIVATIVE 
   1  NbkgMRS      1.09975e+02   1.63363e+01   3.26237e-03  -1.22158e-01
   2  NbkgPRS      1.00054e+02   1.65900e+01   3.37927e-03  -1.87070e-02
   3  NsigMRS      4.19312e+03   6.55133e+01   1.50297e-02   1.85311e-02
   4  NsigPRS      4.06682e+03   6.46314e+01   1.56577e-02  -1.91727e-02
   5  am          -5.90566e+00   2.09351e-01   1.56838e-03  -1.00870e+00
   6  bm          -1.28928e+00   9.10343e-01   2.07728e-03  -7.45700e-01
   7  cm           3.26460e+01   3.42392e+01   4.49656e-03   2.17739e-01
   8  coeffsig     7.49902e-01   3.69155e-02   3.84145e-03   2.26860e-01
   9  dm0          1.38843e+02   1.77250e-03   3.63434e-05  -2.79040e+03
  10  mean         1.45451e+02   2.52776e-02   1.29370e-04  -4.37427e+00
  11  sigma1       5.57002e-01   1.96531e-02   6.32956e-04  -7.56820e-01
  12  sigma2       6.50017e-01   3.29926e-02   6.87751e-04  -2.22926e+00
  13  sigma3       1.32595e+00   7.73416e-02   1.33523e-03   2.11925e-01
                               ERR DEF= 0.5
 MIGRAD MINIMIZATION HAS CONVERGED.
 MIGRAD WILL VERIFY CONVERGENCE AND ERROR MATRIX.
 EIGENVALUES OF SECOND-DERIVATIVE MATRIX:
        -5.3551e-02  2.5451e-02  8.2352e-02  1.3470e-01  4.4560e-01  8.9146e-01  9.1044e-01  9.9988e-01  1.0530e+00  1.0993e+00  2.0832e+00  2.2258e+00  3.1023e+00
 MINUIT WARNING IN HESSE   
 ============== MATRIX FORCED POS-DEF BY ADDING 0.056653 TO DIAGONAL.
 FCN=-51121.7 FROM MIGRAD    STATUS=CONVERGED    1682 CALLS        1683 TOTAL
                     EDM=0.0006198    STRATEGY= 1      ERR MATRIX NOT POS-DEF
  EXT PARAMETER                APPROXIMATE        STEP         FIRST   
  NO.   NAME      VALUE            ERROR          SIZE      DERIVATIVE 
   1  NbkgMRS      1.09371e+02   1.60365e+01   3.26018e-03   1.63448e-02
   2  NbkgPRS      9.93780e+01   1.60980e+01   3.37765e-03   1.67406e-02
   3  NsigMRS      4.19385e+03   6.40386e+01   1.50441e-02   3.53212e-02
   4  NsigPRS      4.06786e+03   6.31719e+01   1.57878e-02   3.66505e-02
   5  am          -5.86019e+00   2.37652e+00   2.37275e-03   3.97025e-01
   6  bm          -1.05834e+00   3.70528e-01   1.71349e-03   7.41445e-01
   7  cm           4.32713e+01   3.70228e+01   4.53490e-03  -3.01919e-01
   8  coeffsig     7.51005e-01   2.51248e-02   3.83751e-03  -1.77381e-03
   9  dm0          1.38845e+02   9.74738e-03   2.76584e-04   1.38843e+01
  10  mean         1.45451e+02   1.85773e-02   1.29364e-04  -3.03836e-01
  11  sigma1       5.57187e-01   1.63888e-02   6.32165e-04   1.76442e-02
  12  sigma2       6.51029e-01   2.26319e-02   6.86486e-04   7.32518e-02
  13  sigma3       1.32889e+00   5.74412e-02   1.34051e-03  -2.73648e-02
                               ERR DEF= 0.5
 EXTERNAL ERROR MATRIX.    NDIM=  28    NPAR= 13    ERR DEF=0.5
 ELEMENTS ABOVE DIAGONAL ARE NOT PRINTED.
  2.572e+02 
  7.208e+01  2.592e+02 
 -1.443e+02 -6.882e+01  4.113e+03 
 -6.863e+01 -1.549e+02  6.552e+01  4.004e+03 
 -1.106e+01 -1.143e+01  1.055e+01  1.086e+01  5.676e+00 
 -1.666e+00 -1.722e+00  1.589e+00  1.638e+00  8.076e-01  1.376e-01 
 -1.627e+02 -1.680e+02  1.552e+02  1.597e+02  8.868e+01  1.378e+01  1.453e+03 
 -6.708e-02 -8.434e-02  6.424e-02  8.052e-02  6.586e-03  9.963e-04  9.646e-02  6.320e-04 
 -3.065e-03 -3.215e-03  2.923e-03  3.058e-03  9.551e-04  1.455e-04  1.556e-02  2.173e-06  9.501e-05 
  1.025e-03  2.402e-03 -9.877e-04 -2.307e-03 -1.839e-03 -2.718e-04 -2.913e-02 -1.361e-04 -5.148e-07  3.451e-04 
 -2.831e-02 -3.377e-02  2.709e-02  3.222e-02  1.804e-03  2.761e-04  2.520e-02  1.649e-04  6.135e-07  1.749e-04  2.686e-04 
 -2.628e-02 -3.307e-02  2.515e-02  3.157e-02  3.677e-03  5.521e-04  5.524e-02  3.781e-04  1.149e-06 -3.101e-04 -3.297e-05 
 -2.628e-02 -3.307e-02  2.515e-02  3.157e-02  3.677e-03  5.521e-04  5.524e-02  3.781e-04  1.149e-06 -3.101e-04 -3.297e-05  5.122e-04 
 -3.378e-01 -3.930e-01  3.230e-01  3.747e-01  3.258e-02  4.923e-03  4.770e-01  1.154e-03  1.006e-05 -2.030e-04  3.156e-04 
 -3.378e-01 -3.930e-01  3.230e-01  3.747e-01  3.258e-02  4.923e-03  4.770e-01  1.154e-03  1.006e-05 -2.030e-04  3.156e-04  5.899e-04  3.300e-03 
ERR MATRIX NOT POS-DEF
 PARAMETER  CORRELATION COEFFICIENTS  
       NO.  GLOBAL      1      2      3      4      5      6      7      8      9     10     11     12     13
        1  0.51456   1.000  0.279 -0.140 -0.068 -0.289 -0.280 -0.266 -0.166 -0.020  0.003 -0.108 -0.072 -0.367
        2  0.55648   0.279  1.000 -0.067 -0.152 -0.298 -0.288 -0.274 -0.208 -0.020  0.008 -0.128 -0.091 -0.425
        3  0.15187  -0.140 -0.067  1.000  0.016  0.069  0.067  0.063  0.040  0.005 -0.001  0.026  0.017  0.088
        4  0.16329  -0.068 -0.152  0.016  1.000  0.072  0.070  0.066  0.051  0.005 -0.002  0.031  0.022  0.103
        5  0.99261  -0.289 -0.298  0.069  0.072  1.000  0.914  0.977  0.110  0.041 -0.042  0.046  0.068  0.238
        6  0.99172  -0.280 -0.288  0.067  0.070  0.914  1.000  0.974  0.107  0.040 -0.039  0.045  0.066  0.231
        7  0.99770  -0.266 -0.274  0.063  0.066  0.977  0.974  1.000  0.101  0.042 -0.041  0.040  0.064  0.218
        8  0.91158  -0.166 -0.208  0.040  0.051  0.110  0.107  0.101  1.000  0.009 -0.291  0.400  0.665  0.799
        9  0.04470  -0.020 -0.020  0.005  0.005  0.041  0.040  0.042  0.009  1.000 -0.003  0.004  0.005  0.018
       10  0.89996   0.003  0.008 -0.001 -0.002 -0.042 -0.039 -0.041 -0.291 -0.003  1.000  0.575 -0.738 -0.190
       11  0.83431  -0.108 -0.128  0.026  0.031  0.046  0.045  0.040  0.400  0.004  0.575  1.000 -0.089  0.335
       12  0.88462  -0.072 -0.091  0.017  0.022  0.068  0.066  0.064  0.665  0.005 -0.738 -0.089  1.000  0.454
       13  0.86979  -0.367 -0.425  0.088  0.103  0.238  0.231  0.218  0.799  0.018 -0.190  0.335  0.454  1.000
 ERR MATRIX NOT POS-DEF
 **********
 **   18 **HESSE        6500
 **********
 EIGENVALUES OF SECOND-DERIVATIVE MATRIX:
        -1.1841e-03  5.0495e-03  6.9354e-03  7.5715e-02  3.8293e-01  8.4718e-01  9.0024e-01  9.8612e-01  1.0570e+00  1.1017e+00  2.0921e+00  2.2352e+00  3.3110e+00
 MINUIT WARNING IN HESSE   
 ============== MATRIX FORCED POS-DEF BY ADDING 0.004495 TO DIAGONAL.
 FCN=-51121.7 FROM HESSE     STATUS=NOT POSDEF    139 CALLS        1822 TOTAL
                     EDM=0.0124812    STRATEGY= 1      ERR MATRIX NOT POS-DEF
  EXT PARAMETER                APPROXIMATE     INTERNAL      INTERNAL  
  NO.   NAME      VALUE            ERROR       STEP SIZE       VALUE   
   1  NbkgMRS      1.09371e+02   2.08447e+01   1.30407e-04  -1.25057e+00
   2  NbkgPRS      9.93780e+01   2.26935e+01   1.35106e-04  -1.26069e+00
   3  NsigMRS      4.19385e+03   6.70023e+01   6.01765e-04   1.25090e+00
   4  NsigPRS      4.06786e+03   6.67306e+01   6.31510e-04   1.26107e+00
   5  am          -5.86019e+00   2.73337e+00   9.49098e-05   2.08498e-01
   6  bm          -1.05834e+00   5.03943e-01   6.85396e-05   1.10656e+00
   7  cm           4.32713e+01   3.64881e+01   1.81396e-04  -5.15137e-01
   8  coeffsig     7.51005e-01   6.76266e-02   1.53500e-04   5.25922e-01
   9  dm0          1.38845e+02   4.47555e-01   9.19916e-02  -1.15768e-01
  10  mean         1.45451e+02   3.33515e-02   2.58729e-05  -2.94655e-01
  11  sigma1       5.57187e-01   2.23954e-02   2.52866e-05  -1.09420e+00
  12  sigma2       6.51029e-01   5.27733e-02   2.74594e-05  -1.05479e+00
  13  sigma3       1.32889e+00   1.55382e-01   5.36203e-05  -8.24519e-01
                               ERR DEF= 0.5
 EXTERNAL ERROR MATRIX.    NDIM=  28    NPAR= 13    ERR DEF=0.5
 ELEMENTS ABOVE DIAGONAL ARE NOT PRINTED.
  4.346e+02 
  2.751e+02  5.152e+02 
 -3.249e+02 -2.746e+02  4.504e+03 
 -2.746e+02 -4.153e+02  2.742e+02  4.469e+03 
 -5.809e+00 -5.518e+00  5.797e+00  5.507e+00  7.520e+00 
 -5.457e-01 -5.512e-01  5.447e-01  5.502e-01  9.185e-02  2.550e-01 
 -5.223e+01 -4.682e+01  5.212e+01  4.673e+01  7.076e+01  1.451e+01  1.409e+03 
 -8.690e-01 -1.056e+00  8.675e-01  1.054e+00 -3.001e-03  3.177e-04 -7.610e-02  4.611e-03 
 -5.435e+00 -6.555e+00  5.425e+00  6.544e+00 -1.498e-01 -6.718e-03 -1.946e+00  2.429e-02  2.004e-01 
  2.804e-01  3.418e-01 -2.799e-01 -3.412e-01  2.854e-05 -1.561e-04  1.109e-02 -1.624e-03 -8.720e-03  1.112e-03 
 -1.753e-01 -2.112e-01  1.750e-01  2.108e-01 -8.103e-04  5.561e-05 -1.944e-02  8.314e-04  4.207e-03  8.310e-05  5.016e-04 
 -5.922e-01 -7.194e-01  5.911e-01  7.181e-01 -1.418e-03  2.517e-04 -4.272e-02  3.289e-03  1.720e-02 -1.568e-03  3.316e-04 
 -5.922e-01 -7.194e-01  5.911e-01  7.181e-01 -1.418e-03  2.517e-04 -4.272e-02  3.289e-03  1.720e-02 -1.568e-03  3.316e-04  2.785e-03 
 -2.205e+00 -2.655e+00  2.202e+00  2.650e+00  1.093e-03  1.381e-03 -9.602e-02  1.022e-02  5.786e-02 -3.510e-03  1.882e-03 
 -2.205e+00 -2.655e+00  2.202e+00  2.650e+00  1.093e-03  1.381e-03 -9.602e-02  1.022e-02  5.786e-02 -3.510e-03  1.882e-03  7.132e-03  2.416e-02 
ERR MATRIX NOT POS-DEF
 PARAMETER  CORRELATION COEFFICIENTS  
       NO.  GLOBAL      1      2      3      4      5      6      7      8      9     10     11     12     13
        1  0.73641   1.000  0.581 -0.232 -0.197 -0.102 -0.052 -0.067 -0.614 -0.582  0.403 -0.375 -0.538 -0.681
        2  0.79666   0.581  1.000 -0.180 -0.274 -0.089 -0.048 -0.055 -0.685 -0.645  0.451 -0.415 -0.600 -0.752
        3  0.24696  -0.232 -0.180  1.000  0.061  0.031  0.016  0.021  0.190  0.181 -0.125  0.116  0.167  0.211
        4  0.28666  -0.197 -0.274  0.061  1.000  0.030  0.016  0.019  0.232  0.219 -0.153  0.141  0.204  0.255
        5  0.99413  -0.102 -0.089  0.031  0.030  1.000  0.066  0.687 -0.016 -0.122  0.000 -0.013 -0.010  0.003
        6  0.99530  -0.052 -0.048  0.016  0.016  0.066  1.000  0.765  0.009 -0.030 -0.009  0.005  0.009  0.018
        7  0.99749  -0.067 -0.055  0.021  0.019  0.687  0.765  1.000 -0.030 -0.116  0.009 -0.023 -0.022 -0.016
        8  0.98774  -0.614 -0.685  0.190  0.232 -0.016  0.009 -0.030  1.000  0.799 -0.717  0.547  0.918  0.968
        9  0.85798  -0.582 -0.645  0.181  0.219 -0.122 -0.030 -0.116  0.799  1.000 -0.584  0.420  0.728  0.831
       10  0.96849   0.403  0.451 -0.125 -0.153  0.000 -0.009  0.009 -0.717 -0.584  1.000  0.111 -0.891 -0.677
       11  0.91038  -0.375 -0.415  0.116  0.141 -0.013  0.005 -0.023  0.547  0.420  0.111  1.000  0.281  0.541
       12  0.97874  -0.538 -0.600  0.167  0.204 -0.010  0.009 -0.022  0.918  0.728 -0.891  0.281  1.000  0.869
       13  0.98236  -0.681 -0.752  0.211  0.255  0.003  0.018 -0.016  0.968  0.831 -0.677  0.541  0.869  1.000
 ERR MATRIX NOT POS-DEF
71 ; 1.30773 ; 1.15729
[#1] INFO:Plotting -- RooAbsPdf::plotOn(modelMRS) directly selected PDF components: (modelBkg)
[#1] INFO:Plotting -- RooAbsPdf::plotOn(modelMRS) indirectly selected PDF components: ()
[#1] INFO:NumericIntegration -- RooRealIntegral::init(modelBkg_Int[x]) using numeric integrator RooIntegrator1D to calculate Int(x)
[#1] INFO:Plotting -- RooAbsPdf::plotOn(modelMRS) directly selected PDF components: (modelSig)
[#1] INFO:Plotting -- RooAbsPdf::plotOn(modelMRS) indirectly selected PDF components: (sig_pdf1,sig_pdf2)
[#1] INFO:NumericIntegration -- RooRealIntegral::init(modelBkg_Int[x]) using numeric integrator RooIntegrator1D to calculate Int(x)
[#1] INFO:NumericIntegration -- RooRealIntegral::init(modelBkg_Int[x]) using numeric integrator RooIntegrator1D to calculate Int(x)
[#1] INFO:Plotting -- RooAbsPdf::plotOn(modelPRS) directly selected PDF components: (modelBkg)
[#1] INFO:Plotting -- RooAbsPdf::plotOn(modelPRS) indirectly selected PDF components: ()
[#1] INFO:NumericIntegration -- RooRealIntegral::init(modelBkg_Int[x]) using numeric integrator RooIntegrator1D to calculate Int(x)
[#1] INFO:Plotting -- RooAbsPdf::plotOn(modelPRS) directly selected PDF components: (modelSig)
[#1] INFO:Plotting -- RooAbsPdf::plotOn(modelPRS) indirectly selected PDF components: (sig_pdf1,sig_pdf2)
[#1] INFO:NumericIntegration -- RooRealIntegral::init(modelBkg_Int[x]) using numeric integrator RooIntegrator1D to calculate Int(x)
[#1] INFO:NumericIntegration -- RooRealIntegral::init(modelBkg_Int[x]) using numeric integrator RooIntegrator1D to calculate Int(x)
PRS chi2: 1.36155 ; MPS chi2: 0.928341
