   ------------------------------------------------------------------
  | Welcome to ROOT 6.24/08                        https://root.cern |
  | (c) 1995-2021, The ROOT Team; conception: R. Brun, F. Rademakers |
  | Built for linuxx8664gcc on Sep 29 2022, 13:04:57                 |
  | From tags/v6-24-08@v6-24-08                                      |
  | With c++ (GCC) 4.8.5 20150623 (Red Hat 4.8.5-44)                 |
  | Try '.help', '.demo', '.license', '.credits', '.quit'/'.q'       |
   ------------------------------------------------------------------


Processing full.C(0,1,"Up","2016")...

[1mRooFit v3.60 -- Developed by Wouter Verkerke and David Kirkby[0m 
                Copyright (C) 2000-2013 NIKHEF, University of California & Stanford University
                All rights reserved, please read http://roofit.sourceforge.net/license.txt

-------------------------
Set LHCb Style - May 2021
-------------------------
../fulltempt/PARAMs/FullMom_0_1.txt
[#0] WARNING:InputArguments -- The parameter 'sigma3' with range [0, 10] of the RooGaussian 'sig_pdf2' exceeds the safe range of (0, inf). Advise to limit its range.
[#0] ERROR:Integration --  RooNumIntFactory::Init : libRooFitMore cannot be loaded. GSL integrators will not beavailable ! 
[#1] INFO:Fitting -- RooAddition::defaultErrorLevel(nll) Summation contains a RooNLLVar, using its error level
 **********
 **   13 **MIGRAD        4500           1
 **********
 FIRST CALL TO USER FUNCTION AT NEW START POINT, WITH IFLAG=4.
 START MIGRAD MINIMIZATION.  STRATEGY  1.  CONVERGENCE WHEN EDM .LT. 1.00e-03
 FCN=-94870.8 FROM MIGRAD    STATUS=INITIATE       68 CALLS          69 TOTAL
                     EDM= unknown      STRATEGY= 1      NO ERROR MATRIX       
  EXT PARAMETER               CURRENT GUESS       STEP         FIRST   
  NO.   NAME      VALUE            ERROR          SIZE      DERIVATIVE 
   1  NbkgMRS      1.61140e+03   8.05700e+02   0.00000e+00  -7.64411e+02
   2  NbkgPRS      1.57440e+03   7.87200e+02   0.00000e+00  -6.81810e+02
   3  NsigMRS      6.44560e+03   8.05700e+02   0.00000e+00   1.91073e+02
   4  NsigPRS      6.29760e+03   7.87200e+02   0.00000e+00   1.70423e+02
   5  coeffsig     4.60659e-01   5.00000e-02   8.48531e-01  -8.03032e+01
   6  mean         1.45500e+02   2.10000e+00   0.00000e+00   2.55201e+04
   7  sigma1       5.00000e-01   2.50000e-01   0.00000e+00  -2.13193e+03
   8  sigma2       5.00000e-01   2.50000e-01   0.00000e+00   2.24219e+03
   9  sigma3       1.10000e+00   5.50000e-01   0.00000e+00  -1.09575e+03
                               ERR DEF= 0.5
 MIGRAD MINIMIZATION HAS CONVERGED.
 FCN=-95360.8 FROM MIGRAD    STATUS=CONVERGED     352 CALLS         353 TOTAL
                     EDM=2.99787e-05    STRATEGY= 1  ERROR MATRIX UNCERTAINTY   4.7 per cent
  EXT PARAMETER                                   STEP         FIRST   
  NO.   NAME      VALUE            ERROR          SIZE      DERIVATIVE 
   1  NbkgMRS      2.05350e+03   6.12117e+01   2.21971e-04   2.00026e-02
   2  NbkgPRS      1.93372e+03   5.44747e+01   2.52174e-05   1.60714e-01
   3  NsigMRS      6.00366e+03   8.73748e+01   4.18508e-04   6.02238e-02
   4  NsigPRS      5.93826e+03   8.39516e+01  -5.15482e-04  -8.80489e-02
   5  coeffsig     8.18874e-01   1.39363e-02  -5.54788e-05  -2.34553e-01
   6  mean         1.45367e+02   1.99780e-02   1.08281e-05  -2.99570e+00
   7  sigma1       6.40029e-01   1.98040e-02  -1.57343e-05   5.32106e-01
   8  sigma2       6.20278e-01   1.46986e-02  -1.04904e-04  -4.83977e-01
   9  sigma3       2.18345e+00   8.99503e-02  -3.80203e-04   1.64454e-01
                               ERR DEF= 0.5
 EXTERNAL ERROR MATRIX.    NDIM=  25    NPAR=  9    ERR DEF=0.5
  3.747e+03  1.027e+03 -1.627e+03 -7.894e+02  4.709e-02 -5.188e-02 -8.883e-02  1.299e-02 -8.001e-01 
  1.027e+03  2.968e+03 -7.977e+02 -9.661e+02 -8.154e-03 -2.453e-02 -9.844e-02 -1.593e-03 -1.015e+00 
 -1.627e+03 -7.977e+02  7.636e+03  5.938e+02 -6.104e-02  5.906e-04  5.520e-02  3.398e-02  5.856e-01 
 -7.894e+02 -9.661e+02  5.938e+02  7.049e+03 -3.344e-02  5.042e-02  6.160e-02 -1.035e-02  6.965e-01 
  4.709e-02 -8.154e-03 -6.104e-02 -3.344e-02  1.943e-04  7.673e-05  1.764e-04  2.275e-05  8.824e-04 
 -5.188e-02 -2.453e-02  5.906e-04  5.042e-02  7.673e-05  3.991e-04  3.004e-04 -2.184e-04  6.298e-04 
 -8.883e-02 -9.844e-02  5.520e-02  6.160e-02  1.764e-04  3.004e-04  3.922e-04 -1.045e-04  1.049e-03 
  1.299e-02 -1.593e-03  3.398e-02 -1.035e-02  2.275e-05 -2.184e-04 -1.045e-04  2.161e-04 -3.256e-05 
 -8.001e-01 -1.015e+00  5.856e-01  6.965e-01  8.824e-04  6.298e-04  1.049e-03 -3.256e-05  8.092e-03 
 PARAMETER  CORRELATION COEFFICIENTS  
       NO.  GLOBAL      1      2      3      4      5      6      7      8      9
        1  0.44170   1.000  0.308 -0.304 -0.154  0.055 -0.042 -0.073  0.014 -0.145
        2  0.41383   0.308  1.000 -0.168 -0.211 -0.011 -0.023 -0.091 -0.002 -0.207
        3  0.33057  -0.304 -0.168  1.000  0.081 -0.050  0.000  0.032  0.026  0.074
        4  0.25066  -0.154 -0.211  0.081  1.000 -0.029  0.030  0.037 -0.008  0.092
        5  0.82916   0.055 -0.011 -0.050 -0.029  1.000  0.276  0.639  0.111  0.704
        6  0.91379  -0.042 -0.023  0.000  0.030  0.276  1.000  0.759 -0.744  0.350
        7  0.89134  -0.073 -0.091  0.032  0.037  0.639  0.759  1.000 -0.359  0.589
        8  0.82364   0.014 -0.002  0.026 -0.008  0.111 -0.744 -0.359  1.000 -0.025
        9  0.76274  -0.145 -0.207  0.074  0.092  0.704  0.350  0.589 -0.025  1.000
 **********
 **   18 **HESSE        4500
 **********
 COVARIANCE MATRIX CALCULATED SUCCESSFULLY
 FCN=-95360.8 FROM HESSE     STATUS=OK             87 CALLS         440 TOTAL
                     EDM=3.99893e-05    STRATEGY= 1      ERROR MATRIX ACCURATE 
  EXT PARAMETER                                INTERNAL      INTERNAL  
  NO.   NAME      VALUE            ERROR       STEP SIZE       VALUE   
   1  NbkgMRS      2.05350e+03   6.15742e+01   3.42738e-03  -5.12385e-01
   2  NbkgPRS      1.93372e+03   5.90580e+01   3.43880e-03  -5.33685e-01
   3  NsigMRS      6.00366e+03   8.79621e+01   5.01758e-03   5.12429e-01
   4  NsigPRS      5.93826e+03   8.65298e+01   5.15726e-03   5.33679e-01
   5  coeffsig     8.18874e-01   1.17402e-02   3.94088e-03   6.91570e-01
   6  mean         1.45367e+02   1.89603e-02   1.61594e-04  -3.02965e-01
   7  sigma1       6.40029e-01   1.82654e-02   7.54300e-04  -1.05926e+00
   8  sigma2       6.20278e-01   1.38117e-02   6.99128e-04  -1.06739e+00
   9  sigma3       2.18345e+00   8.06877e-02   2.97325e-03  -5.98386e-01
                               ERR DEF= 0.5
 EXTERNAL ERROR MATRIX.    NDIM=  25    NPAR=  9    ERR DEF=0.5
  3.792e+03  3.099e+02 -1.734e+03 -3.096e+02  1.197e-01 -4.951e-03  5.686e-03 -1.386e-02 -3.257e-01 
  3.099e+02  3.488e+03 -3.096e+02 -1.550e+03  1.060e-01 -6.580e-03  9.546e-04 -9.057e-03 -3.073e-01 
 -1.734e+03 -3.096e+02  7.739e+03  3.093e+02 -1.195e-01  5.041e-03 -5.628e-03  1.376e-02  3.262e-01 
 -3.096e+02 -1.550e+03  3.093e+02  7.489e+03 -1.058e-01  6.666e-03 -9.054e-04  8.971e-03  3.077e-01 
  1.197e-01  1.060e-01 -1.195e-01 -1.058e-01  1.379e-04  6.465e-05  1.220e-04  1.834e-05  6.027e-04 
 -4.951e-03 -6.580e-03  5.041e-03  6.666e-03  6.465e-05  3.595e-04  2.755e-04 -1.904e-04  5.192e-04 
  5.686e-03  9.546e-04 -5.628e-03 -9.054e-04  1.220e-04  2.755e-04  3.336e-04 -9.815e-05  7.578e-04 
 -1.386e-02 -9.057e-03  1.376e-02  8.971e-03  1.834e-05 -1.904e-04 -9.815e-05  1.908e-04 -1.106e-06 
 -3.257e-01 -3.073e-01  3.262e-01  3.077e-01  6.027e-04  5.192e-04  7.578e-04 -1.106e-06  6.511e-03 
 PARAMETER  CORRELATION COEFFICIENTS  
       NO.  GLOBAL      1      2      3      4      5      6      7      8      9
        1  0.39995   1.000  0.085 -0.320 -0.058  0.166 -0.004  0.005 -0.016 -0.066
        2  0.37950   0.085  1.000 -0.060 -0.303  0.153 -0.006  0.001 -0.011 -0.064
        3  0.34185  -0.320 -0.060  1.000  0.041 -0.116  0.003 -0.004  0.011  0.046
        4  0.32304  -0.058 -0.303  0.041  1.000 -0.104  0.004 -0.001  0.008  0.044
        5  0.79518   0.166  0.153 -0.116 -0.104  1.000  0.290  0.569  0.113  0.636
        6  0.91630  -0.004 -0.006  0.003  0.004  0.290  1.000  0.795 -0.727  0.339
        7  0.88053   0.005  0.001 -0.004 -0.001  0.569  0.795  1.000 -0.389  0.514
        8  0.81990  -0.016 -0.011  0.011  0.008  0.113 -0.727 -0.389  1.000 -0.001
        9  0.70087  -0.066 -0.064  0.046  0.044  0.636  0.339  0.514 -0.001  1.000
75 ; 3.10988 ; 2.66228
[#1] INFO:Plotting -- RooAbsPdf::plotOn(modelMRS) directly selected PDF components: (modelBkg)
[#1] INFO:Plotting -- RooAbsPdf::plotOn(modelMRS) indirectly selected PDF components: ()
[#1] INFO:Plotting -- RooAbsPdf::plotOn(modelMRS) directly selected PDF components: (modelSig)
[#1] INFO:Plotting -- RooAbsPdf::plotOn(modelMRS) indirectly selected PDF components: (sig_pdf1,sig_pdf2)
[#1] INFO:Plotting -- RooAbsPdf::plotOn(modelPRS) directly selected PDF components: (modelBkg)
[#1] INFO:Plotting -- RooAbsPdf::plotOn(modelPRS) indirectly selected PDF components: ()
[#1] INFO:Plotting -- RooAbsPdf::plotOn(modelPRS) directly selected PDF components: (modelSig)
[#1] INFO:Plotting -- RooAbsPdf::plotOn(modelPRS) indirectly selected PDF components: (sig_pdf1,sig_pdf2)
PRS chi2: 2.90563 ; MPS chi2: 2.34553
