   ------------------------------------------------------------------
  | Welcome to ROOT 6.24/08                        https://root.cern |
  | (c) 1995-2021, The ROOT Team; conception: R. Brun, F. Rademakers |
  | Built for linuxx8664gcc on Sep 29 2022, 13:04:57                 |
  | From tags/v6-24-08@v6-24-08                                      |
  | With c++ (GCC) 4.8.5 20150623 (Red Hat 4.8.5-44)                 |
  | Try '.help', '.demo', '.license', '.credits', '.quit'/'.q'       |
   ------------------------------------------------------------------


Processing full.C(6,1,"Up","2016")...

[1mRooFit v3.60 -- Developed by Wouter Verkerke and David Kirkby[0m 
                Copyright (C) 2000-2013 NIKHEF, University of California & Stanford University
                All rights reserved, please read http://roofit.sourceforge.net/license.txt

-------------------------
Set LHCb Style - May 2021
-------------------------
../fulltempt/PARAMs/FullMom_6_1.txt
../../../../selection/promptD/results/2016MagUpFullRS.root/DecayTree
[#0] WARNING:InputArguments -- The parameter 'sigma3' with range [0, 10] of the RooGaussian 'sig_pdf2' exceeds the safe range of (0, inf). Advise to limit its range.
[#0] ERROR:Integration --  RooNumIntFactory::Init : libRooFitMore cannot be loaded. GSL integrators will not beavailable ! 
[#1] INFO:NumericIntegration -- RooRealIntegral::init(modelBkg_Int[x]) using numeric integrator RooIntegrator1D to calculate Int(x)
[#1] INFO:NumericIntegration -- RooRealIntegral::init(modelBkg_Int[x]) using numeric integrator RooIntegrator1D to calculate Int(x)
[#1] INFO:NumericIntegration -- RooRealIntegral::init(modelBkg_Int[x]) using numeric integrator RooIntegrator1D to calculate Int(x)
[#1] INFO:NumericIntegration -- RooRealIntegral::init(modelBkg_Int[x]) using numeric integrator RooIntegrator1D to calculate Int(x)
[#1] INFO:Fitting -- RooAddition::defaultErrorLevel(nll) Summation contains a RooNLLVar, using its error level
 **********
 **   13 **MIGRAD        6500           1
 **********
 FIRST CALL TO USER FUNCTION AT NEW START POINT, WITH IFLAG=4.
 START MIGRAD MINIMIZATION.  STRATEGY  1.  CONVERGENCE WHEN EDM .LT. 1.00e-03
 FCN=-2707.34 FROM MIGRAD    STATUS=INITIATE       48 CALLS          49 TOTAL
                     EDM= unknown      STRATEGY= 1      NO ERROR MATRIX       
  EXT PARAMETER               CURRENT GUESS       STEP         FIRST   
  NO.   NAME      VALUE            ERROR          SIZE      DERIVATIVE 
   1  NbkgMRS      4.81000e+01   2.40500e+01   1.72186e-01  -8.58908e+01
   2  NbkgPRS      4.60000e+01   2.30000e+01   1.72186e-01  -1.12545e+02
   3  NsigMRS      4.32900e+02   2.40500e+01   1.72186e-01   9.54207e+00
   4  NsigPRS      4.14000e+02   2.30000e+01   1.72186e-01   1.25037e+01
   5  am           2.00000e+00   2.00000e+00   2.05758e-01  -1.94884e+01
   6  bm          -3.50000e+00   1.75000e+00   2.37619e-01  -1.01640e+01
   7  cm           5.00000e+00   7.50000e+00   1.43348e-01  -8.06922e+01
   8  coeffsig     8.00000e-01   1.00000e-01   2.57889e-01   6.78027e+01
   9  dm0          1.39400e+02   2.00000e+00   2.01742e-01  -4.60197e+00
  10  mean         1.45500e+02   2.10000e+00   2.10680e-01  -1.52904e+02
  11  sigma1       9.00000e-01   4.50000e-01   1.62481e-01  -3.93752e+01
  12  sigma2       9.00000e-01   4.50000e-01   1.62481e-01  -1.72454e+02
  13  sigma3       2.30000e+00   1.00000e+00   2.43077e-01  -1.14490e+02
                               ERR DEF= 0.5
 MIGRAD MINIMIZATION HAS CONVERGED.
 MIGRAD WILL VERIFY CONVERGENCE AND ERROR MATRIX.
 COVARIANCE MATRIX CALCULATED SUCCESSFULLY
 FCN=-2752.72 FROM HESSE     STATUS=OK            133 CALLS         920 TOTAL
                     EDM=0.000825942    STRATEGY= 1      ERROR MATRIX ACCURATE 
  EXT PARAMETER                                   STEP         FIRST   
  NO.   NAME      VALUE            ERROR          SIZE      DERIVATIVE 
   1  NbkgMRS      1.35391e+02   1.95597e+01   2.29688e-03   4.84962e-02
   2  NbkgPRS      1.42901e+02   1.89141e+01   2.39712e-03  -2.75314e-02
   3  NsigMRS      3.45681e+02   2.43165e+01   3.30047e-03   2.62184e-02
   4  NsigPRS      3.17039e+02   2.30311e+01   3.24158e-03  -2.76267e-02
   5  am          -3.39883e-01   5.60370e+00   4.20809e-03  -1.02959e-02
   6  bm          -2.48701e+00   4.55304e+00   5.76744e-03  -4.49022e-02
   7  cm           1.09395e+00   7.09809e-01   3.07010e-04  -7.74256e-01
   8  coeffsig     8.55369e-01   2.66696e-01   8.27509e-03   1.86271e-02
   9  dm0          1.39449e+02   2.23020e-01   5.93295e-04  -5.92314e-01
  10  mean         1.45339e+02   1.62830e-01   1.68349e-04   3.94947e-01
  11  sigma1       7.98156e-01   1.97028e-01   6.47735e-04   2.63316e-03
  12  sigma2       1.13574e+00   1.23724e-01   6.37005e-04   1.32159e-01
  13  sigma3       1.43787e+00   9.24499e-01   3.33069e-03   4.31901e-02
                               ERR DEF= 0.5
 MIGRAD MINIMIZATION HAS CONVERGED.
 MIGRAD WILL VERIFY CONVERGENCE AND ERROR MATRIX.
 COVARIANCE MATRIX CALCULATED SUCCESSFULLY
 FCN=-2752.77 FROM MIGRAD    STATUS=CONVERGED    1476 CALLS        1477 TOTAL
                     EDM=0.000139119    STRATEGY= 1      ERROR MATRIX ACCURATE 
  EXT PARAMETER                                   STEP         FIRST   
  NO.   NAME      VALUE            ERROR          SIZE      DERIVATIVE 
   1  NbkgMRS      1.37336e+02   2.01024e+01   2.30188e-03  -3.15528e-02
   2  NbkgPRS      1.44814e+02   1.95801e+01   2.40387e-03  -3.32310e-02
   3  NsigMRS      3.43667e+02   2.46758e+01   3.27983e-03   1.45382e-02
   4  NsigPRS      3.15183e+02   2.35048e+01   3.22477e-03   1.32684e-02
   5  am          -4.52242e+00   4.03007e+00   7.29062e-03  -3.50434e-02
   6  bm          -1.39857e-04   1.42292e+01   4.54563e-02  -2.51399e-03
   7  cm           1.26608e+00   9.16848e-01   3.35275e-04  -3.84955e-01
   8  coeffsig     8.59096e-01   7.33093e-01   9.09828e-03  -7.46136e-03
   9  dm0          1.39448e+02   2.19286e-01   5.94056e-04  -1.34711e-01
  10  mean         1.45342e+02   1.62374e-01   1.68480e-04  -6.51217e-01
  11  sigma1       8.00983e-01   2.04181e-01   6.52046e-04   1.16363e-01
  12  sigma2       1.13818e+00   1.26034e-01   6.39653e-04  -1.26750e-01
  13  sigma3       1.37565e+00   9.78615e-01   3.31065e-03   3.01845e-02
                               ERR DEF= 0.5
 EXTERNAL ERROR MATRIX.    NDIM=  28    NPAR= 13    ERR DEF=0.5
 ELEMENTS ABOVE DIAGONAL ARE NOT PRINTED.
  4.053e+02 
  1.857e+02  3.845e+02 
 -2.678e+02 -1.857e+02  6.115e+02 
 -1.857e+02 -2.395e+02  1.856e+02  5.547e+02 
 -5.197e+01 -4.976e+01  5.194e+01  4.973e+01  1.749e+01 
 -2.611e-02 -2.524e-02  2.610e-02  2.522e-02  4.587e-02  5.567e-03 
  6.948e+00  7.038e+00 -6.941e+00 -7.031e+00 -2.790e+00 -2.592e-03  8.407e-01 
  3.286e-01  3.762e-01 -3.278e-01 -3.755e-01 -1.533e-01 -1.645e-04  2.403e-02  1.252e-01 
  2.655e-01  1.839e-01 -2.659e-01 -1.843e-01  5.545e-02  4.265e-05 -1.004e-01  1.559e-03  4.809e-02 
  6.346e-01  4.933e-01 -6.346e-01 -4.933e-01 -1.245e-01 -6.694e-05  1.322e-02  1.884e-02  1.471e-03  2.637e-02 
  5.998e-01  4.357e-01 -5.997e-01 -4.357e-01 -1.298e-01 -9.615e-05  1.208e-02  5.737e-02  2.241e-03  2.570e-02  4.177e-02 
  4.725e-02  2.857e-02 -4.755e-02 -2.878e-02 -5.315e-04 -2.632e-05 -1.137e-02 -1.244e-02  1.931e-03 -1.561e-02 -1.384e-02 
  4.725e-02  2.857e-02 -4.755e-02 -2.878e-02 -5.315e-04 -2.632e-05 -1.137e-02 -1.244e-02  1.931e-03 -1.561e-02 -1.384e-02  1.589e-02 
 -7.891e+00 -6.486e+00  7.894e+00  6.488e+00  1.361e+00  6.121e-04 -8.344e-02  2.561e-01 -2.204e-02  1.468e-02  8.914e-02 
 -7.891e+00 -6.486e+00  7.894e+00  6.488e+00  1.361e+00  6.121e-04 -8.344e-02  2.561e-01 -2.204e-02  1.468e-02  8.914e-02 -4.729e-02  9.846e-01 
 PARAMETER  CORRELATION COEFFICIENTS  
       NO.  GLOBAL      1      2      3      4      5      6      7      8      9     10     11     12     13
        1  0.72806   1.000  0.471 -0.538 -0.392 -0.617 -0.017  0.376  0.046  0.060  0.194  0.146  0.019 -0.395
        2  0.69105   0.471  1.000 -0.383 -0.519 -0.607 -0.017  0.391  0.054  0.043  0.155  0.109  0.012 -0.333
        3  0.60616  -0.538 -0.383  1.000  0.319  0.502  0.014 -0.306 -0.037 -0.049 -0.158 -0.119 -0.015  0.322
        4  0.59004  -0.392 -0.519  0.319  1.000  0.505  0.014 -0.326 -0.045 -0.036 -0.129 -0.091 -0.010  0.278
        5  0.90324  -0.617 -0.607  0.502  0.505  1.000  0.147 -0.728 -0.104  0.060 -0.183 -0.152 -0.001  0.328
        6  0.25697  -0.017 -0.017  0.014  0.014  0.147  1.000 -0.038 -0.006  0.003 -0.006 -0.006 -0.003  0.008
        7  0.87858   0.376  0.391 -0.306 -0.326 -0.728 -0.038  1.000  0.074 -0.499  0.089  0.064 -0.098 -0.092
        8  0.96888   0.046  0.054 -0.037 -0.045 -0.104 -0.006  0.074  1.000  0.020  0.328  0.793 -0.279  0.729
        9  0.67253   0.060  0.043 -0.049 -0.036  0.060  0.003 -0.499  0.020  1.000  0.041  0.050  0.070 -0.101
       10  0.95802   0.194  0.155 -0.158 -0.129 -0.183 -0.006  0.089  0.328  0.041  1.000  0.774 -0.763  0.091
       11  0.97125   0.146  0.109 -0.119 -0.091 -0.152 -0.006  0.064  0.793  0.050  0.774  1.000 -0.537  0.440
       12  0.89646   0.019  0.012 -0.015 -0.010 -0.001 -0.003 -0.098 -0.279  0.070 -0.763 -0.537  1.000 -0.378
       13  0.94600  -0.395 -0.333  0.322  0.278  0.328  0.008 -0.092  0.729 -0.101  0.091  0.440 -0.378  1.000
 **********
 **   18 **HESSE        6500
 **********
 EIGENVALUES OF SECOND-DERIVATIVE MATRIX:
        -1.1078e-01  2.2131e-02  7.1083e-02  1.7536e-01  2.2212e-01  4.9316e-01  7.7185e-01  1.0907e+00  1.2203e+00  1.2402e+00  2.2134e+00  2.3039e+00  3.2865e+00
 MINUIT WARNING IN HESSE   
 ============== MATRIX FORCED POS-DEF BY ADDING 0.114070 TO DIAGONAL.
 FCN=-2752.77 FROM HESSE     STATUS=NOT POSDEF    139 CALLS        1616 TOTAL
                     EDM=0.00711228    STRATEGY= 1      ERR MATRIX NOT POS-DEF
  EXT PARAMETER                APPROXIMATE     INTERNAL      INTERNAL  
  NO.   NAME      VALUE            ERROR       STEP SIZE       VALUE   
   1  NbkgMRS      1.37336e+02   2.05401e+01   4.60376e-04  -4.43336e-01
   2  NbkgPRS      1.44814e+02   2.03680e+01   4.80773e-04  -3.79411e-01
   3  NsigMRS      3.43667e+02   2.44070e+01   6.55966e-04   4.43350e-01
   4  NsigPRS      3.15183e+02   2.36223e+01   6.44955e-04   3.79398e-01
   5  am          -4.52242e+00   1.22397e+01   1.45812e-03  -4.69277e-01
   6  bm          -1.39857e-04   1.42338e+01   3.65409e-01   1.56551e+00
   7  cm           1.26608e+00   1.34894e+00   6.70551e-05  -1.10331e+00
   8  coeffsig     8.59096e-01   1.75199e-01   3.63931e-04   8.01200e-01
   9  dm0          1.39448e+02   1.91007e-01   2.37622e-05  -5.52770e-02
  10  mean         1.45342e+02   8.87853e-02   3.36961e-05  -3.05484e-01
  11  sigma1       8.00983e-01   9.54062e-02   1.30409e-04  -9.96921e-01
  12  sigma2       1.13818e+00   8.76354e-02   1.27931e-04  -8.82556e-01
  13  sigma3       1.37565e+00   7.01629e-01   6.62131e-04  -8.10847e-01
                               ERR DEF= 0.5
 EXTERNAL ERROR MATRIX.    NDIM=  28    NPAR= 13    ERR DEF=0.5
 ELEMENTS ABOVE DIAGONAL ARE NOT PRINTED.
  4.232e+02 
  2.350e+02  4.161e+02 
 -2.911e+02 -2.309e+02  5.982e+02 
 -2.313e+02 -2.779e+02  2.273e+02  5.603e+02 
 -3.310e+02 -3.243e+02  3.253e+02  3.192e+02  5.662e+02 
 -3.399e+00 -3.328e+00  3.340e+00  3.276e+00  6.075e+00  6.609e-02 
  1.757e+01  1.740e+01 -1.727e+01 -1.713e+01 -2.880e+01 -3.008e-01  1.820e+00 
  9.049e-01  9.096e-01 -8.893e-01 -8.954e-01 -1.345e+00 -1.405e-02  6.822e-02  3.371e-02 
  3.701e-01  3.380e-01 -3.638e-01 -3.328e-01 -2.876e-01 -3.107e-03 -4.534e-02  1.822e-03  3.649e-02 
  3.073e-01  2.720e-01 -3.020e-01 -2.677e-01 -3.635e-01 -3.770e-03  1.742e-02  5.826e-06  6.063e-04  7.883e-03 
  3.823e-01  3.120e-01 -3.757e-01 -3.071e-01 -4.729e-01 -4.963e-03  2.121e-02  1.044e-02  9.716e-04  5.066e-03  9.106e-03 
  4.223e-01  3.859e-01 -4.150e-01 -3.799e-01 -6.464e-01 -6.907e-03  2.640e-02  2.379e-03  1.379e-03 -3.855e-03 -8.435e-04 
  4.223e-01  3.859e-01 -4.150e-01 -3.799e-01 -6.464e-01 -6.907e-03  2.640e-02  2.379e-03  1.379e-03 -3.855e-03 -8.435e-04  7.682e-03 
 -8.448e+00 -7.679e+00  8.303e+00  7.559e+00  1.011e+01  1.049e-01 -4.813e-01  3.277e-02 -1.687e-02 -1.297e-02 -1.169e-03 
 -8.448e+00 -7.679e+00  8.303e+00  7.559e+00  1.011e+01  1.049e-01 -4.813e-01  3.277e-02 -1.687e-02 -1.297e-02 -1.169e-03 -2.475e-02  4.992e-01 
ERR MATRIX NOT POS-DEF
 PARAMETER  CORRELATION COEFFICIENTS  
       NO.  GLOBAL      1      2      3      4      5      6      7      8      9     10     11     12     13
        1  0.77202   1.000  0.560 -0.579 -0.475 -0.676 -0.643  0.633  0.240  0.094  0.168  0.195  0.234 -0.581
        2  0.75281   0.560  1.000 -0.463 -0.576 -0.668 -0.635  0.632  0.243  0.087  0.150  0.160  0.216 -0.533
        3  0.64774  -0.579 -0.463  1.000  0.393  0.559  0.531 -0.523 -0.198 -0.078 -0.139 -0.161 -0.194  0.480
        4  0.64863  -0.475 -0.576  0.393  1.000  0.567  0.538 -0.536 -0.206 -0.074 -0.127 -0.136 -0.183  0.452
        5  0.99744  -0.676 -0.668  0.559  0.567  1.000  0.993 -0.897 -0.308 -0.063 -0.172 -0.208 -0.310  0.601
        6  0.99614  -0.643 -0.635  0.531  0.538  0.993  1.000 -0.867 -0.298 -0.063 -0.165 -0.202 -0.307  0.577
        7  0.95154   0.633  0.632 -0.523 -0.536 -0.897 -0.867  1.000  0.275 -0.176  0.145  0.165  0.223 -0.505
        8  0.89202   0.240  0.243 -0.198 -0.206 -0.308 -0.298  0.275  1.000  0.052  0.000  0.596  0.148  0.253
        9  0.59303   0.094  0.087 -0.078 -0.074 -0.063 -0.063 -0.176  0.052  1.000  0.036  0.053  0.082 -0.125
       10  0.86787   0.168  0.150 -0.139 -0.127 -0.172 -0.165  0.145  0.000  0.036  1.000  0.598 -0.495 -0.207
       11  0.87558   0.195  0.160 -0.161 -0.136 -0.208 -0.202  0.165  0.596  0.053  0.598  1.000 -0.101 -0.017
       12  0.79708   0.234  0.216 -0.194 -0.183 -0.310 -0.307  0.223  0.148  0.082 -0.495 -0.101  1.000 -0.400
       13  0.90221  -0.581 -0.533  0.480  0.452  0.601  0.577 -0.505  0.253 -0.125 -0.207 -0.017 -0.400  1.000
 ERR MATRIX NOT POS-DEF
71 ; 0.806851 ; 0.830121
[#1] INFO:Plotting -- RooAbsPdf::plotOn(modelMRS) directly selected PDF components: (modelBkg)
[#1] INFO:Plotting -- RooAbsPdf::plotOn(modelMRS) indirectly selected PDF components: ()
[#1] INFO:NumericIntegration -- RooRealIntegral::init(modelBkg_Int[x]) using numeric integrator RooIntegrator1D to calculate Int(x)
[#1] INFO:Plotting -- RooAbsPdf::plotOn(modelMRS) directly selected PDF components: (modelSig)
[#1] INFO:Plotting -- RooAbsPdf::plotOn(modelMRS) indirectly selected PDF components: (sig_pdf1,sig_pdf2)
[#1] INFO:NumericIntegration -- RooRealIntegral::init(modelBkg_Int[x]) using numeric integrator RooIntegrator1D to calculate Int(x)
[#1] INFO:NumericIntegration -- RooRealIntegral::init(modelBkg_Int[x]) using numeric integrator RooIntegrator1D to calculate Int(x)
[#1] INFO:Plotting -- RooAbsPdf::plotOn(modelPRS) directly selected PDF components: (modelBkg)
[#1] INFO:Plotting -- RooAbsPdf::plotOn(modelPRS) indirectly selected PDF components: ()
[#1] INFO:NumericIntegration -- RooRealIntegral::init(modelBkg_Int[x]) using numeric integrator RooIntegrator1D to calculate Int(x)
[#1] INFO:Plotting -- RooAbsPdf::plotOn(modelPRS) directly selected PDF components: (modelSig)
[#1] INFO:Plotting -- RooAbsPdf::plotOn(modelPRS) indirectly selected PDF components: (sig_pdf1,sig_pdf2)
[#1] INFO:NumericIntegration -- RooRealIntegral::init(modelBkg_Int[x]) using numeric integrator RooIntegrator1D to calculate Int(x)
[#1] INFO:NumericIntegration -- RooRealIntegral::init(modelBkg_Int[x]) using numeric integrator RooIntegrator1D to calculate Int(x)
PRS chi2: 0.592309 ; MPS chi2: 0.701228
