   ------------------------------------------------------------------
  | Welcome to ROOT 6.24/08                        https://root.cern |
  | (c) 1995-2021, The ROOT Team; conception: R. Brun, F. Rademakers |
  | Built for linuxx8664gcc on Sep 29 2022, 13:04:57                 |
  | From tags/v6-24-08@v6-24-08                                      |
  | With c++ (GCC) 4.8.5 20150623 (Red Hat 4.8.5-44)                 |
  | Try '.help', '.demo', '.license', '.credits', '.quit'/'.q'       |
   ------------------------------------------------------------------


Processing full.C(2,5,"Up","2016")...

[1mRooFit v3.60 -- Developed by Wouter Verkerke and David Kirkby[0m 
                Copyright (C) 2000-2013 NIKHEF, University of California & Stanford University
                All rights reserved, please read http://roofit.sourceforge.net/license.txt

-------------------------
Set LHCb Style - May 2021
-------------------------
../fulltempt/PARAMs/FullMom_2_5.txt
[#0] WARNING:InputArguments -- The parameter 'sigma3' with range [0, 10] of the RooGaussian 'sig_pdf2' exceeds the safe range of (0, inf). Advise to limit its range.
[#0] ERROR:Integration --  RooNumIntFactory::Init : libRooFitMore cannot be loaded. GSL integrators will not beavailable ! 
[#1] INFO:Fitting -- RooAddition::defaultErrorLevel(nll) Summation contains a RooNLLVar, using its error level
 **********
 **   13 **MIGRAD        4500           1
 **********
 FIRST CALL TO USER FUNCTION AT NEW START POINT, WITH IFLAG=4.
 START MIGRAD MINIMIZATION.  STRATEGY  1.  CONVERGENCE WHEN EDM .LT. 1.00e-03
 FCN=-12827 FROM MIGRAD    STATUS=INITIATE       36 CALLS          37 TOTAL
                     EDM= unknown      STRATEGY= 1      NO ERROR MATRIX       
  EXT PARAMETER               CURRENT GUESS       STEP         FIRST   
  NO.   NAME      VALUE            ERROR          SIZE      DERIVATIVE 
   1  NbkgMRS      3.02600e+02   1.51300e+02   2.57889e-01   8.01683e+01
   2  NbkgPRS      3.03000e+02   1.51500e+02   2.57889e-01   7.10684e+01
   3  NsigMRS      1.21040e+03   1.51300e+02   2.57889e-01  -2.00455e+01
   4  NsigPRS      1.21200e+03   1.51500e+02   2.57889e-01  -1.77705e+01
   5  coeffsig     2.00000e-01   1.00000e-01   2.57889e-01  -2.10203e+02
   6  mean         1.45500e+02   2.10000e+00   2.10680e-01   1.77951e+03
   7  sigma1       5.00000e-01   2.50000e-01   1.18625e-01  -2.80328e+01
   8  sigma2       5.00000e-01   2.50000e-01   1.18625e-01   1.13232e+02
   9  sigma3       1.50000e+00   7.50000e-01   2.16811e-01   9.39010e+02
                               ERR DEF= 0.5
 MIGRAD MINIMIZATION HAS CONVERGED.
 MIGRAD WILL VERIFY CONVERGENCE AND ERROR MATRIX.
 COVARIANCE MATRIX CALCULATED SUCCESSFULLY
 FCN=-12950.4 FROM MIGRAD    STATUS=CONVERGED     412 CALLS         413 TOTAL
                     EDM=1.03554e-05    STRATEGY= 1      ERROR MATRIX ACCURATE 
  EXT PARAMETER                                   STEP         FIRST   
  NO.   NAME      VALUE            ERROR          SIZE      DERIVATIVE 
   1  NbkgMRS      2.24920e+02   2.06518e+01   2.72993e-03   2.60696e-02
   2  NbkgPRS      2.26493e+02   2.10741e+01   2.72228e-03  -4.29322e-03
   3  NsigMRS      1.28805e+03   3.85542e+01   5.40533e-03  -1.80645e-02
   4  NsigPRS      1.28854e+03   3.87719e+01   5.39029e-03   1.29296e-02
   5  coeffsig     6.86797e-01   2.79147e-02   3.02420e-03  -2.63138e-02
   6  mean         1.45199e+02   5.64521e-02   1.56241e-04   6.71279e-01
   7  sigma1       5.51116e-01   5.03202e-02   7.09930e-04  -5.88688e-02
   8  sigma2       9.03209e-01   4.37937e-02   6.53182e-04   2.09421e-01
   9  sigma3       2.12716e+00   1.43133e-01   1.77618e-03   7.96375e-02
                               ERR DEF= 0.5
 EXTERNAL ERROR MATRIX.    NDIM=  25    NPAR=  9    ERR DEF=0.5
  4.267e+02  7.164e+01 -2.011e+02 -7.152e+01  2.218e-02 -5.186e-02 -6.438e-02  3.168e-02 -8.359e-01 
  7.164e+01  4.443e+02 -7.150e+01 -2.172e+02 -1.587e-03 -8.371e-02 -1.030e-01  4.587e-02 -1.033e+00 
 -2.011e+02 -7.150e+01  1.489e+03  7.137e+01 -2.196e-02  5.193e-02  6.444e-02 -3.170e-02  8.347e-01 
 -7.152e+01 -2.172e+02  7.137e+01  1.506e+03  1.754e-03  8.374e-02  1.030e-01 -4.587e-02  1.032e+00 
  2.218e-02 -1.587e-03 -2.196e-02  1.754e-03  7.802e-04  4.335e-04  7.325e-04  6.262e-05  2.379e-03 
 -5.186e-02 -8.371e-02  5.193e-02  8.374e-02  4.335e-04  3.187e-03  2.432e-03 -1.940e-03  2.955e-03 
 -6.438e-02 -1.030e-01  6.444e-02  1.030e-01  7.325e-04  2.432e-03  2.533e-03 -1.205e-03  3.729e-03 
  3.168e-02  4.587e-02 -3.170e-02 -4.587e-02  6.262e-05 -1.940e-03 -1.205e-03  1.918e-03 -9.665e-04 
 -8.359e-01 -1.033e+00  8.347e-01  1.032e+00  2.379e-03  2.955e-03  3.729e-03 -9.665e-04  2.050e-02 
 PARAMETER  CORRELATION COEFFICIENTS  
       NO.  GLOBAL      1      2      3      4      5      6      7      8      9
        1  0.42528   1.000  0.165 -0.252 -0.089  0.038 -0.044 -0.062  0.035 -0.283
        2  0.46051   0.165  1.000 -0.088 -0.265 -0.003 -0.070 -0.097  0.050 -0.342
        3  0.27864  -0.252 -0.088  1.000  0.048 -0.020  0.024  0.033 -0.019  0.151
        4  0.29601  -0.089 -0.265  0.048  1.000  0.002  0.038  0.053 -0.027  0.186
        5  0.76922   0.038 -0.003 -0.020  0.002  1.000  0.275  0.521  0.051  0.595
        6  0.93636  -0.044 -0.070  0.024  0.038  0.275  1.000  0.856 -0.785  0.366
        7  0.91225  -0.062 -0.097  0.033  0.053  0.521  0.856  1.000 -0.547  0.518
        8  0.83902   0.035  0.050 -0.019 -0.027  0.051 -0.785 -0.547  1.000 -0.154
        9  0.76345  -0.283 -0.342  0.151  0.186  0.595  0.366  0.518 -0.154  1.000
 **********
 **   18 **HESSE        4500
 **********
 COVARIANCE MATRIX CALCULATED SUCCESSFULLY
 FCN=-12950.4 FROM HESSE     STATUS=OK             73 CALLS         486 TOTAL
                     EDM=1.04101e-05    STRATEGY= 1      ERROR MATRIX ACCURATE 
  EXT PARAMETER                                INTERNAL      INTERNAL  
  NO.   NAME      VALUE            ERROR       STEP SIZE       VALUE   
   1  NbkgMRS      2.24920e+02   2.06806e+01   5.45987e-04  -7.79162e-01
   2  NbkgPRS      2.26493e+02   2.11141e+01   1.08891e-04  -7.76798e-01
   3  NsigMRS      1.28805e+03   3.85780e+01   2.16213e-04   7.79102e-01
   4  NsigPRS      1.28854e+03   3.88020e+01   2.15611e-04   7.76851e-01
   5  coeffsig     6.86797e-01   2.80431e-02   6.04840e-04   3.82881e-01
   6  mean         1.45199e+02   5.70837e-02   3.12483e-05  -3.19801e-01
   7  sigma1       5.51116e-01   5.08757e-02   2.83972e-05  -1.09686e+00
   8  sigma2       9.03209e-01   4.41260e-02   1.30636e-04  -9.60291e-01
   9  sigma3       2.12716e+00   1.44191e-01   3.55237e-04  -6.12076e-01
                               ERR DEF= 0.5
 EXTERNAL ERROR MATRIX.    NDIM=  25    NPAR=  9    ERR DEF=0.5
  4.279e+02  7.294e+01 -2.029e+02 -7.294e+01  1.988e-02 -5.584e-02 -6.892e-02  3.340e-02 -8.543e-01 
  7.294e+01  4.460e+02 -7.294e+01 -2.195e+02 -4.363e-03 -8.896e-02 -1.088e-01  4.826e-02 -1.055e+00 
 -2.029e+02 -7.294e+01  1.491e+03  7.294e+01 -1.985e-02  5.587e-02  6.895e-02 -3.342e-02  8.545e-01 
 -7.294e+01 -2.195e+02  7.294e+01  1.508e+03  4.370e-03  8.897e-02  1.088e-01 -4.826e-02  1.055e+00 
  1.988e-02 -4.363e-03 -1.985e-02  4.370e-03  7.874e-04  4.513e-04  7.505e-04  5.406e-05  2.424e-03 
 -5.584e-02 -8.896e-02  5.587e-02  8.897e-02  4.513e-04  3.259e-03  2.495e-03 -1.984e-03  3.067e-03 
 -6.892e-02 -1.088e-01  6.895e-02  1.088e-01  7.505e-04  2.495e-03  2.589e-03 -1.242e-03  3.842e-03 
  3.340e-02  4.826e-02 -3.342e-02 -4.826e-02  5.406e-05 -1.984e-03 -1.242e-03  1.947e-03 -1.024e-03 
 -8.543e-01 -1.055e+00  8.545e-01  1.055e+00  2.424e-03  3.067e-03  3.842e-03 -1.024e-03  2.080e-02 
 PARAMETER  CORRELATION COEFFICIENTS  
       NO.  GLOBAL      1      2      3      4      5      6      7      8      9
        1  0.42796   1.000  0.167 -0.254 -0.091  0.034 -0.047 -0.065  0.037 -0.286
        2  0.46374   0.167  1.000 -0.089 -0.268 -0.007 -0.074 -0.101  0.052 -0.346
        3  0.28066  -0.254 -0.089  1.000  0.049 -0.018  0.025  0.035 -0.020  0.153
        4  0.29838  -0.091 -0.268  0.049  1.000  0.004  0.040  0.055 -0.028  0.188
        5  0.77164   0.034 -0.007 -0.018  0.004  1.000  0.282  0.526  0.044  0.599
        6  0.93780  -0.047 -0.074  0.025  0.040  0.282  1.000  0.859 -0.788  0.373
        7  0.91425  -0.065 -0.101  0.035  0.055  0.526  0.859  1.000 -0.553  0.524
        8  0.84166   0.037  0.052 -0.020 -0.028  0.044 -0.788 -0.553  1.000 -0.161
        9  0.76744  -0.286 -0.346  0.153  0.188  0.599  0.373  0.524 -0.161  1.000
75 ; 1.23679 ; 0.966519
[#1] INFO:Plotting -- RooAbsPdf::plotOn(modelMRS) directly selected PDF components: (modelBkg)
[#1] INFO:Plotting -- RooAbsPdf::plotOn(modelMRS) indirectly selected PDF components: ()
[#1] INFO:Plotting -- RooAbsPdf::plotOn(modelMRS) directly selected PDF components: (modelSig)
[#1] INFO:Plotting -- RooAbsPdf::plotOn(modelMRS) indirectly selected PDF components: (sig_pdf1,sig_pdf2)
[#1] INFO:Plotting -- RooAbsPdf::plotOn(modelPRS) directly selected PDF components: (modelBkg)
[#1] INFO:Plotting -- RooAbsPdf::plotOn(modelPRS) indirectly selected PDF components: ()
[#1] INFO:Plotting -- RooAbsPdf::plotOn(modelPRS) directly selected PDF components: (modelSig)
[#1] INFO:Plotting -- RooAbsPdf::plotOn(modelPRS) indirectly selected PDF components: (sig_pdf1,sig_pdf2)
PRS chi2: 0.935264 ; MPS chi2: 0.726078
