   ------------------------------------------------------------------
  | Welcome to ROOT 6.24/08                        https://root.cern |
  | (c) 1995-2021, The ROOT Team; conception: R. Brun, F. Rademakers |
  | Built for linuxx8664gcc on Sep 29 2022, 13:04:57                 |
  | From tags/v6-24-08@v6-24-08                                      |
  | With c++ (GCC) 4.8.5 20150623 (Red Hat 4.8.5-44)                 |
  | Try '.help', '.demo', '.license', '.credits', '.quit'/'.q'       |
   ------------------------------------------------------------------


Processing full.C(1,2,"Up","2017")...

[1mRooFit v3.60 -- Developed by Wouter Verkerke and David Kirkby[0m 
                Copyright (C) 2000-2013 NIKHEF, University of California & Stanford University
                All rights reserved, please read http://roofit.sourceforge.net/license.txt

-------------------------
Set LHCb Style - May 2021
-------------------------
../fulltempt/PARAMs/FullMom_1_2.txt
../../../../selection/promptD/results/2017MagUpFullRS.root/DecayTree
[#0] WARNING:InputArguments -- The parameter 'sigma3' with range [0, 10] of the RooGaussian 'sig_pdf2' exceeds the safe range of (0, inf). Advise to limit its range.
[#0] ERROR:Integration --  RooNumIntFactory::Init : libRooFitMore cannot be loaded. GSL integrators will not beavailable ! 
[#1] INFO:NumericIntegration -- RooRealIntegral::init(modelBkg_Int[x]) using numeric integrator RooIntegrator1D to calculate Int(x)
[#1] INFO:NumericIntegration -- RooRealIntegral::init(modelBkg_Int[x]) using numeric integrator RooIntegrator1D to calculate Int(x)
[#1] INFO:NumericIntegration -- RooRealIntegral::init(modelBkg_Int[x]) using numeric integrator RooIntegrator1D to calculate Int(x)
[#1] INFO:NumericIntegration -- RooRealIntegral::init(modelBkg_Int[x]) using numeric integrator RooIntegrator1D to calculate Int(x)
[#1] INFO:Fitting -- RooAddition::defaultErrorLevel(nll) Summation contains a RooNLLVar, using its error level
 **********
 **   13 **MIGRAD        6500           1
 **********
 FIRST CALL TO USER FUNCTION AT NEW START POINT, WITH IFLAG=4.
 START MIGRAD MINIMIZATION.  STRATEGY  1.  CONVERGENCE WHEN EDM .LT. 1.00e-03
 FCN=-428954 FROM MIGRAD    STATUS=INITIATE       62 CALLS          63 TOTAL
                     EDM= unknown      STRATEGY= 1      NO ERROR MATRIX       
  EXT PARAMETER               CURRENT GUESS       STEP         FIRST   
  NO.   NAME      VALUE            ERROR          SIZE      DERIVATIVE 
   1  NbkgMRS      2.95570e+03   1.47785e+03   1.72186e-01  -2.39954e+03
   2  NbkgPRS      2.81870e+03   1.40935e+03   1.72186e-01  -2.14945e+03
   3  NsigMRS      2.66013e+04   1.47785e+03   1.72186e-01   2.66386e+02
   4  NsigPRS      2.53683e+04   1.40935e+03   1.72186e-01   2.38603e+02
   5  am           2.00000e+00   2.00000e+00   2.05758e-01  -5.83867e+02
   6  bm          -3.50000e+00   1.75000e+00   2.37619e-01  -3.30715e+02
   7  cm           4.00000e+00   7.00000e+00   1.38147e-01  -1.26076e+03
   8  coeffsig     4.00000e-01   1.00000e-01   2.05758e-01  -4.22826e+03
   9  dm0          1.39400e+02   2.00000e+00   2.01742e-01   2.06776e+03
  10  mean         1.45500e+02   2.10000e+00   2.10680e-01   7.09935e+04
  11  sigma1       5.00000e-01   2.50000e-01   1.18625e-01  -3.11575e+03
  12  sigma2       5.00000e-01   2.50000e-01   1.18625e-01   9.37515e+03
  13  sigma3       1.40000e+00   7.00000e-01   2.08270e-01   7.41325e+03
                               ERR DEF= 0.5
 MIGRAD MINIMIZATION HAS CONVERGED.
 FCN=-431258 FROM MIGRAD    STATUS=CONVERGED    1224 CALLS        1225 TOTAL
                     EDM=3.56391e-05    STRATEGY= 1  ERROR MATRIX UNCERTAINTY   2.5 per cent
  EXT PARAMETER                                   STEP         FIRST   
  NO.   NAME      VALUE            ERROR          SIZE      DERIVATIVE 
   1  NbkgMRS      4.81439e+03   1.32843e+02   4.15458e-05   1.24658e-01
   2  NbkgPRS      4.51707e+03   1.27616e+02   2.76769e-05   2.13880e-01
   3  NsigMRS      2.47428e+04   2.03574e+02   1.55194e-06  -7.53760e-02
   4  NsigPRS      2.36706e+04   1.93983e+02   6.19244e-05   1.11017e-01
   5  am           9.14549e+00   2.63604e-01  -1.12142e-04   2.65295e-01
   6  bm          -1.79467e+01   1.25582e+00   9.66156e-04   1.03772e-01
   7  cm           1.84654e+00   2.01630e-01  -9.28441e-06   2.08905e+00
   8  coeffsig     7.92678e-01   8.24370e-03  -2.40436e-04   1.95513e-01
   9  dm0          1.39060e+02   2.06026e-02  -8.38477e-06   2.54126e-01
  10  mean         1.45398e+02   9.86899e-03  -2.16474e-05  -1.11868e+00
  11  sigma1       6.20186e-01   1.00587e-02  -1.18175e-04  -1.70297e+00
  12  sigma2       6.21740e-01   7.66294e-03   2.41769e-05  -6.18875e-01
  13  sigma3       1.63668e+00   4.93563e-02  -1.11634e-04  -2.02796e-01
                               ERR DEF= 0.5
 EXTERNAL ERROR MATRIX.    NDIM=  28    NPAR= 13    ERR DEF=0.5
 ELEMENTS ABOVE DIAGONAL ARE NOT PRINTED.
  1.765e+04 
  1.183e+04  1.629e+04 
 -1.375e+04 -1.202e+04  4.145e+04 
 -1.116e+04 -1.176e+04  1.080e+04  3.763e+04 
  4.326e-01  6.107e-01 -2.299e+00  1.071e+00  6.959e-02 
 -7.401e+01 -7.128e+01  8.253e+01  6.376e+01 -2.682e-01  1.600e+00 
  1.320e+01  1.256e+01 -1.385e+01 -1.168e+01  1.910e-02 -1.985e-01  4.066e-02 
  3.584e-02  3.549e-02 -3.507e-02 -2.601e-02  3.805e-04 -2.320e-03  3.704e-04  6.797e-05 
  3.243e-01  3.319e-01 -4.031e-01 -2.189e-01  5.290e-04 -2.195e-03 -3.478e-04  7.883e-06  4.245e-04 
  3.183e-02  4.099e-02 -8.044e-02  3.581e-03  3.602e-04 -1.584e-03  7.064e-05  2.291e-05  9.903e-06  9.740e-05 
 -1.528e-01 -1.341e-01  1.374e-01  1.734e-01  3.783e-04 -8.868e-04  1.716e-05  5.259e-05  7.748e-06  7.779e-05  1.012e-04 
 -1.304e-01 -1.284e-01  1.469e-01  1.148e-01 -4.012e-05  6.788e-04 -4.025e-05  1.592e-05 -3.723e-06 -5.236e-05 -2.170e-05 
 -1.304e-01 -1.284e-01  1.469e-01  1.148e-01 -4.012e-05  6.788e-04 -4.025e-05  1.592e-05 -3.723e-06 -5.236e-05 -2.170e-05  5.872e-05 
 -3.973e+00 -3.806e+00  4.088e+00  3.672e+00  1.551e-03  1.249e-02 -2.051e-03  2.265e-04 -8.360e-05  7.257e-05  2.276e-04 
 -3.973e+00 -3.806e+00  4.088e+00  3.672e+00  1.551e-03  1.249e-02 -2.051e-03  2.265e-04 -8.360e-05  7.257e-05  2.276e-04  9.217e-05  2.436e-03 
 PARAMETER  CORRELATION COEFFICIENTS  
       NO.  GLOBAL      1      2      3      4      5      6      7      8      9     10     11     12     13
        1  0.81670   1.000  0.698 -0.508 -0.433  0.012 -0.440  0.493  0.033  0.118  0.024 -0.114 -0.128 -0.606
        2  0.81270   0.698  1.000 -0.463 -0.475  0.018 -0.442  0.488  0.034  0.126  0.033 -0.104 -0.131 -0.604
        3  0.55830  -0.508 -0.463  1.000  0.273 -0.043  0.320 -0.337 -0.021 -0.096 -0.040  0.067  0.094  0.407
        4  0.52843  -0.433 -0.475  0.273  1.000  0.021  0.260 -0.299 -0.016 -0.055  0.002  0.089  0.077  0.383
        5  0.96688   0.012  0.018 -0.043  0.021  1.000 -0.804  0.359  0.175  0.097  0.138  0.143 -0.020  0.119
        6  0.98494  -0.440 -0.442  0.320  0.260 -0.804  1.000 -0.778 -0.222 -0.084 -0.127 -0.070  0.070  0.200
        7  0.93320   0.493  0.488 -0.337 -0.299  0.359 -0.778  1.000  0.223 -0.084  0.036  0.008 -0.026 -0.206
        8  0.88761   0.033  0.034 -0.021 -0.016  0.175 -0.222  0.223  1.000  0.046  0.282  0.634  0.252  0.557
        9  0.32500   0.118  0.126 -0.096 -0.055  0.097 -0.084 -0.084  0.046  1.000  0.049  0.037 -0.024 -0.082
       10  0.92765   0.024  0.033 -0.040  0.002  0.138 -0.127  0.036  0.282  0.049  1.000  0.784 -0.692  0.149
       11  0.91319  -0.114 -0.104  0.067  0.089  0.143 -0.070  0.008  0.634  0.037  0.784  1.000 -0.282  0.458
       12  0.85185  -0.128 -0.131  0.094  0.077 -0.020  0.070 -0.026  0.252 -0.024 -0.692 -0.282  1.000  0.244
       13  0.89775  -0.606 -0.604  0.407  0.383  0.119  0.200 -0.206  0.557 -0.082  0.149  0.458  0.244  1.000
 **********
 **   18 **HESSE        6500
 **********
 COVARIANCE MATRIX CALCULATED SUCCESSFULLY
 FCN=-431258 FROM HESSE     STATUS=OK            155 CALLS        1380 TOTAL
                     EDM=0.00198167    STRATEGY= 1      ERROR MATRIX ACCURATE 
  EXT PARAMETER                                INTERNAL      INTERNAL  
  NO.   NAME      VALUE            ERROR       STEP SIZE       VALUE   
   1  NbkgMRS      4.81439e+03   1.33758e+02   3.45317e-03  -7.39922e-01
   2  NbkgPRS      4.51707e+03   1.28368e+02   3.53634e-03  -7.47071e-01
   3  NsigMRS      2.47428e+04   1.94260e+02   6.73731e-03   7.39939e-01
   4  NsigPRS      2.36706e+04   1.88563e+02   6.95274e-03   7.47134e-01
   5  am           9.14549e+00   1.63156e-01   7.40845e-03   1.15439e+00
   6  bm          -1.79467e+01   7.56000e-01   1.63890e-02  -9.18467e-01
   7  cm           1.84654e+00   1.73825e-01   6.96713e-04  -1.09119e+00
   8  coeffsig     7.92678e-01   9.47410e-03   4.60676e-03   6.25319e-01
   9  dm0          1.39060e+02   1.85220e-02   8.05878e-04  -9.41717e-02
  10  mean         1.45398e+02   9.81734e-03   1.64416e-04  -2.99873e-01
  11  sigma1       6.20186e-01   1.02097e-02   7.80473e-04  -1.06743e+00
  12  sigma2       6.21740e-01   7.81199e-03   7.39683e-04  -1.06678e+00
  13  sigma3       1.63668e+00   5.11436e-02   2.72557e-03  -7.37804e-01
                               ERR DEF= 0.5
 EXTERNAL ERROR MATRIX.    NDIM=  28    NPAR= 13    ERR DEF=0.5
 ELEMENTS ABOVE DIAGONAL ARE NOT PRINTED.
  1.789e+04 
  1.028e+04  1.648e+04 
 -1.303e+04 -1.025e+04  3.774e+04 
 -1.025e+04 -1.192e+04  1.021e+04  3.556e+04 
 -5.426e+00 -5.167e+00  5.407e+00  5.148e+00  2.663e-02 
 -4.682e+01 -4.450e+01  4.664e+01  4.432e+01 -5.619e-02  5.745e-01 
  1.010e+01  9.578e+00 -1.005e+01 -9.537e+00 -3.464e-03 -9.103e-02  3.022e-02 
  3.855e-02  3.288e-02 -3.795e-02 -3.229e-02  1.279e-05 -8.145e-04  2.496e-04  8.977e-05 
  1.462e-01  1.401e-01 -1.456e-01 -1.396e-01  1.118e-04 -5.673e-05 -5.226e-04  8.703e-06  3.431e-04 
  7.526e-03  5.722e-03 -7.368e-03 -5.571e-03  7.007e-05 -3.272e-04 -2.550e-05  2.521e-05  4.787e-06  9.638e-05 
 -1.468e-01 -1.426e-01  1.466e-01  1.423e-01  1.192e-04  1.024e-04 -3.813e-05  6.273e-05  4.970e-06  7.744e-05  1.042e-04 
 -1.117e-01 -1.073e-01  1.114e-01  1.070e-01  2.859e-05  3.389e-04 -3.286e-06  2.377e-05 -2.074e-07 -5.104e-05 -1.689e-05 
 -1.117e-01 -1.073e-01  1.114e-01  1.070e-01  2.859e-05  3.389e-04 -3.286e-06  2.377e-05 -2.074e-07 -5.104e-05 -1.689e-05  6.103e-05 
 -3.768e+00 -3.607e+00  3.758e+00  3.598e+00  1.806e-03  1.082e-02 -1.719e-03  2.943e-04 -1.467e-05  9.147e-05  2.606e-04 
 -3.768e+00 -3.607e+00  3.758e+00  3.598e+00  1.806e-03  1.082e-02 -1.719e-03  2.943e-04 -1.467e-05  9.147e-05  2.606e-04  1.065e-04  2.616e-03 
 PARAMETER  CORRELATION COEFFICIENTS  
       NO.  GLOBAL      1      2      3      4      5      6      7      8      9     10     11     12     13
        1  0.78354   1.000  0.599 -0.501 -0.406 -0.249 -0.462  0.434  0.030  0.059  0.006 -0.108 -0.107 -0.551
        2  0.77810   0.599  1.000 -0.411 -0.492 -0.247 -0.457  0.429  0.027  0.059  0.005 -0.109 -0.107 -0.549
        3  0.55076  -0.501 -0.411  1.000  0.279  0.171  0.317 -0.298 -0.021 -0.040 -0.004  0.074  0.073  0.378
        4  0.54142  -0.406 -0.492  0.279  1.000  0.167  0.310 -0.291 -0.018 -0.040 -0.003  0.074  0.073  0.373
        5  0.91412  -0.249 -0.247  0.171  0.167  1.000 -0.454 -0.122  0.008  0.037  0.044  0.072  0.022  0.216
        6  0.95721  -0.462 -0.457  0.317  0.310 -0.454  1.000 -0.691 -0.113 -0.004 -0.044  0.013  0.057  0.279
        7  0.90365   0.434  0.429 -0.298 -0.291 -0.122 -0.691  1.000  0.152 -0.162 -0.015 -0.021 -0.002 -0.193
        8  0.90061   0.030  0.027 -0.021 -0.018  0.008 -0.113  0.152  1.000  0.050  0.271  0.648  0.321  0.607
        9  0.29336   0.059  0.059 -0.040 -0.040  0.037 -0.004 -0.162  0.050  1.000  0.026  0.026 -0.001 -0.015
       10  0.92886   0.006  0.005 -0.004 -0.003  0.044 -0.044 -0.015  0.271  0.026  1.000  0.773 -0.666  0.182
       11  0.91361  -0.108 -0.109  0.074  0.074  0.072  0.013 -0.021  0.648  0.026  0.773  1.000 -0.212  0.499
       12  0.86359  -0.107 -0.107  0.073  0.073  0.022  0.057 -0.002  0.321 -0.001 -0.666 -0.212  1.000  0.267
       13  0.90067  -0.551 -0.549  0.378  0.373  0.216  0.279 -0.193  0.607 -0.015  0.182  0.499  0.267  1.000
71 ; 2.73487 ; 5.93889
[#1] INFO:Plotting -- RooAbsPdf::plotOn(modelMRS) directly selected PDF components: (modelBkg)
[#1] INFO:Plotting -- RooAbsPdf::plotOn(modelMRS) indirectly selected PDF components: ()
[#1] INFO:NumericIntegration -- RooRealIntegral::init(modelBkg_Int[x]) using numeric integrator RooIntegrator1D to calculate Int(x)
[#1] INFO:Plotting -- RooAbsPdf::plotOn(modelMRS) directly selected PDF components: (modelSig)
[#1] INFO:Plotting -- RooAbsPdf::plotOn(modelMRS) indirectly selected PDF components: (sig_pdf1,sig_pdf2)
[#1] INFO:NumericIntegration -- RooRealIntegral::init(modelBkg_Int[x]) using numeric integrator RooIntegrator1D to calculate Int(x)
[#1] INFO:NumericIntegration -- RooRealIntegral::init(modelBkg_Int[x]) using numeric integrator RooIntegrator1D to calculate Int(x)
[#1] INFO:Plotting -- RooAbsPdf::plotOn(modelPRS) directly selected PDF components: (modelBkg)
[#1] INFO:Plotting -- RooAbsPdf::plotOn(modelPRS) indirectly selected PDF components: ()
[#1] INFO:NumericIntegration -- RooRealIntegral::init(modelBkg_Int[x]) using numeric integrator RooIntegrator1D to calculate Int(x)
[#1] INFO:Plotting -- RooAbsPdf::plotOn(modelPRS) directly selected PDF components: (modelSig)
[#1] INFO:Plotting -- RooAbsPdf::plotOn(modelPRS) indirectly selected PDF components: (sig_pdf1,sig_pdf2)
[#1] INFO:NumericIntegration -- RooRealIntegral::init(modelBkg_Int[x]) using numeric integrator RooIntegrator1D to calculate Int(x)
[#1] INFO:NumericIntegration -- RooRealIntegral::init(modelBkg_Int[x]) using numeric integrator RooIntegrator1D to calculate Int(x)
PRS chi2: 2.40595 ; MPS chi2: 3.22397
