   ------------------------------------------------------------------
  | Welcome to ROOT 6.24/08                        https://root.cern |
  | (c) 1995-2021, The ROOT Team; conception: R. Brun, F. Rademakers |
  | Built for linuxx8664gcc on Sep 29 2022, 13:04:57                 |
  | From tags/v6-24-08@v6-24-08                                      |
  | With c++ (GCC) 4.8.5 20150623 (Red Hat 4.8.5-44)                 |
  | Try '.help', '.demo', '.license', '.credits', '.quit'/'.q'       |
   ------------------------------------------------------------------


Processing full.C(4,0,"Up","2017")...

[1mRooFit v3.60 -- Developed by Wouter Verkerke and David Kirkby[0m 
                Copyright (C) 2000-2013 NIKHEF, University of California & Stanford University
                All rights reserved, please read http://roofit.sourceforge.net/license.txt

-------------------------
Set LHCb Style - May 2021
-------------------------
../fulltempt/PARAMs/FullMom_4_0.txt
../../../../selection/promptD/results/2017MagUpFullRS.root/DecayTree
[#0] WARNING:InputArguments -- The parameter 'sigma3' with range [0, 10] of the RooGaussian 'sig_pdf2' exceeds the safe range of (0, inf). Advise to limit its range.
[#0] ERROR:Integration --  RooNumIntFactory::Init : libRooFitMore cannot be loaded. GSL integrators will not beavailable ! 
[#1] INFO:NumericIntegration -- RooRealIntegral::init(modelBkg_Int[x]) using numeric integrator RooIntegrator1D to calculate Int(x)
[#1] INFO:NumericIntegration -- RooRealIntegral::init(modelBkg_Int[x]) using numeric integrator RooIntegrator1D to calculate Int(x)
[#1] INFO:NumericIntegration -- RooRealIntegral::init(modelBkg_Int[x]) using numeric integrator RooIntegrator1D to calculate Int(x)
[#1] INFO:NumericIntegration -- RooRealIntegral::init(modelBkg_Int[x]) using numeric integrator RooIntegrator1D to calculate Int(x)
[#1] INFO:Fitting -- RooAddition::defaultErrorLevel(nll) Summation contains a RooNLLVar, using its error level
 **********
 **   13 **MIGRAD        6500           1
 **********
 FIRST CALL TO USER FUNCTION AT NEW START POINT, WITH IFLAG=4.
 START MIGRAD MINIMIZATION.  STRATEGY  1.  CONVERGENCE WHEN EDM .LT. 1.00e-03
 FCN=-11044.3 FROM MIGRAD    STATUS=INITIATE       52 CALLS          53 TOTAL
                     EDM= unknown      STRATEGY= 1      NO ERROR MATRIX       
  EXT PARAMETER               CURRENT GUESS       STEP         FIRST   
  NO.   NAME      VALUE            ERROR          SIZE      DERIVATIVE 
   1  NbkgMRS      1.45300e+02   7.26500e+01   1.72186e-01  -5.97857e+02
   2  NbkgPRS      1.39500e+02   6.97500e+01   1.72186e-01  -6.09191e+02
   3  NsigMRS      1.30770e+03   7.26500e+01   1.72186e-01   6.64122e+01
   4  NsigPRS      1.25550e+03   6.97500e+01   1.72186e-01   6.76722e+01
   5  am           3.00000e+00   2.00000e+00   2.11716e-01  -5.17826e+01
   6  bm          -3.50000e+00   1.75000e+00   2.37619e-01  -2.13380e+01
   7  cm           6.00000e+00   8.00000e+00   1.48416e-01  -1.09869e+02
   8  coeffsig     1.00000e-01   5.00000e-02   1.72186e-01  -4.01523e+01
   9  dm0          1.39400e+02   2.00000e+00   2.01742e-01   4.41615e+02
  10  mean         1.45500e+02   2.10000e+00   2.10680e-01  -7.71065e+01
  11  sigma1       5.00000e-01   2.50000e-01   1.18625e-01   4.84125e+01
  12  sigma2       5.00000e-01   2.50000e-01   1.18625e-01   3.00125e+01
  13  sigma3       1.10000e+00   5.50000e-01   1.81568e-01  -6.60326e+02
                               ERR DEF= 0.5
 MIGRAD MINIMIZATION HAS CONVERGED.
 FCN=-11458.4 FROM MIGRAD    STATUS=CONVERGED    1349 CALLS        1350 TOTAL
                     EDM=6.26682e-05    STRATEGY= 1  ERROR MATRIX UNCERTAINTY   5.0 per cent
  EXT PARAMETER                                   STEP         FIRST   
  NO.   NAME      VALUE            ERROR          SIZE      DERIVATIVE 
   1  NbkgMRS      4.41401e+02   3.35713e+01  -2.26104e-04  -7.75654e-03
   2  NbkgPRS      4.28016e+02   3.05882e+01   1.40507e-04  -1.01082e-01
   3  NsigMRS      1.01167e+03   4.15124e+01   2.57938e-05   4.99836e-02
   4  NsigPRS      9.66971e+02   3.83155e+01  -7.69036e-05   3.33070e-02
   5  am           9.99994e+00   4.84080e-01  -2.99130e-03   3.61720e-02
   6  bm          -2.00000e+01   2.73505e+00   8.87852e-03** at limit **
   7  cm           2.34963e+00   3.96379e-01   1.08659e-05  -1.75823e+00
   8  coeffsig     9.15309e-01   4.51491e-02   6.53430e-04  -6.37784e-02
   9  dm0          1.38820e+02   9.23544e-02  -8.02278e-05   4.38671e-01
  10  mean         1.45463e+02   6.20779e-02   6.30774e-06  -1.27513e+00
  11  sigma1       7.67566e-01   5.24444e-02   5.32316e-05   2.70279e-01
  12  sigma2       8.81442e-01   4.83297e-02   6.33924e-06  -4.38015e-02
  13  sigma3       2.64553e+00   5.13065e-01   7.22749e-04   3.91747e-03
                               ERR DEF= 0.5
 EXTERNAL ERROR MATRIX.    NDIM=  28    NPAR= 13    ERR DEF=0.5
 ELEMENTS ABOVE DIAGONAL ARE NOT PRINTED.
  1.128e+03 
  4.227e+02  9.363e+02 
 -6.949e+02 -4.258e+02  1.726e+03 
 -4.137e+02 -4.970e+02  4.145e+02  1.470e+03 
  9.586e-03  1.839e-02 -1.231e-02 -1.213e-02  1.224e-04 
  4.001e-03  6.343e-03 -8.408e-03 -6.387e-03 -1.706e-06  3.286e-05 
 -7.861e+00 -6.106e+00  7.662e+00  6.109e+00  2.950e-04 -1.282e-05  1.571e-01 
  9.029e-01  7.216e-01 -8.977e-01 -7.047e-01  6.841e-06  5.881e-06 -1.152e-02  2.057e-03 
  2.992e-01  3.438e-01 -3.230e-01 -3.163e-01 -4.221e-05 -1.632e-05 -8.288e-03  9.781e-04  8.530e-03 
  1.509e-01 -8.924e-03 -9.909e-02 -3.302e-02  1.587e-05  2.875e-05 -1.303e-03  3.890e-04  3.282e-04  3.854e-03 
  3.084e-01  1.525e-01 -2.948e-01 -1.903e-01  5.922e-06  1.741e-05 -3.344e-03  1.064e-03  5.809e-04  2.631e-03  2.751e-03 
  2.185e-01  2.484e-01 -2.759e-01 -2.291e-01 -1.546e-05 -1.775e-05 -3.753e-03  7.154e-04  2.298e-04 -2.174e-03 -9.353e-04 
  2.185e-01  2.484e-01 -2.759e-01 -2.291e-01 -1.546e-05 -1.775e-05 -3.753e-03  7.154e-04  2.298e-04 -2.174e-03 -9.353e-04  2.336e-03 
  1.509e+00  1.411e+00 -1.593e+00 -1.065e+00 -2.084e-04 -8.075e-05 -2.616e-02  1.318e-02  1.743e-02  5.630e-03  1.104e-02 
  1.509e+00  1.411e+00 -1.593e+00 -1.065e+00 -2.084e-04 -8.075e-05 -2.616e-02  1.318e-02  1.743e-02  5.630e-03  1.104e-02  4.107e-03  2.644e-01 
 PARAMETER  CORRELATION COEFFICIENTS  
       NO.  GLOBAL      1      2      3      4      5      6      7      8      9     10     11     12     13
        1  0.70885   1.000  0.411 -0.498 -0.321  0.026  0.021 -0.591  0.593  0.096  0.072  0.175  0.135  0.087
        2  0.62671   0.411  1.000 -0.335 -0.424  0.054  0.036 -0.503  0.520  0.122 -0.005  0.095  0.168  0.090
        3  0.57417  -0.498 -0.335  1.000  0.260 -0.027 -0.035  0.465 -0.477 -0.084 -0.038 -0.135 -0.137 -0.075
        4  0.50680  -0.321 -0.424  0.260  1.000 -0.029 -0.029  0.402 -0.405 -0.089 -0.014 -0.095 -0.124 -0.054
        5  0.17039   0.026  0.054 -0.027 -0.029  1.000 -0.027  0.067  0.014 -0.041  0.023  0.010 -0.029 -0.037
        6  0.12084   0.021  0.036 -0.035 -0.029 -0.027  1.000 -0.006  0.023 -0.031  0.081  0.058 -0.064 -0.027
        7  0.76246  -0.591 -0.503  0.465  0.402  0.067 -0.006  1.000 -0.641 -0.226 -0.053 -0.161 -0.196 -0.128
        8  0.91254   0.593  0.520 -0.477 -0.405  0.014  0.023 -0.641  1.000  0.234  0.138  0.448  0.326  0.565
        9  0.43465   0.096  0.122 -0.084 -0.089 -0.041 -0.031 -0.226  0.234  1.000  0.057  0.120  0.051  0.367
       10  0.93090   0.072 -0.005 -0.038 -0.014  0.023  0.081 -0.053  0.138  0.057  1.000  0.808 -0.725  0.176
       11  0.89674   0.175  0.095 -0.135 -0.095  0.010  0.058 -0.161  0.448  0.120  0.808  1.000 -0.369  0.409
       12  0.85866   0.135  0.168 -0.137 -0.124 -0.029 -0.064 -0.196  0.326  0.051 -0.725 -0.369  1.000  0.165
       13  0.75419   0.087  0.090 -0.075 -0.054 -0.037 -0.027 -0.128  0.565  0.367  0.176  0.409  0.165  1.000
 **********
 **   18 **HESSE        6500
 **********
 COVARIANCE MATRIX CALCULATED SUCCESSFULLY
 FCN=-11458.4 FROM HESSE     STATUS=OK            145 CALLS        1495 TOTAL
                     EDM=0.000483477    STRATEGY= 1      ERROR MATRIX ACCURATE 
  EXT PARAMETER                                INTERNAL      INTERNAL  
  NO.   NAME      VALUE            ERROR       STEP SIZE       VALUE   
   1  NbkgMRS      4.41401e+02   3.32595e+01   2.68125e-03  -4.03270e-01
   2  NbkgPRS      4.28016e+02   3.00039e+01   2.72363e-03  -3.96679e-01
   3  NsigMRS      1.01167e+03   4.09322e+01   3.72667e-03   4.03382e-01
   4  NsigPRS      9.66971e+02   3.79258e+01   3.77836e-03   3.96659e-01
   5  am           9.99994e+00   5.24006e-01   2.32246e-02   1.57434e+00
   6  bm          -2.00000e+01   3.22409e+00   5.91885e-02  -1.57155e+00
                                 WARNING -   - ABOVE PARAMETER IS AT LIMIT.
   7  cm           2.34963e+00   3.97573e-01   3.84776e-04  -1.08091e+00
   8  coeffsig     9.15309e-01   4.46745e-02   4.97250e-03   9.80215e-01
   9  dm0          1.38820e+02   7.86188e-02   5.52347e-04  -1.18277e-01
  10  mean         1.45463e+02   6.00800e-02   1.64753e-04  -2.93400e-01
  11  sigma1       7.67566e-01   5.07169e-02   6.31087e-04  -1.00935e+00
  12  sigma2       8.81442e-01   4.70124e-02   6.32539e-04  -9.67926e-01
  13  sigma3       2.64553e+00   5.07690e-01   5.84842e-03  -4.90304e-01
                               ERR DEF= 0.5
 EXTERNAL ERROR MATRIX.    NDIM=  28    NPAR= 13    ERR DEF=0.5
 ELEMENTS ABOVE DIAGONAL ARE NOT PRINTED.
  1.107e+03 
  3.959e+02  9.009e+02 
 -6.654e+02 -3.959e+02  1.678e+03 
 -3.960e+02 -4.726e+02  3.960e+02  1.440e+03 
  1.950e-02  1.655e-02 -1.949e-02 -1.654e-02  1.326e-04 
 -6.047e-03 -5.169e-03  6.041e-03  5.163e-03 -4.941e-08  3.910e-05 
 -7.179e+00 -5.789e+00  7.178e+00  5.789e+00  4.533e-04 -3.807e-04  1.581e-01 
  8.600e-01  6.688e-01 -8.601e-01 -6.689e-01  2.413e-05 -7.919e-06 -1.132e-02  2.013e-03 
  1.787e-01  1.795e-01 -1.784e-01 -1.792e-01 -7.173e-06 -6.723e-08 -5.596e-03  6.396e-04  6.181e-03 
  1.032e-01  6.847e-02 -1.032e-01 -6.845e-02  3.559e-06 -1.294e-06 -1.454e-03  3.766e-04  1.300e-04  3.610e-03 
  2.596e-01  1.773e-01 -2.597e-01 -1.774e-01  6.987e-06 -1.942e-06 -3.424e-03  1.025e-03  3.419e-04  2.448e-03  2.573e-03 
  2.162e-01  1.624e-01 -2.163e-01 -1.626e-01  1.465e-06 -1.137e-06 -3.524e-03  6.891e-04  2.077e-04 -2.036e-03 -8.636e-04 
  2.162e-01  1.624e-01 -2.163e-01 -1.626e-01  1.465e-06 -1.137e-06 -3.524e-03  6.891e-04  2.077e-04 -2.036e-03 -8.636e-04  2.210e-03 
  1.388e+00  8.310e-01 -1.387e+00 -8.288e-01  9.454e-05 -7.373e-05 -2.757e-02  1.252e-02  1.277e-02  5.096e-03  1.045e-02 
  1.388e+00  8.310e-01 -1.387e+00 -8.288e-01  9.454e-05 -7.373e-05 -2.757e-02  1.252e-02  1.277e-02  5.096e-03  1.045e-02  4.074e-03  2.589e-01 
 PARAMETER  CORRELATION COEFFICIENTS  
       NO.  GLOBAL      1      2      3      4      5      6      7      8      9     10     11     12     13
        1  0.68523   1.000  0.396 -0.488 -0.314  0.051 -0.029 -0.543  0.576  0.068  0.052  0.154  0.138  0.082
        2  0.61332   0.396  1.000 -0.322 -0.415  0.048 -0.028 -0.485  0.497  0.076  0.038  0.116  0.115  0.054
        3  0.56880  -0.488 -0.322  1.000  0.255 -0.041  0.024  0.441 -0.468 -0.055 -0.042 -0.125 -0.112 -0.067
        4  0.49917  -0.314 -0.415  0.255  1.000 -0.038  0.022  0.384 -0.393 -0.060 -0.030 -0.092 -0.091 -0.043
        5  0.21981   0.051  0.048 -0.041 -0.038  1.000 -0.001  0.099  0.047 -0.008  0.005  0.012  0.003  0.016
        6  0.26446  -0.029 -0.028  0.024  0.022 -0.001  1.000 -0.153 -0.028 -0.000 -0.003 -0.006 -0.004 -0.023
        7  0.76268  -0.543 -0.485  0.441  0.384  0.099 -0.153  1.000 -0.635 -0.179 -0.061 -0.170 -0.189 -0.136
        8  0.90866   0.576  0.497 -0.468 -0.393  0.047 -0.028 -0.635  1.000  0.181  0.140  0.450  0.327  0.548
        9  0.37184   0.068  0.076 -0.055 -0.060 -0.008 -0.000 -0.179  0.181  1.000  0.028  0.086  0.056  0.319
       10  0.92788   0.052  0.038 -0.042 -0.030  0.005 -0.003 -0.061  0.140  0.028  1.000  0.803 -0.721  0.167
       11  0.89402   0.154  0.116 -0.125 -0.092  0.012 -0.006 -0.170  0.450  0.086  0.803  1.000 -0.362  0.405
       12  0.85664   0.138  0.115 -0.112 -0.091  0.003 -0.004 -0.189  0.327  0.056 -0.721 -0.362  1.000  0.170
       13  0.72595   0.082  0.054 -0.067 -0.043  0.016 -0.023 -0.136  0.548  0.319  0.167  0.405  0.170  1.000
71 ; 0.995753 ; 1.50217
[#1] INFO:Plotting -- RooAbsPdf::plotOn(modelMRS) directly selected PDF components: (modelBkg)
[#1] INFO:Plotting -- RooAbsPdf::plotOn(modelMRS) indirectly selected PDF components: ()
[#1] INFO:NumericIntegration -- RooRealIntegral::init(modelBkg_Int[x]) using numeric integrator RooIntegrator1D to calculate Int(x)
[#1] INFO:Plotting -- RooAbsPdf::plotOn(modelMRS) directly selected PDF components: (modelSig)
[#1] INFO:Plotting -- RooAbsPdf::plotOn(modelMRS) indirectly selected PDF components: (sig_pdf1,sig_pdf2)
[#1] INFO:NumericIntegration -- RooRealIntegral::init(modelBkg_Int[x]) using numeric integrator RooIntegrator1D to calculate Int(x)
[#1] INFO:NumericIntegration -- RooRealIntegral::init(modelBkg_Int[x]) using numeric integrator RooIntegrator1D to calculate Int(x)
[#1] INFO:Plotting -- RooAbsPdf::plotOn(modelPRS) directly selected PDF components: (modelBkg)
[#1] INFO:Plotting -- RooAbsPdf::plotOn(modelPRS) indirectly selected PDF components: ()
[#1] INFO:NumericIntegration -- RooRealIntegral::init(modelBkg_Int[x]) using numeric integrator RooIntegrator1D to calculate Int(x)
[#1] INFO:Plotting -- RooAbsPdf::plotOn(modelPRS) directly selected PDF components: (modelSig)
[#1] INFO:Plotting -- RooAbsPdf::plotOn(modelPRS) indirectly selected PDF components: (sig_pdf1,sig_pdf2)
[#1] INFO:NumericIntegration -- RooRealIntegral::init(modelBkg_Int[x]) using numeric integrator RooIntegrator1D to calculate Int(x)
[#1] INFO:NumericIntegration -- RooRealIntegral::init(modelBkg_Int[x]) using numeric integrator RooIntegrator1D to calculate Int(x)
PRS chi2: 0.83152 ; MPS chi2: 1.0681
