   ------------------------------------------------------------------
  | Welcome to ROOT 6.24/08                        https://root.cern |
  | (c) 1995-2021, The ROOT Team; conception: R. Brun, F. Rademakers |
  | Built for linuxx8664gcc on Sep 29 2022, 13:04:57                 |
  | From tags/v6-24-08@v6-24-08                                      |
  | With c++ (GCC) 4.8.5 20150623 (Red Hat 4.8.5-44)                 |
  | Try '.help', '.demo', '.license', '.credits', '.quit'/'.q'       |
   ------------------------------------------------------------------


Processing part.C(0,"Down","2017")...

[1mRooFit v3.60 -- Developed by Wouter Verkerke and David Kirkby[0m 
                Copyright (C) 2000-2013 NIKHEF, University of California & Stanford University
                All rights reserved, please read http://roofit.sourceforge.net/license.txt

-------------------------
Set LHCb Style - May 2021
-------------------------
../parttempt/PARAMs/PartMom_0.txt
====>133271
[#0] ERROR:Integration --  RooNumIntFactory::Init : libRooFitMore cannot be loaded. GSL integrators will not beavailable ! 
[#1] INFO:NumericIntegration -- RooRealIntegral::init(modelSig_clone_Int[x]) using numeric integrator RooIntegrator1D to calculate Int(x)
[#1] INFO:NumericIntegration -- RooRealIntegral::init([pdfD0BG_X_poly]_Norm[x]_denominator_Int[x]) using numeric integrator RooIntegrator1D to calculate Int(x)
[#1] INFO:NumericIntegration -- RooRealIntegral::init(modelSig_clone_Int[x]) using numeric integrator RooIntegrator1D to calculate Int(x)
[#1] INFO:NumericIntegration -- RooRealIntegral::init([pdfD0BG_X_poly]_Norm[x]_denominator_Int[x]) using numeric integrator RooIntegrator1D to calculate Int(x)
[#1] INFO:NumericIntegration -- RooRealIntegral::init(modelSig_clone_Int[x]) using numeric integrator RooIntegrator1D to calculate Int(x)
[#1] INFO:NumericIntegration -- RooRealIntegral::init([pdfD0BG_X_poly]_Norm[x]_denominator_Int[x]) using numeric integrator RooIntegrator1D to calculate Int(x)
[#1] INFO:NumericIntegration -- RooRealIntegral::init(modelSig_clone_Int[x]) using numeric integrator RooIntegrator1D to calculate Int(x)
[#1] INFO:NumericIntegration -- RooRealIntegral::init([pdfD0BG_X_poly]_Norm[x]_denominator_Int[x]) using numeric integrator RooIntegrator1D to calculate Int(x)
[#1] INFO:Fitting -- RooAddition::defaultErrorLevel(nll) Summation contains a RooNLLVar, using its error level
 **********
 **   13 **MIGRAD        5000           1
 **********
 FIRST CALL TO USER FUNCTION AT NEW START POINT, WITH IFLAG=4.
 MINUIT WARNING IN MIGrad    
 ============== VARIABLE6 IS AT ITS UPPER ALLOWED LIMIT.
 START MIGRAD MINIMIZATION.  STRATEGY  1.  CONVERGENCE WHEN EDM .LT. 1.00e-03
 FCN=-2.03608e+06 FROM MIGRAD    STATUS=INITIATE      123 CALLS         124 TOTAL
                     EDM= unknown      STRATEGY= 1      NO ERROR MATRIX       
  EXT PARAMETER               CURRENT GUESS       STEP         FIRST   
  NO.   NAME      VALUE            ERROR          SIZE      DERIVATIVE 
   1  NbkgMRS      3.53192e+04   1.35843e+04   0.00000e+00  -5.30515e+03
   2  NbkgPRS      3.45267e+04   1.32795e+04   0.00000e+00  -5.15536e+03
   3  NsigMRS      1.00524e+05   1.35843e+04   0.00000e+00   1.86345e+03
   4  NsigPRS      9.82683e+04   1.32795e+04   0.00000e+00   1.81082e+03
   5  acc_p        1.75559e+00   7.00000e-01   0.00000e+00  -5.81110e+03
   6  acc_s        2.96045e-01   5.00000e-02  -1.38361e+00   1.20188e+03
   7  mean         1.43500e+02   9.00000e-01   0.00000e+00  -6.30665e+03
   8  offset       1.39000e+02   2.00000e+00   0.00000e+00   2.50270e+04
   9  sigma        3.40000e+00   1.45000e+00   0.00000e+00  -1.40596e+04
  10  sigma2       5.80000e+00   7.00000e-01   0.00000e+00  -1.22696e+04
                               ERR DEF= 0.5
 MIGRAD MINIMIZATION HAS CONVERGED.
 MIGRAD WILL VERIFY CONVERGENCE AND ERROR MATRIX.
 EIGENVALUES OF SECOND-DERIVATIVE MATRIX:
        -4.9757e-03  7.4109e-03  8.7748e-02  1.1494e-01  4.2407e-01  5.9253e-01  1.0832e+00  1.4074e+00  1.4195e+00  4.8682e+00
 MINUIT WARNING IN HESSE   
 ============== MATRIX FORCED POS-DEF BY ADDING 0.009844 TO DIAGONAL.
 FCN=-2.03836e+06 FROM MIGRAD    STATUS=CONVERGED    1057 CALLS        1058 TOTAL
                     EDM=0.000674038    STRATEGY= 1      ERR MATRIX NOT POS-DEF
  EXT PARAMETER                APPROXIMATE        STEP         FIRST   
  NO.   NAME      VALUE            ERROR          SIZE      DERIVATIVE 
   1  NbkgMRS      3.95678e+04   3.18104e+02   4.22487e-03   4.62252e-02
   2  NbkgPRS      3.85986e+04   3.15415e+02   4.27779e-03   3.41978e-01
   3  NsigMRS      9.62757e+04   3.96138e+02   5.46845e-03   3.37640e-01
   4  NsigPRS      9.41974e+04   3.92586e+02   5.53720e-03   4.50728e-01
   5  acc_p        8.46969e-01   3.77500e-02   2.22301e-03   8.29515e-01
   6  acc_s        1.44944e-02   6.90638e-03   1.10983e-02  -3.03141e-01
   7  mean         1.43338e+02   3.68732e-02   2.86750e-03  -5.15029e-02
   8  offset       1.37734e+02   4.62706e-01   4.12555e-03  -4.74629e-01
   9  sigma        2.42745e+00   9.86534e-02   6.02668e-04   8.70147e+00
  10  sigma2       5.82592e+00   4.08288e-02   3.46174e-03   1.37821e-01
                               ERR DEF= 0.5
 EXTERNAL ERROR MATRIX.    NDIM=  36    NPAR= 10    ERR DEF=0.5
  1.012e+05  1.848e+04 -6.155e+04 -1.843e+04 -7.185e-01 -2.397e-01 -4.604e-01 -1.021e+01 -1.395e+00 -3.966e+00 
  1.848e+04  9.949e+04 -1.843e+04 -6.081e+04 -7.064e-01 -2.367e-01 -4.631e-01 -9.913e+00 -1.331e+00 -3.948e+00 
 -6.155e+04 -1.843e+04  1.569e+05  1.838e+04  7.174e-01  2.393e-01  4.596e-01  1.019e+01  1.394e+00  3.957e+00 
 -1.843e+04 -6.081e+04  1.838e+04  1.541e+05  7.053e-01  2.363e-01  4.623e-01  9.900e+00  1.330e+00  3.938e+00 
 -7.185e-01 -7.064e-01  7.174e-01  7.053e-01  1.425e-03 -1.299e-05  3.109e-04  1.207e-02  2.024e-03  4.974e-04 
 -2.397e-01 -2.367e-01  2.393e-01  2.363e-01 -1.299e-05  4.781e-05  6.233e-05  1.950e-03  4.479e-04  2.116e-04 
 -4.604e-01 -4.631e-01  4.596e-01  4.623e-01  3.109e-04  6.233e-05  1.360e-03  2.274e-03  9.772e-04  1.715e-04 
 -1.021e+01 -9.913e+00  1.019e+01  9.900e+00  1.207e-02  1.950e-03  2.274e-03  2.143e-01  4.286e-02  1.223e-02 
 -1.395e+00 -1.331e+00  1.394e+00  1.330e+00  2.024e-03  4.479e-04  9.772e-04  4.286e-02  9.733e-03  2.198e-03 
 -3.966e+00 -3.948e+00  3.957e+00  3.938e+00  4.974e-04  2.116e-04  1.715e-04  1.223e-02  2.198e-03  1.667e-03 
ERR MATRIX NOT POS-DEF
 PARAMETER  CORRELATION COEFFICIENTS  
       NO.  GLOBAL      1      2      3      4      5      6      7      8      9     10
        1  0.56163   1.000  0.184 -0.488 -0.148 -0.060 -0.109 -0.039 -0.069 -0.044 -0.305
        2  0.56450   0.184  1.000 -0.148 -0.491 -0.059 -0.109 -0.040 -0.068 -0.043 -0.307
        3  0.51034  -0.488 -0.148  1.000  0.118  0.048  0.087  0.031  0.056  0.036  0.245
        4  0.51292  -0.148 -0.491  0.118  1.000  0.048  0.087  0.032  0.054  0.034  0.246
        5  0.99075  -0.060 -0.059  0.048  0.048  1.000 -0.050  0.223  0.691  0.544  0.323
        6  0.99072  -0.109 -0.109  0.087  0.087 -0.050  1.000  0.244  0.609  0.657  0.750
        7  0.93564  -0.039 -0.040  0.031  0.032  0.223  0.244  1.000  0.133  0.269  0.114
        8  0.99615  -0.069 -0.068  0.056  0.054  0.691  0.609  0.133  1.000  0.939  0.647
        9  0.98160  -0.044 -0.043  0.036  0.034  0.544  0.657  0.269  0.939  1.000  0.546
       10  0.95450  -0.305 -0.307  0.245  0.246  0.323  0.750  0.114  0.647  0.546  1.000
 ERR MATRIX NOT POS-DEF
 **********
 **   18 **HESSE        5000
 **********
 COVARIANCE MATRIX CALCULATED SUCCESSFULLY
 FCN=-2.03836e+06 FROM HESSE     STATUS=OK             86 CALLS        1144 TOTAL
                     EDM=0.0255743    STRATEGY= 1      ERROR MATRIX ACCURATE 
  EXT PARAMETER                                INTERNAL      INTERNAL  
  NO.   NAME      VALUE            ERROR       STEP SIZE       VALUE   
   1  NbkgMRS      3.95678e+04   3.31259e+02   1.68995e-04  -4.30635e-01
   2  NbkgPRS      3.85986e+04   3.28549e+02   1.71112e-04  -4.31985e-01
   3  NsigMRS      9.62757e+04   4.07966e+02   2.18738e-04   4.30644e-01
   4  NsigPRS      9.41974e+04   4.04401e+02   2.21488e-04   4.32001e-01
   5  acc_p        8.46969e-01   1.95689e-01   8.89203e-05  -2.28134e+00
   6  acc_s        1.44944e-02   3.10987e-02   4.43931e-04  -1.22861e+00
   7  mean         1.43338e+02   3.96125e-02   1.14700e-04  -3.61053e-02
   8  offset       1.37734e+02   6.19365e-01   1.65022e-04  -2.28580e-01
   9  sigma        2.42745e+00   1.10618e-01   2.41067e-05  -1.44648e+00
  10  sigma2       5.82592e+00   8.07714e-02   1.38470e-04   9.32559e-02
                               ERR DEF= 0.5
 EXTERNAL ERROR MATRIX.    NDIM=  36    NPAR= 10    ERR DEF=0.5
  1.097e+05  2.571e+04 -7.016e+04 -2.571e+04  1.072e+01 -2.293e+00 -1.993e-01  2.271e+00 -4.099e+00 -9.203e+00 
  2.571e+04  1.079e+05 -2.571e+04 -6.934e+04  1.069e+01 -2.281e+00 -2.012e-01  2.600e+00 -4.005e+00 -9.160e+00 
 -7.016e+04 -2.571e+04  1.664e+05  2.571e+04 -1.072e+01  2.293e+00  1.993e-01 -2.270e+00  4.099e+00  9.203e+00 
 -2.571e+04 -6.934e+04  2.571e+04  1.635e+05 -1.069e+01  2.281e+00  2.012e-01 -2.600e+00  4.005e+00  9.160e+00 
  1.072e+01  1.069e+01 -1.072e+01 -1.069e+01  3.839e-02 -5.946e-03  1.759e-03  8.254e-02  4.869e-05 -1.235e-02 
 -2.293e+00 -2.281e+00  2.293e+00  2.281e+00 -5.946e-03  1.015e-03 -1.450e-04 -8.648e-03  9.495e-04  2.346e-03 
 -1.993e-01 -2.012e-01  1.993e-01  2.012e-01  1.759e-03 -1.450e-04  1.569e-03  6.011e-03  1.232e-03 -2.575e-04 
  2.271e+00  2.600e+00 -2.270e+00 -2.600e+00  8.254e-02 -8.648e-03  6.011e-03  3.841e-01  4.820e-02 -8.942e-03 
 -4.099e+00 -4.005e+00  4.099e+00  4.005e+00  4.869e-05  9.495e-04  1.232e-03  4.820e-02  1.224e-02  3.688e-03 
 -9.203e+00 -9.160e+00  9.203e+00  9.160e+00 -1.235e-02  2.346e-03 -2.575e-04 -8.942e-03  3.688e-03  6.525e-03 
 PARAMETER  CORRELATION COEFFICIENTS  
       NO.  GLOBAL      1      2      3      4      5      6      7      8      9     10
        1  0.60209   1.000  0.236 -0.519 -0.192  0.165 -0.217 -0.015  0.011 -0.112 -0.344
        2  0.60487   0.236  1.000 -0.192 -0.522  0.166 -0.218 -0.015  0.013 -0.110 -0.345
        3  0.54391  -0.519 -0.192  1.000  0.156 -0.134  0.176  0.012 -0.009  0.091  0.279
        4  0.54652  -0.192 -0.522  0.156  1.000 -0.135  0.177  0.013 -0.010  0.090  0.280
        5  0.99965   0.165  0.166 -0.134 -0.135  1.000 -0.953  0.227  0.680  0.002 -0.780
        6  0.99956  -0.217 -0.218  0.176  0.177 -0.953  1.000 -0.115 -0.438  0.269  0.911
        7  0.94392  -0.015 -0.015  0.012  0.013  0.227 -0.115  1.000  0.245  0.281 -0.080
        8  0.99783   0.011  0.013 -0.009 -0.010  0.680 -0.438  0.245  1.000  0.703 -0.179
        9  0.98525  -0.112 -0.110  0.091  0.090  0.002  0.269  0.281  0.703  1.000  0.413
       10  0.98846  -0.344 -0.345  0.279  0.280 -0.780  0.911 -0.080 -0.179  0.413  1.000
60 ; 1.76927 ; 1.92952
[#1] INFO:Plotting -- RooAbsPdf::plotOn(modelMRS) directly selected PDF components: (modelBkg)
[#1] INFO:Plotting -- RooAbsPdf::plotOn(modelMRS) indirectly selected PDF components: (pdfD0BG,poly)
[#1] INFO:NumericIntegration -- RooRealIntegral::init(modelSig_clone_Int[x]) using numeric integrator RooIntegrator1D to calculate Int(x)
[#1] INFO:NumericIntegration -- RooRealIntegral::init([pdfD0BG_X_poly]_Norm[x]_denominator_Int[x]) using numeric integrator RooIntegrator1D to calculate Int(x)
[#1] INFO:Plotting -- RooAbsPdf::plotOn(modelMRS) directly selected PDF components: (modelSig)
[#1] INFO:Plotting -- RooAbsPdf::plotOn(modelMRS) indirectly selected PDF components: (gaubifur,acc)
[#1] INFO:NumericIntegration -- RooRealIntegral::init(modelSig_clone_Int[x]) using numeric integrator RooIntegrator1D to calculate Int(x)
[#1] INFO:NumericIntegration -- RooRealIntegral::init([pdfD0BG_X_poly]_Norm[x]_denominator_Int[x]) using numeric integrator RooIntegrator1D to calculate Int(x)
[#1] INFO:NumericIntegration -- RooRealIntegral::init(modelSig_clone_Int[x]) using numeric integrator RooIntegrator1D to calculate Int(x)
[#1] INFO:NumericIntegration -- RooRealIntegral::init([pdfD0BG_X_poly]_Norm[x]_denominator_Int[x]) using numeric integrator RooIntegrator1D to calculate Int(x)
[#1] INFO:Plotting -- RooAbsPdf::plotOn(modelPRS) directly selected PDF components: (modelBkg)
[#1] INFO:Plotting -- RooAbsPdf::plotOn(modelPRS) indirectly selected PDF components: (pdfD0BG,poly)
[#1] INFO:NumericIntegration -- RooRealIntegral::init(modelSig_clone_Int[x]) using numeric integrator RooIntegrator1D to calculate Int(x)
[#1] INFO:NumericIntegration -- RooRealIntegral::init([pdfD0BG_X_poly]_Norm[x]_denominator_Int[x]) using numeric integrator RooIntegrator1D to calculate Int(x)
[#1] INFO:Plotting -- RooAbsPdf::plotOn(modelPRS) directly selected PDF components: (modelSig)
[#1] INFO:Plotting -- RooAbsPdf::plotOn(modelPRS) indirectly selected PDF components: (gaubifur,acc)
[#1] INFO:NumericIntegration -- RooRealIntegral::init(modelSig_clone_Int[x]) using numeric integrator RooIntegrator1D to calculate Int(x)
[#1] INFO:NumericIntegration -- RooRealIntegral::init([pdfD0BG_X_poly]_Norm[x]_denominator_Int[x]) using numeric integrator RooIntegrator1D to calculate Int(x)
[#1] INFO:NumericIntegration -- RooRealIntegral::init(modelSig_clone_Int[x]) using numeric integrator RooIntegrator1D to calculate Int(x)
[#1] INFO:NumericIntegration -- RooRealIntegral::init([pdfD0BG_X_poly]_Norm[x]_denominator_Int[x]) using numeric integrator RooIntegrator1D to calculate Int(x)
PRS chi2: 1.76718 ; MPS chi2: 1.94758
