   ------------------------------------------------------------------
  | Welcome to ROOT 6.24/08                        https://root.cern |
  | (c) 1995-2021, The ROOT Team; conception: R. Brun, F. Rademakers |
  | Built for linuxx8664gcc on Sep 29 2022, 13:04:57                 |
  | From tags/v6-24-08@v6-24-08                                      |
  | With c++ (GCC) 4.8.5 20150623 (Red Hat 4.8.5-44)                 |
  | Try '.help', '.demo', '.license', '.credits', '.quit'/'.q'       |
   ------------------------------------------------------------------


Processing full.C(4,4,"Up","2016")...

[1mRooFit v3.60 -- Developed by Wouter Verkerke and David Kirkby[0m 
                Copyright (C) 2000-2013 NIKHEF, University of California & Stanford University
                All rights reserved, please read http://roofit.sourceforge.net/license.txt

-------------------------
Set LHCb Style - May 2021
-------------------------
../fulltempt/PARAMs/FullMom_4_4.txt
../../../../../selection/promptD/results/2016MagUpFullRS.root/DecayTree
[#0] WARNING:InputArguments -- The parameter 'sigma3' with range [0, 10] of the RooGaussian 'sig_pdf2' exceeds the safe range of (0, inf). Advise to limit its range.
[#0] ERROR:Integration --  RooNumIntFactory::Init : libRooFitMore cannot be loaded. GSL integrators will not beavailable ! 
[#1] INFO:NumericIntegration -- RooRealIntegral::init(modelBkg_default_Int[x]) using numeric integrator RooIntegrator1D to calculate Int(x)
[#1] INFO:NumericIntegration -- RooRealIntegral::init(modelBkg_default_Int[x]) using numeric integrator RooIntegrator1D to calculate Int(x)
[#1] INFO:Fitting -- RooAddition::defaultErrorLevel(nll_d) Summation contains a RooNLLVar, using its error level
 **********
 **   13 **MIGRAD        6500           1
 **********
 FIRST CALL TO USER FUNCTION AT NEW START POINT, WITH IFLAG=4.
 START MIGRAD MINIMIZATION.  STRATEGY  1.  CONVERGENCE WHEN EDM .LT. 1.00e-03
 FCN=-77737.3 FROM MIGRAD    STATUS=INITIATE      133 CALLS         134 TOTAL
                     EDM= unknown      STRATEGY= 1      NO ERROR MATRIX       
  EXT PARAMETER               CURRENT GUESS       STEP         FIRST   
  NO.   NAME      VALUE            ERROR          SIZE      DERIVATIVE 
   1  NbkgMRS_d    6.11100e+02   3.05550e+02   0.00000e+00   8.01224e+02
   2  NbkgPRS_d    6.03600e+02   3.01800e+02   0.00000e+00   8.43848e+02
   3  NsigMRS_d    5.49990e+03   3.05550e+02   0.00000e+00  -8.90483e+01
   4  NsigPRS_d    5.43240e+03   3.01800e+02   0.00000e+00  -9.37840e+01
   5  am          -9.99846e+00   2.00000e+00   0.00000e+00   1.23486e+00
   6  bm          -1.30000e+00   6.50000e-01   0.00000e+00   1.27655e+02
   7  cm           3.44495e+00   1.00000e+01  -1.15837e-01   5.01458e+01
   8  coeffsig     7.00000e-01   1.00000e-01   0.00000e+00  -4.70215e+02
   9  dm0          1.39600e+02   2.00000e+00   0.00000e+00   3.07315e+01
  10  mean         1.45500e+02   2.10000e+00   0.00000e+00   1.99968e+03
  11  sigma1       5.00000e-01   2.50000e-01   0.00000e+00  -1.79890e+03
  12  sigma2       5.00000e-01   2.50000e-01   0.00000e+00  -1.19697e+03
  13  sigma3       1.50000e+00   7.50000e-01   0.00000e+00   2.72520e+03
                               ERR DEF= 0.5
 MIGRAD FAILS TO FIND IMPROVEMENT
 MIGRAD MINIMIZATION HAS CONVERGED.
 FCN=-78272.3 FROM MIGRAD    STATUS=CONVERGED     898 CALLS         899 TOTAL
                     EDM=0.000222472    STRATEGY= 1  ERROR MATRIX UNCERTAINTY   4.4 per cent
  EXT PARAMETER                                   STEP         FIRST   
  NO.   NAME      VALUE            ERROR          SIZE      DERIVATIVE 
   1  NbkgMRS_d    1.72257e+02   1.94746e+01  -0.00000e+00   1.04965e-01
   2  NbkgPRS_d    1.40943e+02   1.65482e+01  -0.00000e+00   3.04069e-01
   3  NsigMRS_d    5.93915e+03   8.02924e+01  -0.00000e+00   9.74370e-03
   4  NsigPRS_d    5.89519e+03   8.09723e+01   0.00000e+00  -4.74927e-02
   5  am          -1.00000e+01   1.72773e-01  -0.00000e+00** at limit **
   6  bm          -8.92418e-01   1.86844e-01  -0.00000e+00  -1.80893e-02
   7  cm           1.46167e+01   2.51585e+00  -0.00000e+00   2.73269e-01
   8  coeffsig     5.36919e-01   3.96350e-02   0.00000e+00  -9.81215e-02
   9  dm0          1.39420e+02   1.71046e-01   0.00000e+00  -1.85673e-01
  10  mean         1.45562e+02   1.63265e-02  -0.00000e+00   7.53083e+00
  11  sigma1       5.64187e-01   1.88990e-02  -0.00000e+00  -9.30692e-01
  12  sigma2       4.36042e-01   2.87896e-02   0.00000e+00   7.45578e-02
  13  sigma3       1.01523e+00   3.31068e-02   0.00000e+00   1.68814e+00
                               ERR DEF= 0.5
 EXTERNAL ERROR MATRIX.    NDIM=  28    NPAR= 13    ERR DEF=0.5
 ELEMENTS ABOVE DIAGONAL ARE NOT PRINTED.
  3.793e+02 
  6.833e+01  2.739e+02 
 -2.132e+02 -9.136e+01  6.460e+03 
 -5.749e+01 -1.335e+02  1.220e+02  6.574e+03 
 -1.356e-03 -1.071e-03  1.740e-03 -1.766e-03  4.430e-07 
 -1.326e+00 -1.053e+00  1.628e+00  1.804e+00  3.440e-05  3.493e-02 
  4.466e+00  3.168e+00 -3.356e+00  1.811e+01  2.294e-04  4.827e-02  6.332e+00 
 -1.892e-01 -1.583e-01  3.046e-01  1.879e-01  2.140e-06  1.215e-03 -6.251e-02  1.574e-03 
  3.349e-01  2.822e-01 -7.437e-01 -5.169e-02 -8.369e-05 -1.167e-02 -1.576e-01 -2.017e-04  2.926e-02 
  1.806e-02  1.127e-02 -3.615e-02 -2.474e-02 -1.572e-06  1.044e-04  2.926e-02 -1.586e-04 -5.102e-05  2.666e-04 
 -3.087e-02 -2.277e-02  5.338e-02  9.651e-03 -8.851e-07  3.976e-04  8.503e-03  3.206e-04 -1.273e-04  1.870e-04  3.572e-04 
 -1.090e-01 -9.127e-02  1.755e-01  1.118e-01  2.599e-06  4.323e-04 -5.995e-02  9.151e-04 -4.339e-05 -3.119e-04  1.606e-05 
 -1.090e-01 -9.127e-02  1.755e-01  1.118e-01  2.599e-06  4.323e-04 -5.995e-02  9.151e-04 -4.339e-05 -3.119e-04  1.606e-05  8.289e-04 
 -2.261e-01 -1.867e-01  3.188e-01  2.405e-01  2.090e-06  1.609e-03 -4.789e-02  1.195e-03 -2.306e-04 -1.423e-04  1.926e-04 
 -2.261e-01 -1.867e-01  3.188e-01  2.405e-01  2.090e-06  1.609e-03 -4.789e-02  1.195e-03 -2.306e-04 -1.423e-04  1.926e-04  6.965e-04  1.096e-03 
 PARAMETER  CORRELATION COEFFICIENTS  
       NO.  GLOBAL      1      2      3      4      5      6      7      8      9     10     11     12     13
        1  0.47987   1.000  0.212 -0.136 -0.036 -0.105 -0.364  0.091 -0.245  0.101  0.057 -0.084 -0.194 -0.351
        2  0.45805   0.212  1.000 -0.069 -0.100 -0.097 -0.340  0.076 -0.241  0.100  0.042 -0.073 -0.192 -0.341
        3  0.18102  -0.136 -0.069  1.000  0.019  0.033  0.108 -0.017  0.096 -0.054 -0.028  0.035  0.076  0.120
        4  0.40217  -0.036 -0.100  0.019  1.000 -0.033  0.119  0.089  0.058 -0.004 -0.019  0.006  0.048  0.090
        5  0.75520  -0.105 -0.097  0.033 -0.033  1.000  0.277  0.137  0.081 -0.735 -0.145 -0.070  0.136  0.095
        6  0.57309  -0.364 -0.340  0.108  0.119  0.277  1.000  0.103  0.164 -0.365  0.034  0.113  0.080  0.260
        7  0.94996   0.091  0.076 -0.017  0.089  0.137  0.103  1.000 -0.626 -0.366  0.712  0.179 -0.828 -0.575
        8  0.96396  -0.245 -0.241  0.096  0.058  0.081  0.164 -0.626  1.000 -0.030 -0.245  0.428  0.801  0.910
        9  0.85693   0.101  0.100 -0.054 -0.004 -0.735 -0.365 -0.366 -0.030  1.000 -0.018 -0.039 -0.009 -0.041
       10  0.92483   0.057  0.042 -0.028 -0.019 -0.145  0.034  0.712 -0.245 -0.018  1.000  0.606 -0.663 -0.263
       11  0.87234  -0.084 -0.073  0.035  0.006 -0.070  0.113  0.179  0.428 -0.039  0.606  1.000  0.030  0.308
       12  0.95016  -0.194 -0.192  0.076  0.048  0.136  0.080 -0.828  0.801 -0.009 -0.663  0.030  1.000  0.731
       13  0.93208  -0.351 -0.341  0.120  0.090  0.095  0.260 -0.575  0.910 -0.041 -0.263  0.308  0.731  1.000
 **********
 **   18 **HESSE        6500
 **********
 COVARIANCE MATRIX CALCULATED SUCCESSFULLY
 FCN=-78272.3 FROM HESSE     STATUS=OK            147 CALLS        1046 TOTAL
                     EDM=0.00289693    STRATEGY= 1      ERROR MATRIX ACCURATE 
  EXT PARAMETER                                INTERNAL      INTERNAL  
  NO.   NAME      VALUE            ERROR       STEP SIZE       VALUE   
   1  NbkgMRS_d    1.72257e+02   2.22473e+01   3.26164e-03  -1.23341e+00
   2  NbkgPRS_d    1.40943e+02   1.87447e+01   3.25146e-03  -1.26398e+00
   3  NsigMRS_d    5.93915e+03   7.90122e+01   1.48346e-02   1.23381e+00
   4  NsigPRS_d    5.89519e+03   7.79770e+01   1.63810e-02   1.26413e+00
   5  am          -1.00000e+01   1.60367e+01   9.93996e-02  -1.57044e+00
                                 WARNING -   - ABOVE PARAMETER IS AT LIMIT.
   6  bm          -8.92418e-01   4.72600e-01   7.20391e-03   1.14512e+00
   7  cm           1.46167e+01   2.78181e+01   2.86699e-02  -8.71904e-01
   8  coeffsig     5.36919e-01   4.36311e-02   4.35542e-03   7.39054e-02
   9  dm0          1.39420e+02   1.87580e-01   2.93960e-03  -5.80759e-02
  10  mean         1.45562e+02   1.72008e-02   1.27403e-04  -2.83631e-01
  11  sigma1       5.64187e-01   1.92093e-02   8.16752e-04  -1.09116e+00
  12  sigma2       4.36042e-01   3.19142e-02   9.43962e-04  -1.15007e+00
  13  sigma3       1.01523e+00   3.78552e-02   7.79830e-04  -9.22236e-01
                               ERR DEF= 0.5
 EXTERNAL ERROR MATRIX.    NDIM=  28    NPAR= 13    ERR DEF=0.5
 ELEMENTS ABOVE DIAGONAL ARE NOT PRINTED.
  4.950e+02 
  1.517e+02  3.514e+02 
 -3.161e+02 -1.485e+02  6.256e+03 
 -1.476e+02 -2.049e+02  1.445e+02  6.095e+03 
 -3.895e-02 -2.896e-02  3.811e-02  2.817e-02  4.051e-05 
 -5.464e+00 -4.071e+00  5.347e+00  3.960e+00  3.595e-04  2.243e-01 
 -2.972e+02 -2.186e+02  2.908e+02  2.126e+02  7.292e-02  1.202e+01  8.220e+02 
 -4.010e-01 -3.054e-01  3.931e-01  2.977e-01  5.904e-05  8.278e-03  4.597e-01  1.909e-03 
  1.256e+00  9.459e-01 -1.229e+00 -9.199e-01 -3.575e-04 -4.766e-02 -2.837e+00 -1.783e-03  3.519e-02 
  7.735e-02  5.415e-02 -7.578e-02 -5.273e-02 -1.570e-05 -2.149e-03 -1.353e-01 -2.467e-04  4.237e-04  2.959e-04 
 -3.392e-02 -3.037e-02  3.330e-02  2.963e-02  1.737e-06  2.836e-04  3.448e-03  3.301e-04 -9.283e-05  1.912e-04  3.690e-04 
 -2.632e-01 -1.964e-01  2.579e-01  1.913e-01  4.248e-05  5.911e-03  3.420e-01  1.162e-03 -1.241e-03 -3.838e-04  1.466e-05 
 -2.632e-01 -1.964e-01  2.579e-01  1.913e-01  4.248e-05  5.911e-03  3.420e-01  1.162e-03 -1.241e-03 -3.838e-04  1.466e-05  1.019e-03 
 -4.363e-01 -3.316e-01  4.276e-01  3.230e-01  6.335e-05  8.890e-03  4.900e-01  1.525e-03 -1.940e-03 -2.402e-04  1.901e-04 
 -4.363e-01 -3.316e-01  4.276e-01  3.230e-01  6.335e-05  8.890e-03  4.900e-01  1.525e-03 -1.940e-03 -2.402e-04  1.901e-04  9.519e-04  1.433e-03 
 PARAMETER  CORRELATION COEFFICIENTS  
       NO.  GLOBAL      1      2      3      4      5      6      7      8      9     10     11     12     13
        1  0.64095   1.000  0.364 -0.180 -0.085 -0.275 -0.518 -0.466 -0.413  0.301  0.202 -0.079 -0.371 -0.518
        2  0.57463   0.364  1.000 -0.100 -0.140 -0.243 -0.459 -0.407 -0.373  0.269  0.168 -0.084 -0.328 -0.467
        3  0.19633  -0.180 -0.100  1.000  0.023  0.076  0.143  0.128  0.114 -0.083 -0.056  0.022  0.102  0.143
        4  0.15444  -0.085 -0.140  0.023  1.000  0.057  0.107  0.095  0.087 -0.063 -0.039  0.020  0.077  0.109
        5  0.73992  -0.275 -0.243  0.076  0.057  1.000  0.119  0.400  0.212 -0.299 -0.143  0.014  0.209  0.263
        6  0.94646  -0.518 -0.459  0.143  0.107  0.119  1.000  0.885  0.400 -0.536 -0.264  0.031  0.391  0.496
        7  0.93884  -0.466 -0.407  0.128  0.095  0.400  0.885  1.000  0.367 -0.527 -0.274  0.006  0.374  0.451
        8  0.96635  -0.413 -0.373  0.114  0.087  0.212  0.400  0.367  1.000 -0.218 -0.328  0.393  0.834  0.922
        9  0.59304   0.301  0.269 -0.083 -0.063 -0.299 -0.536 -0.527 -0.218  1.000  0.131 -0.026 -0.207 -0.273
       10  0.92235   0.202  0.168 -0.056 -0.039 -0.143 -0.264 -0.274 -0.328  0.131  1.000  0.579 -0.699 -0.369
       11  0.86139  -0.079 -0.084  0.022  0.020  0.014  0.031  0.006  0.393 -0.026  0.579  1.000  0.024  0.261
       12  0.94983  -0.371 -0.328  0.102  0.077  0.209  0.391  0.374  0.834 -0.207 -0.699  0.024  1.000  0.788
       13  0.94677  -0.518 -0.467  0.143  0.109  0.263  0.496  0.451  0.922 -0.273 -0.369  0.261  0.788  1.000
[#1] INFO:NumericIntegration -- RooRealIntegral::init(modelBkg_default_Int[x]) using numeric integrator RooIntegrator1D to calculate Int(x)
[#1] INFO:NumericIntegration -- RooRealIntegral::init(modelBkg_default_Int[x]) using numeric integrator RooIntegrator1D to calculate Int(x)
aaaa0 ; 0 ; 0
aaaa1 ; 0 ; 0
aaaa2 ; 0 ; 0
aaaa3 ; 0 ; 0
aaaa4 ; 0 ; 0
aaaa5 ; 0 ; 0
aaaa6 ; 0 ; 0
aaaa7 ; 1 ; 1
aaaa8 ; 0 ; 0
aaaa9 ; 0 ; 0
aaaa10 ; 0 ; 2
aaaa11 ; 1 ; 0
aaaa12 ; 1 ; 1
aaaa13 ; 0 ; 4
aaaa14 ; 1 ; 3
aaaa15 ; 3 ; 3
aaaa16 ; 2 ; 4
aaaa17 ; 6 ; 0
aaaa18 ; 1 ; 1
aaaa19 ; 8 ; 1
aaaa20 ; 12 ; 2
aaaa21 ; 25 ; 0
aaaa22 ; 36 ; 1
aaaa23 ; 64 ; 2
aaaa24 ; 123 ; 2
aaaa25 ; 208 ; 2
aaaa26 ; 371 ; 0
aaaa27 ; 545 ; 1
aaaa28 ; 714 ; 1
aaaa29 ; 911 ; 1
aaaa30 ; 868 ; 1
aaaa31 ; 677 ; 7
aaaa32 ; 499 ; 2
aaaa33 ; 315 ; 1
aaaa34 ; 207 ; 2
aaaa35 ; 129 ; 1
aaaa36 ; 84 ; 1
aaaa37 ; 52 ; 2
aaaa38 ; 30 ; 3
aaaa39 ; 29 ; 2
aaaa40 ; 14 ; 3
aaaa41 ; 16 ; 3
aaaa42 ; 3 ; 2
aaaa43 ; 8 ; 1
aaaa44 ; 4 ; 1
aaaa45 ; 6 ; 7
aaaa46 ; 4 ; 3
aaaa47 ; 4 ; 2
aaaa48 ; 3 ; 0
aaaa49 ; 4 ; 4
aaaa50 ; 5 ; 1
aaaa51 ; 0 ; 5
aaaa52 ; 2 ; 0
aaaa53 ; 2 ; 5
aaaa54 ; 1 ; 1
aaaa55 ; 3 ; 3
aaaa56 ; 0 ; 0
aaaa57 ; 1 ; 5
aaaa58 ; 0 ; 3
aaaa59 ; 0 ; 0
aaaa60 ; 2 ; 4
aaaa61 ; 2 ; 4
aaaa62 ; 3 ; 0
aaaa63 ; 2 ; 2
aaaa64 ; 1 ; 1
aaaa65 ; 2 ; 2
aaaa66 ; 0 ; 0
aaaa67 ; 0 ; 1
aaaa68 ; 3 ; 3
aaaa69 ; 2 ; 0
aaaa70 ; 1 ; 1
aaaa71 ; 2 ; 0
aaaa72 ; 0 ; 3
aaaa73 ; 1 ; 3
aaaa74 ; 1 ; 1
aaaa75 ; 2 ; 1
aaaa76 ; 0 ; 1
aaaa77 ; 1 ; 1
aaaa78 ; 3 ; 2
aaaa79 ; 0 ; 1
aaaa80 ; 0 ; 1
aaaa81 ; 2 ; 2
aaaa82 ; 1 ; 2
aaaa83 ; 2 ; 1
[#0] WARNING:Plotting -- RooHist::addBin(signal_hist_plot__x) WARNING: negative entry set to zero when Poisson error bars are requested
[#0] WARNING:Plotting -- RooHist::addBin(signal_hist_plot__x) WARNING: negative entry set to zero when Poisson error bars are requested
[#0] WARNING:Plotting -- RooHist::addBin(signal_hist_plot__x) WARNING: negative entry set to zero when Poisson error bars are requested
[#0] WARNING:Plotting -- RooHist::addBin(signal_hist_plot__x) WARNING: negative entry set to zero when Poisson error bars are requested
[#0] WARNING:Plotting -- RooHist::addBin(signal_hist_plot__x) WARNING: negative entry set to zero when Poisson error bars are requested
[#0] WARNING:Plotting -- RooHist::addBin(signal_hist_plot__x) WARNING: negative entry set to zero when Poisson error bars are requested
[#0] WARNING:Plotting -- RooHist::addBin(signal_hist_plot__x) WARNING: negative entry set to zero when Poisson error bars are requested
[#0] WARNING:Plotting -- RooHist::addBin(signal_hist_plot__x) WARNING: negative entry set to zero when Poisson error bars are requested
[#0] WARNING:Plotting -- RooHist::addBin(signal_hist_plot__x) WARNING: negative entry set to zero when Poisson error bars are requested
[#0] WARNING:Plotting -- RooHist::addBin(signal_hist_plot__x) WARNING: negative entry set to zero when Poisson error bars are requested
[#0] WARNING:Plotting -- RooHist::addBin(signal_hist_plot__x) WARNING: negative entry set to zero when Poisson error bars are requested
[#0] WARNING:Plotting -- RooHist::addBin(signal_hist_plot__x) WARNING: negative entry set to zero when Poisson error bars are requested
[#0] WARNING:Plotting -- RooHist::addBin(signal_hist_plot__x) WARNING: negative entry set to zero when Poisson error bars are requested
[#0] WARNING:Plotting -- RooHist::addBin(signal_hist_plot__x) WARNING: negative entry set to zero when Poisson error bars are requested
[#0] WARNING:Plotting -- RooHist::addBin(signal_hist_plot__x) WARNING: negative entry set to zero when Poisson error bars are requested
[#0] WARNING:Plotting -- RooHist::addBin(signal_hist_plot__x) WARNING: negative entry set to zero when Poisson error bars are requested
[#0] WARNING:Plotting -- RooHist::addBin(signal_hist_plot__x) WARNING: negative entry set to zero when Poisson error bars are requested
[#0] WARNING:Plotting -- RooHist::addBin(signal_hist_plot__x) WARNING: negative entry set to zero when Poisson error bars are requested
[#1] INFO:NumericIntegration -- RooRealIntegral::init(modelBkg_Int[x]) using numeric integrator RooIntegrator1D to calculate Int(x)
[#1] INFO:NumericIntegration -- RooRealIntegral::init(modelBkg_Int[x]) using numeric integrator RooIntegrator1D to calculate Int(x)
[#1] INFO:NumericIntegration -- RooRealIntegral::init(modelBkg_Int[x]) using numeric integrator RooIntegrator1D to calculate Int(x)
[#1] INFO:NumericIntegration -- RooRealIntegral::init(modelBkg_Int[x]) using numeric integrator RooIntegrator1D to calculate Int(x)
[#1] INFO:Fitting -- RooAddition::defaultErrorLevel(nll) Summation contains a RooNLLVar, using its error level
 **********
 **   13 **MIGRAD        4000           1
 **********
 FIRST CALL TO USER FUNCTION AT NEW START POINT, WITH IFLAG=4.
 START MIGRAD MINIMIZATION.  STRATEGY  1.  CONVERGENCE WHEN EDM .LT. 1.00e-03
 FCN=-78354.2 FROM MIGRAD    STATUS=INITIATE       52 CALLS          53 TOTAL
                     EDM= unknown      STRATEGY= 1      NO ERROR MATRIX       
  EXT PARAMETER               CURRENT GUESS       STEP         FIRST   
  NO.   NAME      VALUE            ERROR          SIZE      DERIVATIVE 
   1  NbkgMRS      1.72257e+02   2.00000e+01   0.00000e+00  -8.18338e-01
   2  NbkgPRS      1.40943e+02   2.00000e+01   0.00000e+00   1.25658e+01
   3  NsigMRS      5.93915e+03   2.00000e+01   0.00000e+00   3.00180e-02
   4  NsigPRS      5.89519e+03   2.00000e+01   0.00000e+00  -2.97451e-01
   5  am          -1.00000e+01   1.60367e+01   0.00000e+00** at limit **
   6  bm          -8.92418e-01   4.72600e-01   0.00000e+00   6.01638e+00
   7  cm           5.44987e+00   2.78181e+01  -1.49532e-01   1.44939e+01
   8  dm0          1.39420e+02   1.87580e-01   0.00000e+00  -1.12501e+01
                               ERR DEF= 0.5
 MIGRAD MINIMIZATION HAS CONVERGED.
 MIGRAD WILL VERIFY CONVERGENCE AND ERROR MATRIX.
 COVARIANCE MATRIX CALCULATED SUCCESSFULLY
 FCN=-78356.7 FROM MIGRAD    STATUS=CONVERGED     225 CALLS         226 TOTAL
                     EDM=0.000130151    STRATEGY= 1      ERROR MATRIX ACCURATE 
  EXT PARAMETER                                   STEP         FIRST   
  NO.   NAME      VALUE            ERROR          SIZE      DERIVATIVE 
   1  NbkgMRS      1.75538e+02   1.83902e+01   3.41430e-02   1.15034e-02
   2  NbkgPRS      1.07201e+02   1.47723e+01   2.97063e-02   5.97083e-03
   3  NsigMRS      5.93563e+03   7.06085e+01   1.50585e-01   2.49905e-03
   4  NsigPRS      5.92919e+03   6.94049e+01   1.60975e-01   6.05692e-03
   5  am          -1.00000e+01   1.27138e+01   1.89518e-01** at limit **
   6  bm          -8.52285e-01   4.51316e-01   1.49094e-02   7.76882e-02
   7  cm           4.88327e+00   2.04635e+00   5.08541e-03   2.71570e-01
   8  dm0          1.39454e+02   1.51706e-01   2.65505e-03  -5.46784e-02
                               ERR DEF= 0.5
 EXTERNAL ERROR MATRIX.    NDIM=  25    NPAR=  8    ERR DEF=0.5
  3.421e+02  1.531e+01 -1.667e+02 -1.488e+01 -1.526e-04 -1.343e+00 -1.573e+00  2.938e-01 
  1.531e+01  2.200e+02 -1.536e+01 -1.101e+02 -9.066e-05 -7.960e-01 -7.852e-01  1.867e-01 
 -1.667e+02 -1.536e+01  6.148e+03  1.493e+01  1.531e-04  1.348e+00  1.575e+00 -2.948e-01 
 -1.488e+01 -1.101e+02  1.493e+01  6.094e+03  8.812e-05  7.739e-01  7.600e-01 -1.815e-01 
 -1.526e-04 -9.066e-05  1.531e-04  8.812e-05  3.811e-08 -2.840e-05 -9.496e-05 -6.562e-07 
 -1.343e+00 -7.960e-01  1.348e+00  7.739e-01 -2.840e-05  2.045e-01 -4.361e-01  6.561e-04 
 -1.573e+00 -7.852e-01  1.575e+00  7.600e-01 -9.496e-05 -4.361e-01  4.190e+00 -1.024e-01 
  2.938e-01  1.867e-01 -2.948e-01 -1.815e-01 -6.562e-07  6.561e-04 -1.024e-01  2.302e-02 
 PARAMETER  CORRELATION COEFFICIENTS  
       NO.  GLOBAL      1      2      3      4      5      6      7      8
        1  0.29384   1.000  0.056 -0.115 -0.010 -0.042 -0.161 -0.042  0.105
        2  0.21969   0.056  1.000 -0.013 -0.095 -0.031 -0.119 -0.026  0.083
        3  0.12022  -0.115 -0.013  1.000  0.002  0.010  0.038  0.010 -0.025
        4  0.09682  -0.010 -0.095  0.002  1.000  0.006  0.022  0.005 -0.015
        5  0.60586  -0.042 -0.031  0.010  0.006  1.000 -0.322 -0.238 -0.022
        6  0.71700  -0.161 -0.119  0.038  0.022 -0.322  1.000 -0.471  0.010
        7  0.72471  -0.042 -0.026  0.010  0.005 -0.238 -0.471  1.000 -0.330
        8  0.42879   0.105  0.083 -0.025 -0.015 -0.022  0.010 -0.330  1.000
 **********
 **   18 **HESSE        4000
 **********
[#0] WARNING:Minization -- RooMinuitGlue: Minimized function has error status.
Returning maximum FCN so far (-78344.9) to force MIGRAD to back out of this region. Error log follows
Parameter values: NbkgMRS=175.538, NbkgPRS=107.201, NsigMRS=5935.63, NsigPRS=5929.19, am=-10, bm=-0.852285, cm=4.88327, dm0=140.227
RooAddition::nll[ nll_modelPRS_dataPRS + nll_modelMRS_dataMRS ]
     function value is NAN @ !set=(nll_modelPRS_dataPRS = -nan,nll_modelMRS_dataMRS = -nan)
RooNLLVar::nll_modelPRS_dataPRS[ paramSet=(NbkgPRS,NsigPRS,am,bm,cm,dm0) ]
     function value is NAN @ paramSet=(NbkgPRS = 107.201 +/- 14.7723,NsigPRS = 5929.19 +/- 69.4049,am = -10 +/- 12.7138,bm = -0.852285 +/- 0.451316,cm = 4.88327 +/- 2.04635,dm0 = 140.227 +/- 0.151706)
RooAddPdf::modelPRS[ NsigPRS * modelSig + NbkgPRS * modelBkg ]
     getLogVal() top-level p.d.f evaluates to zero @ !refCoefNorm=(), !pdfs=(modelSig = 0/5896,modelBkg = 0/5.85808), !coefficients=(NsigPRS = 5929.19 +/- 69.4049,NbkgPRS = 107.201 +/- 14.7723)
RooNLLVar::nll_modelMRS_dataMRS[ paramSet=(NbkgMRS,NsigMRS,am,bm,cm,dm0) ]
     function value is NAN @ paramSet=(NbkgMRS = 175.538 +/- 18.3902,NsigMRS = 5935.63 +/- 70.6085,am = -10 +/- 12.7138,bm = -0.852285 +/- 0.451316,cm = 4.88327 +/- 2.04635,dm0 = 140.227 +/- 0.151706)
RooAddPdf::modelMRS[ NsigMRS * modelSig + NbkgMRS * modelBkg ]
     getLogVal() top-level p.d.f evaluates to zero @ !refCoefNorm=(), !pdfs=(modelSig = 0/5896,modelBkg = 0/5.85808), !coefficients=(NsigMRS = 5935.63 +/- 70.6085,NbkgMRS = 175.538 +/- 18.3902)
     getLogVal() top-level p.d.f evaluates to zero @ !refCoefNorm=(), !pdfs=(modelSig = 0/5896,modelBkg = 0/5.85808), !coefficients=(NsigMRS = 5935.63 +/- 70.6085,NbkgMRS = 175.538 +/- 18.3902)

[#0] WARNING:Minization -- RooMinuitGlue: Minimized function has error status.
Returning maximum FCN so far (-78344.9) to force MIGRAD to back out of this region. Error log follows
Parameter values: NbkgMRS=175.674, NbkgPRS=107.201, NsigMRS=5935.63, NsigPRS=5929.19, am=-10, bm=-0.852285, cm=4.88327, dm0=140.227
RooAddition::nll[ nll_modelPRS_dataPRS + nll_modelMRS_dataMRS ]
     function value is NAN @ !set=(nll_modelPRS_dataPRS = -nan,nll_modelMRS_dataMRS = -nan)
RooNLLVar::nll_modelPRS_dataPRS[ paramSet=(NbkgPRS,NsigPRS,am,bm,cm,dm0) ]
     function value is NAN @ paramSet=(NbkgPRS = 107.201 +/- 14.7723,NsigPRS = 5929.19 +/- 69.4049,am = -10 +/- 12.7138,bm = -0.852285 +/- 0.451316,cm = 4.88327 +/- 2.04635,dm0 = 140.227 +/- 0.151706)
RooAddPdf::modelPRS[ NsigPRS * modelSig + NbkgPRS * modelBkg ]
     getLogVal() top-level p.d.f evaluates to zero @ !refCoefNorm=(), !pdfs=(modelSig = 0/5896,modelBkg = 0/5.85808), !coefficients=(NsigPRS = 5929.19 +/- 69.4049,NbkgPRS = 107.201 +/- 14.7723)
RooNLLVar::nll_modelMRS_dataMRS[ paramSet=(NbkgMRS,NsigMRS,am,bm,cm,dm0) ]
     function value is NAN @ paramSet=(NbkgMRS = 175.674 +/- 18.3902,NsigMRS = 5935.63 +/- 70.6085,am = -10 +/- 12.7138,bm = -0.852285 +/- 0.451316,cm = 4.88327 +/- 2.04635,dm0 = 140.227 +/- 0.151706)
RooAddPdf::modelMRS[ NsigMRS * modelSig + NbkgMRS * modelBkg ]
     getLogVal() top-level p.d.f evaluates to zero @ !refCoefNorm=(), !pdfs=(modelSig = 0/5896,modelBkg = 0/5.85808), !coefficients=(NsigMRS = 5935.63 +/- 70.6085,NbkgMRS = 175.674 +/- 18.3902)
     getLogVal() top-level p.d.f evaluates to zero @ !refCoefNorm=(), !pdfs=(modelSig = 0/5896,modelBkg = 0/5.85808), !coefficients=(NsigMRS = 5935.63 +/- 70.6085,NbkgMRS = 175.674 +/- 18.3902)

[#0] WARNING:Minization -- RooMinuitGlue: Minimized function has error status.
Returning maximum FCN so far (-78344.9) to force MIGRAD to back out of this region. Error log follows
Parameter values: NbkgMRS=175.538, NbkgPRS=107.312, NsigMRS=5935.63, NsigPRS=5929.19, am=-10, bm=-0.852285, cm=4.88327, dm0=140.227
RooAddition::nll[ nll_modelPRS_dataPRS + nll_modelMRS_dataMRS ]
     function value is NAN @ !set=(nll_modelPRS_dataPRS = -nan,nll_modelMRS_dataMRS = -nan)
RooNLLVar::nll_modelPRS_dataPRS[ paramSet=(NbkgPRS,NsigPRS,am,bm,cm,dm0) ]
     function value is NAN @ paramSet=(NbkgPRS = 107.312 +/- 14.7723,NsigPRS = 5929.19 +/- 69.4049,am = -10 +/- 12.7138,bm = -0.852285 +/- 0.451316,cm = 4.88327 +/- 2.04635,dm0 = 140.227 +/- 0.151706)
RooAddPdf::modelPRS[ NsigPRS * modelSig + NbkgPRS * modelBkg ]
     getLogVal() top-level p.d.f evaluates to zero @ !refCoefNorm=(), !pdfs=(modelSig = 0/5896,modelBkg = 0/5.85808), !coefficients=(NsigPRS = 5929.19 +/- 69.4049,NbkgPRS = 107.312 +/- 14.7723)
RooNLLVar::nll_modelMRS_dataMRS[ paramSet=(NbkgMRS,NsigMRS,am,bm,cm,dm0) ]
     function value is NAN @ paramSet=(NbkgMRS = 175.538 +/- 18.3902,NsigMRS = 5935.63 +/- 70.6085,am = -10 +/- 12.7138,bm = -0.852285 +/- 0.451316,cm = 4.88327 +/- 2.04635,dm0 = 140.227 +/- 0.151706)
RooAddPdf::modelMRS[ NsigMRS * modelSig + NbkgMRS * modelBkg ]
     getLogVal() top-level p.d.f evaluates to zero @ !refCoefNorm=(), !pdfs=(modelSig = 0/5896,modelBkg = 0/5.85808), !coefficients=(NsigMRS = 5935.63 +/- 70.6085,NbkgMRS = 175.538 +/- 18.3902)
     getLogVal() top-level p.d.f evaluates to zero @ !refCoefNorm=(), !pdfs=(modelSig = 0/5896,modelBkg = 0/5.85808), !coefficients=(NsigMRS = 5935.63 +/- 70.6085,NbkgMRS = 175.538 +/- 18.3902)

[#0] WARNING:Minization -- RooMinuitGlue: Minimized function has error status.
Returning maximum FCN so far (-78344.9) to force MIGRAD to back out of this region. Error log follows
Parameter values: NbkgMRS=175.538, NbkgPRS=107.201, NsigMRS=5936.23, NsigPRS=5929.19, am=-10, bm=-0.852285, cm=4.88327, dm0=140.227
RooAddition::nll[ nll_modelPRS_dataPRS + nll_modelMRS_dataMRS ]
     function value is NAN @ !set=(nll_modelPRS_dataPRS = -nan,nll_modelMRS_dataMRS = -nan)
RooNLLVar::nll_modelPRS_dataPRS[ paramSet=(NbkgPRS,NsigPRS,am,bm,cm,dm0) ]
     function value is NAN @ paramSet=(NbkgPRS = 107.201 +/- 14.7723,NsigPRS = 5929.19 +/- 69.4049,am = -10 +/- 12.7138,bm = -0.852285 +/- 0.451316,cm = 4.88327 +/- 2.04635,dm0 = 140.227 +/- 0.151706)
RooAddPdf::modelPRS[ NsigPRS * modelSig + NbkgPRS * modelBkg ]
     getLogVal() top-level p.d.f evaluates to zero @ !refCoefNorm=(), !pdfs=(modelSig = 0/5896,modelBkg = 0/5.85808), !coefficients=(NsigPRS = 5929.19 +/- 69.4049,NbkgPRS = 107.201 +/- 14.7723)
RooNLLVar::nll_modelMRS_dataMRS[ paramSet=(NbkgMRS,NsigMRS,am,bm,cm,dm0) ]
     function value is NAN @ paramSet=(NbkgMRS = 175.538 +/- 18.3902,NsigMRS = 5936.23 +/- 70.6085,am = -10 +/- 12.7138,bm = -0.852285 +/- 0.451316,cm = 4.88327 +/- 2.04635,dm0 = 140.227 +/- 0.151706)
RooAddPdf::modelMRS[ NsigMRS * modelSig + NbkgMRS * modelBkg ]
     getLogVal() top-level p.d.f evaluates to zero @ !refCoefNorm=(), !pdfs=(modelSig = 0/5896,modelBkg = 0/5.85808), !coefficients=(NsigMRS = 5936.23 +/- 70.6085,NbkgMRS = 175.538 +/- 18.3902)
     getLogVal() top-level p.d.f evaluates to zero @ !refCoefNorm=(), !pdfs=(modelSig = 0/5896,modelBkg = 0/5.85808), !coefficients=(NsigMRS = 5936.23 +/- 70.6085,NbkgMRS = 175.538 +/- 18.3902)

[#0] WARNING:Minization -- RooMinuitGlue: Minimized function has error status.
Returning maximum FCN so far (-78344.9) to force MIGRAD to back out of this region. Error log follows
Parameter values: NbkgMRS=175.538, NbkgPRS=107.201, NsigMRS=5935.63, NsigPRS=5929.79, am=-10, bm=-0.852285, cm=4.88327, dm0=140.227
RooAddition::nll[ nll_modelPRS_dataPRS + nll_modelMRS_dataMRS ]
     function value is NAN @ !set=(nll_modelPRS_dataPRS = -nan,nll_modelMRS_dataMRS = -nan)
RooNLLVar::nll_modelPRS_dataPRS[ paramSet=(NbkgPRS,NsigPRS,am,bm,cm,dm0) ]
     function value is NAN @ paramSet=(NbkgPRS = 107.201 +/- 14.7723,NsigPRS = 5929.79 +/- 69.4049,am = -10 +/- 12.7138,bm = -0.852285 +/- 0.451316,cm = 4.88327 +/- 2.04635,dm0 = 140.227 +/- 0.151706)
RooAddPdf::modelPRS[ NsigPRS * modelSig + NbkgPRS * modelBkg ]
     getLogVal() top-level p.d.f evaluates to zero @ !refCoefNorm=(), !pdfs=(modelSig = 0/5896,modelBkg = 0/5.85808), !coefficients=(NsigPRS = 5929.79 +/- 69.4049,NbkgPRS = 107.201 +/- 14.7723)
RooNLLVar::nll_modelMRS_dataMRS[ paramSet=(NbkgMRS,NsigMRS,am,bm,cm,dm0) ]
     function value is NAN @ paramSet=(NbkgMRS = 175.538 +/- 18.3902,NsigMRS = 5935.63 +/- 70.6085,am = -10 +/- 12.7138,bm = -0.852285 +/- 0.451316,cm = 4.88327 +/- 2.04635,dm0 = 140.227 +/- 0.151706)
RooAddPdf::modelMRS[ NsigMRS * modelSig + NbkgMRS * modelBkg ]
     getLogVal() top-level p.d.f evaluates to zero @ !refCoefNorm=(), !pdfs=(modelSig = 0/5896,modelBkg = 0/5.85808), !coefficients=(NsigMRS = 5935.63 +/- 70.6085,NbkgMRS = 175.538 +/- 18.3902)
     getLogVal() top-level p.d.f evaluates to zero @ !refCoefNorm=(), !pdfs=(modelSig = 0/5896,modelBkg = 0/5.85808), !coefficients=(NsigMRS = 5935.63 +/- 70.6085,NbkgMRS = 175.538 +/- 18.3902)

[#0] WARNING:Minization -- RooMinuitGlue: Minimized function has error status.
Returning maximum FCN so far (-78344.9) to force MIGRAD to back out of this region. Error log follows
Parameter values: NbkgMRS=175.538, NbkgPRS=107.201, NsigMRS=5935.63, NsigPRS=5929.19, am=-8.77591, bm=-0.852285, cm=4.88327, dm0=140.227
RooAddition::nll[ nll_modelPRS_dataPRS + nll_modelMRS_dataMRS ]
     function value is NAN @ !set=(nll_modelPRS_dataPRS = -nan,nll_modelMRS_dataMRS = -nan)
RooNLLVar::nll_modelPRS_dataPRS[ paramSet=(NbkgPRS,NsigPRS,am,bm,cm,dm0) ]
     function value is NAN @ paramSet=(NbkgPRS = 107.201 +/- 14.7723,NsigPRS = 5929.19 +/- 69.4049,am = -8.77591 +/- 12.7138,bm = -0.852285 +/- 0.451316,cm = 4.88327 +/- 2.04635,dm0 = 140.227 +/- 0.151706)
RooAddPdf::modelPRS[ NsigPRS * modelSig + NbkgPRS * modelBkg ]
     getLogVal() top-level p.d.f evaluates to zero @ !refCoefNorm=(), !pdfs=(modelSig = 0/5896,modelBkg = 0/6.43855), !coefficients=(NsigPRS = 5929.19 +/- 69.4049,NbkgPRS = 107.201 +/- 14.7723)
RooNLLVar::nll_modelMRS_dataMRS[ paramSet=(NbkgMRS,NsigMRS,am,bm,cm,dm0) ]
     function value is NAN @ paramSet=(NbkgMRS = 175.538 +/- 18.3902,NsigMRS = 5935.63 +/- 70.6085,am = -8.77591 +/- 12.7138,bm = -0.852285 +/- 0.451316,cm = 4.88327 +/- 2.04635,dm0 = 140.227 +/- 0.151706)
RooAddPdf::modelMRS[ NsigMRS * modelSig + NbkgMRS * modelBkg ]
     getLogVal() top-level p.d.f evaluates to zero @ !refCoefNorm=(), !pdfs=(modelSig = 0/5896,modelBkg = 0/6.43855), !coefficients=(NsigMRS = 5935.63 +/- 70.6085,NbkgMRS = 175.538 +/- 18.3902)
     getLogVal() top-level p.d.f evaluates to zero @ !refCoefNorm=(), !pdfs=(modelSig = 0/5896,modelBkg = 0/6.43855), !coefficients=(NsigMRS = 5935.63 +/- 70.6085,NbkgMRS = 175.538 +/- 18.3902)

[#0] WARNING:Minization -- RooMinuitGlue: Minimized function has error status.
Returning maximum FCN so far (-78344.9) to force MIGRAD to back out of this region. Error log follows
Parameter values: NbkgMRS=175.538, NbkgPRS=107.201, NsigMRS=5935.63, NsigPRS=5929.19, am=-10, bm=-0.849878, cm=4.88327, dm0=140.227
RooAddition::nll[ nll_modelPRS_dataPRS + nll_modelMRS_dataMRS ]
     function value is NAN @ !set=(nll_modelPRS_dataPRS = -nan,nll_modelMRS_dataMRS = -nan)
RooNLLVar::nll_modelPRS_dataPRS[ paramSet=(NbkgPRS,NsigPRS,am,bm,cm,dm0) ]
     function value is NAN @ paramSet=(NbkgPRS = 107.201 +/- 14.7723,NsigPRS = 5929.19 +/- 69.4049,am = -10 +/- 12.7138,bm = -0.849878 +/- 0.451316,cm = 4.88327 +/- 2.04635,dm0 = 140.227 +/- 0.151706)
RooAddPdf::modelPRS[ NsigPRS * modelSig + NbkgPRS * modelBkg ]
     getLogVal() top-level p.d.f evaluates to zero @ !refCoefNorm=(), !pdfs=(modelSig = 0/5896,modelBkg = 0/5.8611), !coefficients=(NsigPRS = 5929.19 +/- 69.4049,NbkgPRS = 107.201 +/- 14.7723)
RooNLLVar::nll_modelMRS_dataMRS[ paramSet=(NbkgMRS,NsigMRS,am,bm,cm,dm0) ]
     function value is NAN @ paramSet=(NbkgMRS = 175.538 +/- 18.3902,NsigMRS = 5935.63 +/- 70.6085,am = -10 +/- 12.7138,bm = -0.849878 +/- 0.451316,cm = 4.88327 +/- 2.04635,dm0 = 140.227 +/- 0.151706)
RooAddPdf::modelMRS[ NsigMRS * modelSig + NbkgMRS * modelBkg ]
     getLogVal() top-level p.d.f evaluates to zero @ !refCoefNorm=(), !pdfs=(modelSig = 0/5896,modelBkg = 0/5.8611), !coefficients=(NsigMRS = 5935.63 +/- 70.6085,NbkgMRS = 175.538 +/- 18.3902)
     getLogVal() top-level p.d.f evaluates to zero @ !refCoefNorm=(), !pdfs=(modelSig = 0/5896,modelBkg = 0/5.8611), !coefficients=(NsigMRS = 5935.63 +/- 70.6085,NbkgMRS = 175.538 +/- 18.3902)

[#0] WARNING:Minization -- RooMinuitGlue: Minimized function has error status.
Returning maximum FCN so far (-78344.9) to force MIGRAD to back out of this region. Error log follows
Parameter values: NbkgMRS=175.538, NbkgPRS=107.201, NsigMRS=5935.63, NsigPRS=5929.19, am=-10, bm=-0.852285, cm=4.89423, dm0=140.227
RooAddition::nll[ nll_modelPRS_dataPRS + nll_modelMRS_dataMRS ]
     function value is NAN @ !set=(nll_modelPRS_dataPRS = -nan,nll_modelMRS_dataMRS = -nan)
RooNLLVar::nll_modelPRS_dataPRS[ paramSet=(NbkgPRS,NsigPRS,am,bm,cm,dm0) ]
     function value is NAN @ paramSet=(NbkgPRS = 107.201 +/- 14.7723,NsigPRS = 5929.19 +/- 69.4049,am = -10 +/- 12.7138,bm = -0.852285 +/- 0.451316,cm = 4.89423 +/- 2.04635,dm0 = 140.227 +/- 0.151706)
RooAddPdf::modelPRS[ NsigPRS * modelSig + NbkgPRS * modelBkg ]
     getLogVal() top-level p.d.f evaluates to zero @ !refCoefNorm=(), !pdfs=(modelSig = 0/5896,modelBkg = 0/5.85217), !coefficients=(NsigPRS = 5929.19 +/- 69.4049,NbkgPRS = 107.201 +/- 14.7723)
RooNLLVar::nll_modelMRS_dataMRS[ paramSet=(NbkgMRS,NsigMRS,am,bm,cm,dm0) ]
     function value is NAN @ paramSet=(NbkgMRS = 175.538 +/- 18.3902,NsigMRS = 5935.63 +/- 70.6085,am = -10 +/- 12.7138,bm = -0.852285 +/- 0.451316,cm = 4.89423 +/- 2.04635,dm0 = 140.227 +/- 0.151706)
RooAddPdf::modelMRS[ NsigMRS * modelSig + NbkgMRS * modelBkg ]
     getLogVal() top-level p.d.f evaluates to zero @ !refCoefNorm=(), !pdfs=(modelSig = 0/5896,modelBkg = 0/5.85217), !coefficients=(NsigMRS = 5935.63 +/- 70.6085,NbkgMRS = 175.538 +/- 18.3902)
     getLogVal() top-level p.d.f evaluates to zero @ !refCoefNorm=(), !pdfs=(modelSig = 0/5896,modelBkg = 0/5.85217), !coefficients=(NsigMRS = 5935.63 +/- 70.6085,NbkgMRS = 175.538 +/- 18.3902)

 COVARIANCE MATRIX CALCULATED SUCCESSFULLY
 FCN=-78356.7 FROM HESSE     STATUS=OK             71 CALLS         297 TOTAL
                     EDM=0.000189105    STRATEGY= 1      ERROR MATRIX ACCURATE 
  EXT PARAMETER                                INTERNAL      INTERNAL  
  NO.   NAME      VALUE            ERROR       STEP SIZE       VALUE   
   1  NbkgMRS      1.75538e+02   1.84743e+01   1.36572e-03   3.28142e-02
   2  NbkgPRS      1.07201e+02   1.48052e+01   1.18825e-03  -3.44183e-01
   3  NsigMRS      5.93563e+03   7.04156e+01   6.02338e-03  -3.51618e-02
   4  NsigPRS      5.92919e+03   6.92233e+01   6.43901e-03   3.46868e-01
   5  am          -1.00000e+01   3.31278e+00   5.00000e-01  -1.57081e+00
                                 WARNING -   - ABOVE PARAMETER IS AT LIMIT.
   6  bm          -8.52285e-01   4.72826e-01   5.96377e-04   1.15494e+00
   7  cm           4.88327e+00   2.39270e+00   2.03416e-04  -1.03186e+00
   8  dm0          1.39454e+02   1.78321e-01   7.73156e-02  -5.46276e-02
                               ERR DEF= 0.5
 EXTERNAL ERROR MATRIX.    NDIM=  25    NPAR=  8    ERR DEF=0.5
  3.453e+02  1.705e+01 -1.697e+02 -1.713e+01 -3.682e-04 -1.240e+00  3.369e+00 -8.410e-02 
  1.705e+01  2.210e+02 -1.708e+01 -1.139e+02 -2.244e-04 -7.259e-01  2.282e+00 -5.116e-02 
 -1.697e+02 -1.708e+01  6.105e+03  1.718e+01  3.716e-04  1.236e+00 -3.400e+00  1.049e-01 
 -1.713e+01 -1.139e+02  1.718e+01  6.053e+03  2.293e-04  7.213e-01 -2.327e+00  8.074e-02 
 -3.682e-04 -2.244e-04  3.716e-04  2.293e-04  2.230e-08 -2.227e-05 -2.063e-04  5.221e-06 
 -1.240e+00 -7.259e-01  1.236e+00  7.213e-01 -2.227e-05  2.246e-01 -3.848e-01 -5.169e-03 
  3.369e+00  2.282e+00 -3.400e+00 -2.327e+00 -2.063e-04 -3.848e-01  5.729e+00 -4.786e-02 
 -8.410e-02 -5.116e-02  1.049e-01  8.074e-02  5.221e-06 -5.169e-03 -4.786e-02  3.180e-02 
 PARAMETER  CORRELATION COEFFICIENTS  
       NO.  GLOBAL      1      2      3      4      5      6      7      8
        1  0.30810   1.000  0.062 -0.117 -0.012 -0.133 -0.141  0.076 -0.025
        2  0.22963   0.062  1.000 -0.015 -0.098 -0.101 -0.103  0.064 -0.019
        3  0.12265  -0.117 -0.015  1.000  0.003  0.032  0.033 -0.018  0.008
        4  0.10056  -0.012 -0.098  0.003  1.000  0.020  0.020 -0.012  0.006
        5  0.81750  -0.133 -0.101  0.032  0.020  1.000 -0.315 -0.577  0.196
        6  0.74537  -0.141 -0.103  0.033  0.020 -0.315  1.000 -0.339 -0.061
        7  0.80720   0.076  0.064 -0.018 -0.012 -0.577 -0.339  1.000 -0.112
        8  0.19607  -0.025 -0.019  0.008  0.006  0.196 -0.061 -0.112  1.000
76 ; 0.44706 ; 1.70128
[#1] INFO:Plotting -- RooAbsPdf::plotOn(modelMRS) directly selected PDF components: (modelBkg)
[#1] INFO:Plotting -- RooAbsPdf::plotOn(modelMRS) indirectly selected PDF components: ()
[#1] INFO:NumericIntegration -- RooRealIntegral::init(modelBkg_Int[x]) using numeric integrator RooIntegrator1D to calculate Int(x)
[#1] INFO:Plotting -- RooAbsPdf::plotOn(modelMRS) directly selected PDF components: (modelSig)
[#1] INFO:Plotting -- RooAbsPdf::plotOn(modelMRS) indirectly selected PDF components: ()
[#1] INFO:NumericIntegration -- RooRealIntegral::init(modelBkg_Int[x]) using numeric integrator RooIntegrator1D to calculate Int(x)
[#1] INFO:NumericIntegration -- RooRealIntegral::init(modelBkg_Int[x]) using numeric integrator RooIntegrator1D to calculate Int(x)
[#1] INFO:Plotting -- RooAbsPdf::plotOn(modelPRS) directly selected PDF components: (modelBkg)
[#1] INFO:Plotting -- RooAbsPdf::plotOn(modelPRS) indirectly selected PDF components: ()
[#1] INFO:NumericIntegration -- RooRealIntegral::init(modelBkg_Int[x]) using numeric integrator RooIntegrator1D to calculate Int(x)
[#1] INFO:Plotting -- RooAbsPdf::plotOn(modelPRS) directly selected PDF components: (modelSig)
[#1] INFO:Plotting -- RooAbsPdf::plotOn(modelPRS) indirectly selected PDF components: ()
[#1] INFO:NumericIntegration -- RooRealIntegral::init(modelBkg_Int[x]) using numeric integrator RooIntegrator1D to calculate Int(x)
[#1] INFO:NumericIntegration -- RooRealIntegral::init(modelBkg_Int[x]) using numeric integrator RooIntegrator1D to calculate Int(x)
PRS chi2: 0.278427 ; MPS chi2: 1.30318
