   ------------------------------------------------------------------
  | Welcome to ROOT 6.24/08                        https://root.cern |
  | (c) 1995-2021, The ROOT Team; conception: R. Brun, F. Rademakers |
  | Built for linuxx8664gcc on Sep 29 2022, 13:04:57                 |
  | From tags/v6-24-08@v6-24-08                                      |
  | With c++ (GCC) 4.8.5 20150623 (Red Hat 4.8.5-44)                 |
  | Try '.help', '.demo', '.license', '.credits', '.quit'/'.q'       |
   ------------------------------------------------------------------


Processing full.C(4,2,"Up","2017")...

[1mRooFit v3.60 -- Developed by Wouter Verkerke and David Kirkby[0m 
                Copyright (C) 2000-2013 NIKHEF, University of California & Stanford University
                All rights reserved, please read http://roofit.sourceforge.net/license.txt

-------------------------
Set LHCb Style - May 2021
-------------------------
../fulltempt/PARAMs/FullMom_4_2.txt
../../../../../selection/promptD/results/2017MagUpFullRS.root/DecayTree
[#0] WARNING:InputArguments -- The parameter 'sigma3' with range [0, 10] of the RooGaussian 'sig_pdf2' exceeds the safe range of (0, inf). Advise to limit its range.
[#0] ERROR:Integration --  RooNumIntFactory::Init : libRooFitMore cannot be loaded. GSL integrators will not beavailable ! 
[#1] INFO:NumericIntegration -- RooRealIntegral::init(modelBkg_default_Int[x]) using numeric integrator RooIntegrator1D to calculate Int(x)
[#1] INFO:NumericIntegration -- RooRealIntegral::init(modelBkg_default_Int[x]) using numeric integrator RooIntegrator1D to calculate Int(x)
[#1] INFO:Fitting -- RooAddition::defaultErrorLevel(nll_d) Summation contains a RooNLLVar, using its error level
 **********
 **   13 **MIGRAD        6500           1
 **********
 FIRST CALL TO USER FUNCTION AT NEW START POINT, WITH IFLAG=4.
 START MIGRAD MINIMIZATION.  STRATEGY  1.  CONVERGENCE WHEN EDM .LT. 1.00e-03
 FCN=-29592.6 FROM MIGRAD    STATUS=INITIATE       54 CALLS          55 TOTAL
                     EDM= unknown      STRATEGY= 1      NO ERROR MATRIX       
  EXT PARAMETER               CURRENT GUESS       STEP         FIRST   
  NO.   NAME      VALUE            ERROR          SIZE      DERIVATIVE 
   1  NbkgMRS_d    3.17800e+02   1.58900e+02   1.72186e-01  -1.16049e+03
   2  NbkgPRS_d    3.04700e+02   1.52350e+02   1.72186e-01  -1.21588e+03
   3  NsigMRS_d    2.86020e+03   1.58900e+02   1.72186e-01   1.28907e+02
   4  NsigPRS_d    2.74230e+03   1.52350e+02   1.72186e-01   1.35052e+02
   5  am           1.00000e+00   2.00000e+00   2.02430e-01  -3.23629e+00
   6  bm          -1.30000e+00   6.50000e-01   1.36292e-01  -1.43102e-01
   7  cm           5.00000e+00   7.50000e+00   1.43348e-01  -1.14463e+02
   8  coeffsig     5.00000e-01   1.00000e-01   2.01358e-01   5.87827e+02
   9  dm0          1.39400e+02   2.00000e+00   2.01742e-01   1.09356e+02
  10  mean         1.45500e+02   2.10000e+00   2.10680e-01  -2.50144e+03
  11  sigma1       5.00000e-01   2.50000e-01   1.18625e-01  -9.79380e+02
  12  sigma2       5.00000e-01   2.50000e-01   1.18625e-01  -1.39507e+03
  13  sigma3       1.10000e+00   5.50000e-01   1.81568e-01  -3.24194e+03
                               ERR DEF= 0.5
 MIGRAD FAILS TO FIND IMPROVEMENT
 EIGENVALUES OF SECOND-DERIVATIVE MATRIX:
        -8.5543e+00  1.5289e-02  6.5999e-02  2.1994e-01  5.3650e-01  7.9563e-01  9.5502e-01  1.1427e+00  1.2042e+00  1.2281e+00  2.0522e+00  2.7543e+00  1.0585e+01
 MINUIT WARNING IN HESSE   
 ============== MATRIX FORCED POS-DEF BY ADDING 8.564889 TO DIAGONAL.
 FCN=-30368.9 FROM HESSE     STATUS=NOT POSDEF    135 CALLS        1779 TOTAL
                     EDM=3.70761    STRATEGY= 1      ERR MATRIX NOT POS-DEF
  EXT PARAMETER                APPROXIMATE        STEP         FIRST   
  NO.   NAME      VALUE            ERROR          SIZE      DERIVATIVE 
   1  NbkgMRS_d    9.83208e+02   1.21988e+01   2.96731e-03  -7.87386e-01
   2  NbkgPRS_d    9.75163e+02   1.20471e+01   3.03931e-03   8.00039e-01
   3  NsigMRS_d    2.19348e+03   1.63369e+01   4.07118e-03  -5.29048e-01
   4  NsigPRS_d    2.07121e+03   1.58793e+01   4.09388e-03  -8.04783e-01
   5  am           3.81128e+00   3.88354e-03   8.08393e-05   8.54106e+01
   6  bm          -8.36654e+00   4.66425e-02   1.84386e-05   6.91234e+01
   7  cm           1.54702e+01   2.04257e-02   1.09907e-05  -1.14468e+02
   8  coeffsig     4.29438e-01   1.46026e-02   1.07372e-02   1.10183e-01
   9  dm0          1.39075e+02   2.07763e-03   6.57884e-05   1.19335e+04
  10  mean         1.45440e+02   5.04024e-03   1.85348e-04  -2.92336e+01
  11  sigma1       6.11480e-01   1.04123e-02   1.55485e-03  -1.05553e+00
  12  sigma2       9.10630e-01   1.13635e-02   1.41209e-03  -5.85379e+00
  13  sigma3       9.68601e-01   7.90286e-03   9.74539e-04  -1.87992e+00
                               ERR DEF= 0.5
 MIGRAD MINIMIZATION HAS CONVERGED.
 MIGRAD WILL VERIFY CONVERGENCE AND ERROR MATRIX.
 EIGENVALUES OF SECOND-DERIVATIVE MATRIX:
        -1.3119e-02  1.0028e-02  3.3117e-02  6.8221e-02  2.1729e-01  5.9741e-01  7.9570e-01  9.9457e-01  1.1941e+00  1.2043e+00  2.0170e+00  2.6962e+00  3.1851e+00
 MINUIT WARNING IN HESSE   
 ============== MATRIX FORCED POS-DEF BY ADDING 0.016304 TO DIAGONAL.
 MIGRAD TERMINATED WITHOUT CONVERGENCE.
 FCN=-30368.9 FROM MIGRAD    STATUS=FAILED       2336 CALLS        2337 TOTAL
                     EDM=0.40065    STRATEGY= 1      ERR MATRIX NOT POS-DEF
  EXT PARAMETER                APPROXIMATE        STEP         FIRST   
  NO.   NAME      VALUE            ERROR          SIZE      DERIVATIVE 
   1  NbkgMRS_d    9.84277e+02   3.96311e+01   2.96813e-03  -3.49886e-02
   2  NbkgPRS_d    9.74996e+02   3.85504e+01   3.03851e-03   3.88694e-01
   3  NsigMRS_d    2.19346e+03   5.24946e+01   4.07161e-03  -1.61055e-01
   4  NsigPRS_d    2.07195e+03   5.06044e+01   4.09578e-03  -2.22283e-01
   5  am           3.81066e+00   4.38034e-02   7.21986e-05  -3.52022e+00
   6  bm          -8.36614e+00   5.37594e-02   8.25302e-05  -7.58356e+00
   7  cm           1.54704e+01   4.07124e-01   4.94961e-05   1.19880e+01
   8  coeffsig     4.27076e-01   1.89340e-01   1.08814e-02   8.68669e-02
   9  dm0          1.39075e+02   7.43168e-03   1.83089e-04   8.42525e+02
  10  mean         1.45442e+02   4.25583e-02   1.85425e-04   3.31691e-01
  11  sigma1       6.14404e-01   9.94523e-02   1.61567e-03  -2.25602e-02
  12  sigma2       9.14483e-01   9.27497e-02   1.46037e-03   4.50771e-01
  13  sigma3       9.65702e-01   8.17028e-02   9.47678e-04   1.41956e+00
                               ERR DEF= 0.5
 EXTERNAL ERROR MATRIX.    NDIM=  28    NPAR= 13    ERR DEF=0.5
 ELEMENTS ABOVE DIAGONAL ARE NOT PRINTED.
  1.571e+03 
  1.915e+02  1.486e+03 
 -5.960e+02 -1.908e+02  2.757e+03 
 -1.908e+02 -5.208e+02  1.902e+02  2.562e+03 
  2.407e-01  2.151e-01 -2.398e-01 -2.142e-01  1.919e-03 
  2.462e-01  2.201e-01 -2.453e-01 -2.192e-01  1.596e-03  2.890e-03 
  2.541e+00  2.274e+00 -2.532e+00 -2.265e+00  1.629e-02  1.999e-02  1.658e-01 
 -8.150e-01 -5.637e-01  8.138e-01  5.629e-01 -3.434e-04 -3.455e-04 -3.680e-03  3.775e-02 
  1.441e-03  1.350e-03 -1.435e-03 -1.344e-03  9.971e-06  1.147e-05  1.106e-04 -7.095e-07  5.523e-05 
  1.171e-01  8.793e-02 -1.168e-01 -8.774e-02  5.926e-05  6.019e-05  6.268e-04 -1.008e-03  2.455e-07  1.811e-03 
 -9.194e-02 -4.700e-02  9.193e-02  4.706e-02  5.060e-06  6.530e-06  8.461e-06  1.438e-02  2.339e-08  1.890e-03  9.896e-03 
  1.797e-01  1.161e-01 -1.795e-01 -1.160e-01  2.545e-04  2.607e-04  2.507e-03 -8.897e-03 -6.049e-07 -2.335e-03 -5.623e-03 
  1.797e-01  1.161e-01 -1.795e-01 -1.160e-01  2.545e-04  2.607e-04  2.507e-03 -8.897e-03 -6.049e-07 -2.335e-03 -5.623e-03  8.605e-03 
 -6.500e-01 -4.996e-01  6.486e-01  4.985e-01 -4.067e-04 -4.139e-04 -4.221e-03  1.381e-02 -8.059e-07  9.310e-05  5.042e-03 
 -6.500e-01 -4.996e-01  6.486e-01  4.985e-01 -4.067e-04 -4.139e-04 -4.221e-03  1.381e-02 -8.059e-07  9.310e-05  5.042e-03 -5.400e-03  6.677e-03 
ERR MATRIX NOT POS-DEF
 PARAMETER  CORRELATION COEFFICIENTS  
       NO.  GLOBAL      1      2      3      4      5      6      7      8      9     10     11     12     13
        1  0.42047   1.000  0.125 -0.286 -0.095  0.139  0.116  0.157 -0.106  0.005  0.069 -0.023  0.049 -0.201
        2  0.38346   0.125  1.000 -0.094 -0.267  0.127  0.106  0.145 -0.075  0.005  0.054 -0.012  0.032 -0.159
        3  0.34332  -0.286 -0.094  1.000  0.072 -0.104 -0.087 -0.118  0.080 -0.004 -0.052  0.018 -0.037  0.151
        4  0.31882  -0.095 -0.267  0.072  1.000 -0.097 -0.081 -0.110  0.057 -0.004 -0.041  0.009 -0.025  0.121
        5  0.99208   0.139  0.127 -0.104 -0.097  1.000  0.678  0.913 -0.040  0.031  0.032  0.001  0.063 -0.114
        6  0.99218   0.116  0.106 -0.087 -0.081  0.678  1.000  0.913 -0.033  0.029  0.026  0.001  0.052 -0.094
        7  0.99764   0.157  0.145 -0.118 -0.110  0.913  0.913  1.000 -0.047  0.037  0.036  0.000  0.066 -0.127
        8  0.97345  -0.106 -0.075  0.080  0.057 -0.040 -0.033 -0.047  1.000 -0.000 -0.122  0.744 -0.494  0.870
        9  0.07025   0.005  0.005 -0.004 -0.004  0.031  0.029  0.037 -0.000  1.000  0.001  0.000 -0.001 -0.001
       10  0.93262   0.069  0.054 -0.052 -0.041  0.032  0.026  0.036 -0.122  0.001  1.000  0.446 -0.591  0.027
       11  0.94666  -0.023 -0.012  0.018  0.009  0.001  0.001  0.000  0.744  0.000  0.446  1.000 -0.609  0.620
       12  0.92708   0.049  0.032 -0.037 -0.025  0.063  0.052  0.066 -0.494 -0.001 -0.591 -0.609  1.000 -0.712
       13  0.95939  -0.201 -0.159  0.151  0.121 -0.114 -0.094 -0.127  0.870 -0.001  0.027  0.620 -0.712  1.000
 ERR MATRIX NOT POS-DEF
 **********
 **   18 **HESSE        6500
 **********
 EIGENVALUES OF SECOND-DERIVATIVE MATRIX:
        -4.1119e-03  2.9648e-04  2.5727e-03  6.3368e-02  1.8960e-01  5.9812e-01  7.9481e-01  9.7166e-01  1.1948e+00  1.2049e+00  2.0330e+00  2.6952e+00  3.2558e+00
 MINUIT WARNING IN HESSE   
 ============== MATRIX FORCED POS-DEF BY ADDING 0.007368 TO DIAGONAL.
 FCN=-30368.9 FROM HESSE     STATUS=NOT POSDEF    137 CALLS        2474 TOTAL
                     EDM=25.0592    STRATEGY= 1      ERR MATRIX NOT POS-DEF
  EXT PARAMETER                APPROXIMATE     INTERNAL      INTERNAL  
  NO.   NAME      VALUE            ERROR       STEP SIZE       VALUE   
   1  NbkgMRS_d    9.84277e+02   4.48890e+01   1.18725e-04  -3.90411e-01
   2  NbkgPRS_d    9.74996e+02   4.21827e+01   6.07701e-04  -3.68299e-01
   3  NsigMRS_d    2.19346e+03   5.66676e+01   8.14323e-04   3.90231e-01
   4  NsigPRS_d    2.07195e+03   5.35205e+01   8.19156e-04   3.68259e-01
   5  am           3.81066e+00   4.62173e-02   2.88794e-06   3.90949e-01
   6  bm          -8.36614e+00   6.12104e-02   3.30121e-06   1.64122e-01
   7  cm           1.54704e+01   2.61570e-01   1.97984e-06  -8.59360e-01
   8  coeffsig     4.27076e-01   6.94393e-01   2.17628e-03  -1.46370e-01
   9  dm0          1.39075e+02   6.01345e-02   8.74592e-03  -9.26142e-02
  10  mean         1.45442e+02   4.60909e-02   3.70849e-05  -2.95549e-01
  11  sigma1       6.14404e-01   2.02454e-01   6.46270e-05  -1.06983e+00
  12  sigma2       9.14483e-01   2.00288e-01   2.92074e-04  -9.56369e-01
  13  sigma3       9.65702e-01   2.36620e-01   1.89536e-04  -9.38817e-01
                               ERR DEF= 0.5
 EXTERNAL ERROR MATRIX.    NDIM=  28    NPAR= 13    ERR DEF=0.5
 ELEMENTS ABOVE DIAGONAL ARE NOT PRINTED.
  2.016e+03 
  5.393e+02  1.780e+03 
 -1.035e+03 -5.385e+02  3.213e+03 
 -5.385e+02 -8.088e+02  5.378e+02  2.866e+03 
  3.220e-01  2.749e-01 -3.216e-01 -2.745e-01  2.136e-03 
 -1.686e-02 -1.561e-02  1.683e-02  1.558e-02 -1.243e-03  3.747e-03 
  1.928e+00  1.654e+00 -1.925e+00 -1.652e+00  5.722e-03  9.224e-03  6.842e-02 
 -1.065e+01 -8.511e+00  1.063e+01  8.500e+00 -3.558e-03 -7.535e-05 -1.995e-02  2.598e-01 
 -1.247e+00 -1.010e+00  1.245e+00  1.009e+00 -4.173e-04 -1.657e-05 -2.300e-03  2.776e-02  3.616e-03 
  1.098e-01  8.179e-02 -1.097e-01 -8.168e-02  3.765e-05 -5.987e-06  2.477e-04 -5.673e-04  2.958e-05  2.124e-03 
 -3.709e+00 -2.970e+00  3.704e+00  2.966e+00 -1.213e-03 -3.825e-05 -6.751e-03  9.684e-02  1.018e-02  2.447e-03  4.109e-02 
  3.820e+00  3.059e+00 -3.815e+00 -3.055e+00  1.421e-03  3.113e-05  7.867e-03 -9.113e-02 -1.039e-02 -3.033e-03 -3.670e-02 
  3.820e+00  3.059e+00 -3.815e+00 -3.055e+00  1.421e-03  3.113e-05  7.867e-03 -9.113e-02 -1.039e-02 -3.033e-03 -3.670e-02  4.018e-02 
 -5.291e+00 -4.251e+00  5.284e+00  4.245e+00 -1.864e-03 -2.048e-05 -1.050e-02  1.184e-01  1.318e-02  4.217e-04  4.392e-02 
 -5.291e+00 -4.251e+00  5.284e+00  4.245e+00 -1.864e-03 -2.048e-05 -1.050e-02  1.184e-01  1.318e-02  4.217e-04  4.392e-02 -4.450e-02  5.611e-02 
ERR MATRIX NOT POS-DEF
 PARAMETER  CORRELATION COEFFICIENTS  
       NO.  GLOBAL      1      2      3      4      5      6      7      8      9     10     11     12     13
        1  0.59389   1.000  0.285 -0.407 -0.224  0.155 -0.006  0.164 -0.465 -0.462  0.053 -0.408  0.424 -0.498
        2  0.53040   0.285  1.000 -0.225 -0.358  0.141 -0.006  0.150 -0.396 -0.398  0.042 -0.347  0.362 -0.425
        3  0.48615  -0.407 -0.225  1.000  0.177 -0.123  0.005 -0.130  0.368  0.365 -0.042  0.322 -0.336  0.394
        4  0.43565  -0.224 -0.358  0.177  1.000 -0.111  0.005 -0.118  0.311  0.313 -0.033  0.273 -0.285  0.335
        5  0.99283   0.155  0.141 -0.123 -0.111  1.000 -0.440  0.473 -0.151 -0.150  0.018 -0.129  0.153 -0.170
        6  0.99392  -0.006 -0.006  0.005  0.005 -0.440  1.000  0.576 -0.002 -0.005 -0.002 -0.003  0.003 -0.001
        7  0.99422   0.164  0.150 -0.130 -0.118  0.473  0.576  1.000 -0.150 -0.146  0.021 -0.127  0.150 -0.170
        8  0.99615  -0.465 -0.396  0.368  0.311 -0.151 -0.002 -0.150  1.000  0.906 -0.024  0.937 -0.892  0.981
        9  0.92862  -0.462 -0.398  0.365  0.313 -0.150 -0.005 -0.146  0.906  1.000  0.011  0.835 -0.862  0.925
       10  0.94233   0.053  0.042 -0.042 -0.033  0.018 -0.002  0.021 -0.024  0.011  1.000  0.262 -0.328  0.039
       11  0.98730  -0.408 -0.347  0.322  0.273 -0.129 -0.003 -0.127  0.937  0.835  0.262  1.000 -0.903  0.915
       12  0.98470   0.424  0.362 -0.336 -0.285  0.153  0.003  0.150 -0.892 -0.862 -0.328 -0.903  1.000 -0.937
       13  0.99521  -0.498 -0.425  0.394  0.335 -0.170 -0.001 -0.170  0.981  0.925  0.039  0.915 -0.937  1.000
 ERR MATRIX NOT POS-DEF
[#1] INFO:NumericIntegration -- RooRealIntegral::init(modelBkg_default_Int[x]) using numeric integrator RooIntegrator1D to calculate Int(x)
[#1] INFO:NumericIntegration -- RooRealIntegral::init(modelBkg_default_Int[x]) using numeric integrator RooIntegrator1D to calculate Int(x)
aaaa0 ; 0 ; 0
aaaa1 ; 0 ; 0
aaaa2 ; 0 ; 0
aaaa3 ; 0 ; 0
aaaa4 ; 1 ; 0
aaaa5 ; 0 ; 0
aaaa6 ; 1 ; 4
aaaa7 ; 1 ; 5
aaaa8 ; 1 ; 4
aaaa9 ; 3 ; 2
aaaa10 ; 3 ; 8
aaaa11 ; 9 ; 5
aaaa12 ; 3 ; 9
aaaa13 ; 11 ; 12
aaaa14 ; 8 ; 7
aaaa15 ; 7 ; 12
aaaa16 ; 10 ; 6
aaaa17 ; 8 ; 12
aaaa18 ; 8 ; 10
aaaa19 ; 13 ; 11
aaaa20 ; 15 ; 12
aaaa21 ; 26 ; 12
aaaa22 ; 47 ; 8
aaaa23 ; 37 ; 10
aaaa24 ; 69 ; 8
aaaa25 ; 111 ; 22
aaaa26 ; 157 ; 9
aaaa27 ; 163 ; 8
aaaa28 ; 203 ; 16
aaaa29 ; 275 ; 13
aaaa30 ; 287 ; 17
aaaa31 ; 211 ; 11
aaaa32 ; 209 ; 11
aaaa33 ; 169 ; 21
aaaa34 ; 113 ; 19
aaaa35 ; 97 ; 13
aaaa36 ; 66 ; 14
aaaa37 ; 52 ; 10
aaaa38 ; 27 ; 25
aaaa39 ; 18 ; 11
aaaa40 ; 20 ; 13
aaaa41 ; 16 ; 19
aaaa42 ; 19 ; 14
aaaa43 ; 19 ; 15
aaaa44 ; 18 ; 15
aaaa45 ; 16 ; 16
aaaa46 ; 19 ; 27
aaaa47 ; 21 ; 13
aaaa48 ; 16 ; 14
aaaa49 ; 20 ; 20
aaaa50 ; 27 ; 25
aaaa51 ; 12 ; 14
aaaa52 ; 19 ; 22
aaaa53 ; 17 ; 21
aaaa54 ; 13 ; 13
aaaa55 ; 17 ; 14
aaaa56 ; 19 ; 13
aaaa57 ; 9 ; 18
aaaa58 ; 14 ; 14
aaaa59 ; 12 ; 11
aaaa60 ; 21 ; 15
aaaa61 ; 10 ; 9
aaaa62 ; 16 ; 19
aaaa63 ; 10 ; 12
aaaa64 ; 16 ; 16
aaaa65 ; 14 ; 7
aaaa66 ; 12 ; 13
aaaa67 ; 7 ; 14
aaaa68 ; 11 ; 11
aaaa69 ; 10 ; 12
aaaa70 ; 11 ; 15
aaaa71 ; 6 ; 10
aaaa72 ; 14 ; 7
aaaa73 ; 8 ; 11
aaaa74 ; 14 ; 12
aaaa75 ; 12 ; 10
aaaa76 ; 11 ; 9
aaaa77 ; 10 ; 14
aaaa78 ; 9 ; 6
aaaa79 ; 5 ; 10
aaaa80 ; 12 ; 9
aaaa81 ; 6 ; 8
aaaa82 ; 15 ; 8
aaaa83 ; 5 ; 9
[#0] WARNING:Plotting -- RooHist::addBin(signal_hist_plot__x) WARNING: negative entry set to zero when Poisson error bars are requested
[#0] WARNING:Plotting -- RooHist::addBin(signal_hist_plot__x) WARNING: negative entry set to zero when Poisson error bars are requested
[#0] WARNING:Plotting -- RooHist::addBin(signal_hist_plot__x) WARNING: negative entry set to zero when Poisson error bars are requested
[#0] WARNING:Plotting -- RooHist::addBin(signal_hist_plot__x) WARNING: negative entry set to zero when Poisson error bars are requested
[#0] WARNING:Plotting -- RooHist::addBin(signal_hist_plot__x) WARNING: negative entry set to zero when Poisson error bars are requested
[#0] WARNING:Plotting -- RooHist::addBin(signal_hist_plot__x) WARNING: negative entry set to zero when Poisson error bars are requested
[#0] WARNING:Plotting -- RooHist::addBin(signal_hist_plot__x) WARNING: negative entry set to zero when Poisson error bars are requested
[#0] WARNING:Plotting -- RooHist::addBin(signal_hist_plot__x) WARNING: negative entry set to zero when Poisson error bars are requested
[#0] WARNING:Plotting -- RooHist::addBin(signal_hist_plot__x) WARNING: negative entry set to zero when Poisson error bars are requested
[#0] WARNING:Plotting -- RooHist::addBin(signal_hist_plot__x) WARNING: negative entry set to zero when Poisson error bars are requested
[#0] WARNING:Plotting -- RooHist::addBin(signal_hist_plot__x) WARNING: negative entry set to zero when Poisson error bars are requested
[#0] WARNING:Plotting -- RooHist::addBin(signal_hist_plot__x) WARNING: negative entry set to zero when Poisson error bars are requested
[#0] WARNING:Plotting -- RooHist::addBin(signal_hist_plot__x) WARNING: negative entry set to zero when Poisson error bars are requested
[#0] WARNING:Plotting -- RooHist::addBin(signal_hist_plot__x) WARNING: negative entry set to zero when Poisson error bars are requested
[#0] WARNING:Plotting -- RooHist::addBin(signal_hist_plot__x) WARNING: negative entry set to zero when Poisson error bars are requested
[#0] WARNING:Plotting -- RooHist::addBin(signal_hist_plot__x) WARNING: negative entry set to zero when Poisson error bars are requested
[#0] WARNING:Plotting -- RooHist::addBin(signal_hist_plot__x) WARNING: negative entry set to zero when Poisson error bars are requested
[#0] WARNING:Plotting -- RooHist::addBin(signal_hist_plot__x) WARNING: negative entry set to zero when Poisson error bars are requested
[#0] WARNING:Plotting -- RooHist::addBin(signal_hist_plot__x) WARNING: negative entry set to zero when Poisson error bars are requested
[#0] WARNING:Plotting -- RooHist::addBin(signal_hist_plot__x) WARNING: negative entry set to zero when Poisson error bars are requested
[#0] WARNING:Plotting -- RooHist::addBin(signal_hist_plot__x) WARNING: negative entry set to zero when Poisson error bars are requested
[#0] WARNING:Plotting -- RooHist::addBin(signal_hist_plot__x) WARNING: negative entry set to zero when Poisson error bars are requested
[#0] WARNING:Plotting -- RooHist::addBin(signal_hist_plot__x) WARNING: negative entry set to zero when Poisson error bars are requested
[#0] WARNING:Plotting -- RooHist::addBin(signal_hist_plot__x) WARNING: negative entry set to zero when Poisson error bars are requested
[#0] WARNING:Plotting -- RooHist::addBin(signal_hist_plot__x) WARNING: negative entry set to zero when Poisson error bars are requested
[#0] WARNING:Plotting -- RooHist::addBin(signal_hist_plot__x) WARNING: negative entry set to zero when Poisson error bars are requested
[#0] WARNING:Plotting -- RooHist::addBin(signal_hist_plot__x) WARNING: negative entry set to zero when Poisson error bars are requested
[#1] INFO:NumericIntegration -- RooRealIntegral::init(modelBkg_Int[x]) using numeric integrator RooIntegrator1D to calculate Int(x)
[#1] INFO:NumericIntegration -- RooRealIntegral::init(modelBkg_Int[x]) using numeric integrator RooIntegrator1D to calculate Int(x)
[#1] INFO:NumericIntegration -- RooRealIntegral::init(modelBkg_Int[x]) using numeric integrator RooIntegrator1D to calculate Int(x)
[#1] INFO:NumericIntegration -- RooRealIntegral::init(modelBkg_Int[x]) using numeric integrator RooIntegrator1D to calculate Int(x)
[#1] INFO:Fitting -- RooAddition::defaultErrorLevel(nll) Summation contains a RooNLLVar, using its error level
 **********
 **   13 **MIGRAD        4000           1
 **********
 FIRST CALL TO USER FUNCTION AT NEW START POINT, WITH IFLAG=4.
 START MIGRAD MINIMIZATION.  STRATEGY  1.  CONVERGENCE WHEN EDM .LT. 1.00e-03
 FCN=-30549 FROM MIGRAD    STATUS=INITIATE       34 CALLS          35 TOTAL
                     EDM= unknown      STRATEGY= 1      NO ERROR MATRIX       
  EXT PARAMETER               CURRENT GUESS       STEP         FIRST   
  NO.   NAME      VALUE            ERROR          SIZE      DERIVATIVE 
   1  NbkgMRS      9.84277e+02   2.00000e+01   2.01358e-01   3.80727e+00
   2  NbkgPRS      9.74996e+02   2.00000e+01   2.01358e-01   7.06201e+00
   3  NsigMRS      2.19346e+03   2.00000e+01   2.01358e-01  -1.72042e+00
   4  NsigPRS      2.07195e+03   2.00000e+01   2.01358e-01  -3.32569e+00
   5  am           3.81066e+00   4.62173e-02   4.99894e-03   3.94496e+03
   6  bm          -8.36614e+00   6.12104e-02   6.20445e-03   3.46857e+03
   7  cm           1.54704e+01   2.61570e-01   3.81543e-03  -5.80470e+03
   8  dm0          1.39075e+02   6.01345e-02   6.03937e-03   1.21114e+02
                               ERR DEF= 0.5
[#0] WARNING:Minization -- RooMinuitGlue: Minimized function has error status.
Returning maximum FCN so far (-30546.1) to force MIGRAD to back out of this region. Error log follows
Parameter values: NbkgMRS=932.125, NbkgPRS=887.351, NsigMRS=2234.55, NsigPRS=2141.34, am=3.79002, bm=-8.39394, cm=15.6041, dm0=139.074
RooAddition::nll[ nll_modelPRS_dataPRS + nll_modelMRS_dataMRS ]
     function value is NAN @ !set=(nll_modelPRS_dataPRS = -nan,nll_modelMRS_dataMRS = -nan)
RooNLLVar::nll_modelPRS_dataPRS[ paramSet=(NbkgPRS,NsigPRS,am,bm,cm,dm0) ]
     function value is NAN @ paramSet=(NbkgPRS = 887.351,NsigPRS = 2141.34,am = 3.79002 +/- 0.0462173,bm = -8.39394 +/- 0.0612104,cm = 15.6041 +/- 0.26157,dm0 = 139.074 +/- 0.0601345)
RooAddPdf::modelPRS[ NsigPRS * modelSig + NbkgPRS * modelBkg ]
     getLogVal() top-level p.d.f evaluates to zero @ !refCoefNorm=(), !pdfs=(modelSig = 0/2073,modelBkg = 0/0.150071), !coefficients=(NsigPRS = 2141.34,NbkgPRS = 887.351)
     getLogVal() top-level p.d.f evaluates to zero @ !refCoefNorm=(), !pdfs=(modelSig = 0/2073,modelBkg = 0/0.150071), !coefficients=(NsigPRS = 2141.34,NbkgPRS = 887.351)
     getLogVal() top-level p.d.f evaluates to zero @ !refCoefNorm=(), !pdfs=(modelSig = 0/2073,modelBkg = 0/0.150071), !coefficients=(NsigPRS = 2141.34,NbkgPRS = 887.351)
     getLogVal() top-level p.d.f evaluates to zero @ !refCoefNorm=(), !pdfs=(modelSig = 0/2073,modelBkg = 0/0.150071), !coefficients=(NsigPRS = 2141.34,NbkgPRS = 887.351)
RooNLLVar::nll_modelMRS_dataMRS[ paramSet=(NbkgMRS,NsigMRS,am,bm,cm,dm0) ]
     function value is NAN @ paramSet=(NbkgMRS = 932.125,NsigMRS = 2234.55,am = 3.79002 +/- 0.0462173,bm = -8.39394 +/- 0.0612104,cm = 15.6041 +/- 0.26157,dm0 = 139.074 +/- 0.0601345)
RooAddPdf::modelMRS[ NsigMRS * modelSig + NbkgMRS * modelBkg ]
     getLogVal() top-level p.d.f evaluates to zero @ !refCoefNorm=(), !pdfs=(modelSig = 0/2073,modelBkg = 0/0.150071), !coefficients=(NsigMRS = 2234.55,NbkgMRS = 932.125)
     getLogVal() top-level p.d.f evaluates to zero @ !refCoefNorm=(), !pdfs=(modelSig = 0/2073,modelBkg = 0/0.150071), !coefficients=(NsigMRS = 2234.55,NbkgMRS = 932.125)
     getLogVal() top-level p.d.f evaluates to zero @ !refCoefNorm=(), !pdfs=(modelSig = 0/2073,modelBkg = 0/0.150071), !coefficients=(NsigMRS = 2234.55,NbkgMRS = 932.125)
     getLogVal() top-level p.d.f evaluates to zero @ !refCoefNorm=(), !pdfs=(modelSig = 0/2073,modelBkg = 0/0.150071), !coefficients=(NsigMRS = 2234.55,NbkgMRS = 932.125)

 MIGRAD MINIMIZATION HAS CONVERGED.
 MIGRAD WILL VERIFY CONVERGENCE AND ERROR MATRIX.
 EIGENVALUES OF SECOND-DERIVATIVE MATRIX:
        -1.2593e-02  3.4246e-02  7.1604e-01  7.8151e-01  8.9935e-01  1.0960e+00  1.2357e+00  3.2498e+00
 MINUIT WARNING IN HESSE   
 ============== MATRIX FORCED POS-DEF BY ADDING 0.015843 TO DIAGONAL.
 FCN=-30562.3 FROM MIGRAD    STATUS=CONVERGED     607 CALLS         608 TOTAL
                     EDM=0.000720971    STRATEGY= 1      ERR MATRIX NOT POS-DEF
  EXT PARAMETER                APPROXIMATE        STEP         FIRST   
  NO.   NAME      VALUE            ERROR          SIZE      DERIVATIVE 
   1  NbkgMRS      9.39666e+02   3.67437e+01   4.92044e-02  -6.00732e-03
   2  NbkgPRS      8.75010e+02   1.62683e+02   2.09221e-01   3.57041e-03
   3  NsigMRS      2.23824e+03   4.91417e+01   6.82207e-02  -1.27656e-03
   4  NsigPRS      2.17192e+03   1.86133e+02   3.03648e-01  -1.85591e-03
   5  am           3.84894e+00   3.05110e-02   5.18015e-05   2.74894e+00
   6  bm          -8.37396e+00   3.63115e-02   5.63289e-05   1.41704e+00
   7  cm           1.57268e+01   2.59866e-01   3.20071e-05  -5.63892e+00
   8  dm0          1.39315e+02   4.24791e-02   4.38234e-04   6.37714e+00
                               ERR DEF= 0.5
 EXTERNAL ERROR MATRIX.    NDIM=  25    NPAR=  8    ERR DEF=0.5
  1.434e+03  1.996e+00 -4.980e+02  1.954e+00  1.178e-01  1.168e-01  1.113e+00  6.780e-02 
  1.996e+00  1.010e+01 -1.951e+00  1.593e+00  5.048e-03  4.982e-03  4.714e-02  2.971e-03 
 -4.980e+02 -1.951e+00  2.707e+03 -1.910e+00 -1.151e-01 -1.141e-01 -1.088e+00 -6.627e-02 
  1.954e+00  1.593e+00 -1.910e+00  2.547e+01  4.943e-03  4.877e-03  4.616e-02  2.909e-03 
  1.178e-01  5.048e-03 -1.151e-01  4.943e-03  9.309e-04  7.476e-04  7.220e-03  3.232e-04 
  1.168e-01  4.982e-03 -1.141e-01  4.877e-03  7.476e-04  1.319e-03  8.625e-03  3.566e-04 
  1.113e+00  4.714e-02 -1.088e+00  4.616e-02  7.220e-03  8.625e-03  6.753e-02  3.240e-03 
  6.780e-02  2.971e-03 -6.627e-02  2.909e-03  3.232e-04  3.566e-04  3.240e-03  1.804e-03 
ERR MATRIX NOT POS-DEF
 PARAMETER  CORRELATION COEFFICIENTS  
       NO.  GLOBAL      1      2      3      4      5      6      7      8
        1  0.29645   1.000  0.017 -0.253  0.010  0.102  0.085  0.113  0.042
        2  0.12975   0.017  1.000 -0.012  0.099  0.052  0.043  0.057  0.022
        3  0.26747  -0.253 -0.012  1.000 -0.007 -0.073 -0.060 -0.080 -0.030
        4  0.10949   0.010  0.099 -0.007  1.000  0.032  0.027  0.035  0.014
        5  0.99176   0.102  0.052 -0.073  0.032  1.000  0.675  0.911  0.249
        6  0.99214   0.085  0.043 -0.060  0.027  0.675  1.000  0.914  0.231
        7  0.99760   0.113  0.057 -0.080  0.035  0.911  0.914  1.000  0.294
        8  0.48946   0.042  0.022 -0.030  0.014  0.249  0.231  0.294  1.000
 ERR MATRIX NOT POS-DEF
 **********
 **   18 **HESSE        4000
 **********
[#0] WARNING:Minization -- RooMinuitGlue: Minimized function has error status.
Returning maximum FCN so far (-30542.6) to force MIGRAD to back out of this region. Error log follows
Parameter values: NbkgMRS=939.666, NbkgPRS=875.01, NsigMRS=2238.24, NsigPRS=2171.92, am=3.84894, bm=-8.37396, cm=15.7268, dm0=139.471
RooAddition::nll[ nll_modelPRS_dataPRS + nll_modelMRS_dataMRS ]
     function value is NAN @ !set=(nll_modelPRS_dataPRS = -14913.6,nll_modelMRS_dataMRS = -nan)
RooNLLVar::nll_modelMRS_dataMRS[ paramSet=(NbkgMRS,NsigMRS,am,bm,cm,dm0) ]
     function value is NAN @ paramSet=(NbkgMRS = 939.666 +/- 36.7437,NsigMRS = 2238.24 +/- 49.1417,am = 3.84894 +/- 0.030511,bm = -8.37396 +/- 0.0363115,cm = 15.7268 +/- 0.259866,dm0 = 139.471 +/- 0.0424791)
RooAddPdf::modelMRS[ NsigMRS * modelSig + NbkgMRS * modelBkg ]
     getLogVal() top-level p.d.f evaluates to zero @ !refCoefNorm=(), !pdfs=(modelSig = 0/2073,modelBkg = 0/0.197237), !coefficients=(NsigMRS = 2238.24 +/- 49.1417,NbkgMRS = 939.666 +/- 36.7437)

[#0] WARNING:Minization -- RooMinuitGlue: Minimized function has error status.
Returning maximum FCN so far (-30542.6) to force MIGRAD to back out of this region. Error log follows
Parameter values: NbkgMRS=939.843, NbkgPRS=875.01, NsigMRS=2238.24, NsigPRS=2171.92, am=3.84894, bm=-8.37396, cm=15.7268, dm0=139.471
RooAddition::nll[ nll_modelPRS_dataPRS + nll_modelMRS_dataMRS ]
     function value is NAN @ !set=(nll_modelPRS_dataPRS = -14913.6,nll_modelMRS_dataMRS = -nan)
RooNLLVar::nll_modelMRS_dataMRS[ paramSet=(NbkgMRS,NsigMRS,am,bm,cm,dm0) ]
     function value is NAN @ paramSet=(NbkgMRS = 939.843 +/- 36.7437,NsigMRS = 2238.24 +/- 49.1417,am = 3.84894 +/- 0.030511,bm = -8.37396 +/- 0.0363115,cm = 15.7268 +/- 0.259866,dm0 = 139.471 +/- 0.0424791)
RooAddPdf::modelMRS[ NsigMRS * modelSig + NbkgMRS * modelBkg ]
     getLogVal() top-level p.d.f evaluates to zero @ !refCoefNorm=(), !pdfs=(modelSig = 0/2073,modelBkg = 0/0.197237), !coefficients=(NsigMRS = 2238.24 +/- 49.1417,NbkgMRS = 939.843 +/- 36.7437)

[#0] WARNING:Minization -- RooMinuitGlue: Minimized function has error status.
Returning maximum FCN so far (-30542.6) to force MIGRAD to back out of this region. Error log follows
Parameter values: NbkgMRS=939.666, NbkgPRS=888.076, NsigMRS=2238.24, NsigPRS=2171.92, am=3.84894, bm=-8.37396, cm=15.7268, dm0=139.471
RooAddition::nll[ nll_modelPRS_dataPRS + nll_modelMRS_dataMRS ]
     function value is NAN @ !set=(nll_modelPRS_dataPRS = -14913.5,nll_modelMRS_dataMRS = -nan)
RooNLLVar::nll_modelMRS_dataMRS[ paramSet=(NbkgMRS,NsigMRS,am,bm,cm,dm0) ]
     function value is NAN @ paramSet=(NbkgMRS = 939.666 +/- 36.7437,NsigMRS = 2238.24 +/- 49.1417,am = 3.84894 +/- 0.030511,bm = -8.37396 +/- 0.0363115,cm = 15.7268 +/- 0.259866,dm0 = 139.471 +/- 0.0424791)
RooAddPdf::modelMRS[ NsigMRS * modelSig + NbkgMRS * modelBkg ]
     getLogVal() top-level p.d.f evaluates to zero @ !refCoefNorm=(), !pdfs=(modelSig = 0/2073,modelBkg = 0/0.197237), !coefficients=(NsigMRS = 2238.24 +/- 49.1417,NbkgMRS = 939.666 +/- 36.7437)

[#0] WARNING:Minization -- RooMinuitGlue: Minimized function has error status.
Returning maximum FCN so far (-30542.6) to force MIGRAD to back out of this region. Error log follows
Parameter values: NbkgMRS=939.666, NbkgPRS=875.01, NsigMRS=2238.48, NsigPRS=2171.92, am=3.84894, bm=-8.37396, cm=15.7268, dm0=139.471
RooAddition::nll[ nll_modelPRS_dataPRS + nll_modelMRS_dataMRS ]
     function value is NAN @ !set=(nll_modelPRS_dataPRS = -14913.6,nll_modelMRS_dataMRS = -nan)
RooNLLVar::nll_modelMRS_dataMRS[ paramSet=(NbkgMRS,NsigMRS,am,bm,cm,dm0) ]
     function value is NAN @ paramSet=(NbkgMRS = 939.666 +/- 36.7437,NsigMRS = 2238.48 +/- 49.1417,am = 3.84894 +/- 0.030511,bm = -8.37396 +/- 0.0363115,cm = 15.7268 +/- 0.259866,dm0 = 139.471 +/- 0.0424791)
RooAddPdf::modelMRS[ NsigMRS * modelSig + NbkgMRS * modelBkg ]
     getLogVal() top-level p.d.f evaluates to zero @ !refCoefNorm=(), !pdfs=(modelSig = 0/2073,modelBkg = 0/0.197237), !coefficients=(NsigMRS = 2238.48 +/- 49.1417,NbkgMRS = 939.666 +/- 36.7437)

[#0] WARNING:Minization -- RooMinuitGlue: Minimized function has error status.
Returning maximum FCN so far (-30542.6) to force MIGRAD to back out of this region. Error log follows
Parameter values: NbkgMRS=939.666, NbkgPRS=875.01, NsigMRS=2238.24, NsigPRS=2160.71, am=3.84894, bm=-8.37396, cm=15.7268, dm0=139.471
RooAddition::nll[ nll_modelPRS_dataPRS + nll_modelMRS_dataMRS ]
     function value is NAN @ !set=(nll_modelPRS_dataPRS = -14913.6,nll_modelMRS_dataMRS = -nan)
RooNLLVar::nll_modelMRS_dataMRS[ paramSet=(NbkgMRS,NsigMRS,am,bm,cm,dm0) ]
     function value is NAN @ paramSet=(NbkgMRS = 939.666 +/- 36.7437,NsigMRS = 2238.24 +/- 49.1417,am = 3.84894 +/- 0.030511,bm = -8.37396 +/- 0.0363115,cm = 15.7268 +/- 0.259866,dm0 = 139.471 +/- 0.0424791)
RooAddPdf::modelMRS[ NsigMRS * modelSig + NbkgMRS * modelBkg ]
     getLogVal() top-level p.d.f evaluates to zero @ !refCoefNorm=(), !pdfs=(modelSig = 0/2073,modelBkg = 0/0.197237), !coefficients=(NsigMRS = 2238.24 +/- 49.1417,NbkgMRS = 939.666 +/- 36.7437)

[#0] WARNING:Minization -- RooMinuitGlue: Minimized function has error status.
Returning maximum FCN so far (-30542.6) to force MIGRAD to back out of this region. Error log follows
Parameter values: NbkgMRS=939.666, NbkgPRS=875.01, NsigMRS=2238.24, NsigPRS=2171.92, am=3.84896, bm=-8.37396, cm=15.7268, dm0=139.471
RooAddition::nll[ nll_modelPRS_dataPRS + nll_modelMRS_dataMRS ]
     function value is NAN @ !set=(nll_modelPRS_dataPRS = -14913.6,nll_modelMRS_dataMRS = -nan)
RooNLLVar::nll_modelMRS_dataMRS[ paramSet=(NbkgMRS,NsigMRS,am,bm,cm,dm0) ]
     function value is NAN @ paramSet=(NbkgMRS = 939.666 +/- 36.7437,NsigMRS = 2238.24 +/- 49.1417,am = 3.84896 +/- 0.030511,bm = -8.37396 +/- 0.0363115,cm = 15.7268 +/- 0.259866,dm0 = 139.471 +/- 0.0424791)
RooAddPdf::modelMRS[ NsigMRS * modelSig + NbkgMRS * modelBkg ]
     getLogVal() top-level p.d.f evaluates to zero @ !refCoefNorm=(), !pdfs=(modelSig = 0/2073,modelBkg = 0/0.197257), !coefficients=(NsigMRS = 2238.24 +/- 49.1417,NbkgMRS = 939.666 +/- 36.7437)

[#0] WARNING:Minization -- RooMinuitGlue: Minimized function has error status.
Returning maximum FCN so far (-30542.6) to force MIGRAD to back out of this region. Error log follows
Parameter values: NbkgMRS=939.666, NbkgPRS=875.01, NsigMRS=2238.24, NsigPRS=2171.92, am=3.84894, bm=-8.37394, cm=15.7268, dm0=139.471
RooAddition::nll[ nll_modelPRS_dataPRS + nll_modelMRS_dataMRS ]
     function value is NAN @ !set=(nll_modelPRS_dataPRS = -14913.6,nll_modelMRS_dataMRS = -nan)
RooNLLVar::nll_modelMRS_dataMRS[ paramSet=(NbkgMRS,NsigMRS,am,bm,cm,dm0) ]
     function value is NAN @ paramSet=(NbkgMRS = 939.666 +/- 36.7437,NsigMRS = 2238.24 +/- 49.1417,am = 3.84894 +/- 0.030511,bm = -8.37394 +/- 0.0363115,cm = 15.7268 +/- 0.259866,dm0 = 139.471 +/- 0.0424791)
RooAddPdf::modelMRS[ NsigMRS * modelSig + NbkgMRS * modelBkg ]
     getLogVal() top-level p.d.f evaluates to zero @ !refCoefNorm=(), !pdfs=(modelSig = 0/2073,modelBkg = 0/0.197268), !coefficients=(NsigMRS = 2238.24 +/- 49.1417,NbkgMRS = 939.666 +/- 36.7437)

[#0] WARNING:Minization -- RooMinuitGlue: Minimized function has error status.
Returning maximum FCN so far (-30542.6) to force MIGRAD to back out of this region. Error log follows
Parameter values: NbkgMRS=939.666, NbkgPRS=875.01, NsigMRS=2238.24, NsigPRS=2171.92, am=3.84894, bm=-8.37396, cm=15.7269, dm0=139.471
RooAddition::nll[ nll_modelPRS_dataPRS + nll_modelMRS_dataMRS ]
     function value is NAN @ !set=(nll_modelPRS_dataPRS = -14913.6,nll_modelMRS_dataMRS = -nan)
RooNLLVar::nll_modelMRS_dataMRS[ paramSet=(NbkgMRS,NsigMRS,am,bm,cm,dm0) ]
     function value is NAN @ paramSet=(NbkgMRS = 939.666 +/- 36.7437,NsigMRS = 2238.24 +/- 49.1417,am = 3.84894 +/- 0.030511,bm = -8.37396 +/- 0.0363115,cm = 15.7269 +/- 0.259866,dm0 = 139.471 +/- 0.0424791)
RooAddPdf::modelMRS[ NsigMRS * modelSig + NbkgMRS * modelBkg ]
     getLogVal() top-level p.d.f evaluates to zero @ !refCoefNorm=(), !pdfs=(modelSig = 0/2073,modelBkg = 0/0.197195), !coefficients=(NsigMRS = 2238.24 +/- 49.1417,NbkgMRS = 939.666 +/- 36.7437)

 COVARIANCE MATRIX CALCULATED SUCCESSFULLY
 FCN=-30562.3 FROM HESSE     STATUS=OK             75 CALLS         683 TOTAL
                     EDM=0.00134446    STRATEGY= 1      ERROR MATRIX ACCURATE 
  EXT PARAMETER                                INTERNAL      INTERNAL  
  NO.   NAME      VALUE            ERROR       STEP SIZE       VALUE   
   1  NbkgMRS      9.39666e+02   3.76816e+01   1.96817e-03  -4.62411e-01
   2  NbkgPRS      8.75010e+02   1.34023e+02   5.00000e-01  -1.55357e+00
   3  NsigMRS      2.23824e+03   4.99573e+01   2.72883e-03   4.64295e-01
   4  NsigPRS      2.17192e+03   1.61658e+02   5.00000e-01   1.54938e+00
   5  am           3.84894e+00   5.90490e-02   2.07206e-06   3.95093e-01
   6  bm          -8.37396e+00   1.75678e-01   2.25316e-06   1.63329e-01
   7  cm           1.57268e+01   6.68766e-01   1.28028e-06  -8.55628e-01
   8  dm0          1.39315e+02   3.13405e-02   1.55499e-02  -6.85197e-02
                               ERR DEF= 0.5
 EXTERNAL ERROR MATRIX.    NDIM=  25    NPAR=  8    ERR DEF=0.5
  1.513e+03  4.380e+00 -5.724e+02  4.827e+00  2.713e-01  9.165e-01  4.997e+00  1.097e-02 
  4.380e+00  4.733e+00 -4.373e+00  1.631e+00  1.185e-02  4.030e-02  2.187e-01  3.900e-03 
 -5.724e+02 -4.373e+00  2.810e+03 -4.819e+00 -2.710e-01 -9.153e-01 -4.991e+00 -1.049e-02 
  4.827e+00  1.631e+00 -4.819e+00  1.461e+01  1.306e-02  4.443e-02  2.411e-01  4.485e-03 
  2.713e-01  1.185e-02 -2.710e-01  1.306e-02  3.487e-03 -3.088e-03  3.818e-03  1.900e-05 
  9.165e-01  4.030e-02 -9.153e-01  4.443e-02 -3.088e-03  3.087e-02  1.082e-01  1.854e-04 
  4.997e+00  2.187e-01 -4.991e+00  2.411e-01  3.818e-03  1.082e-01  4.473e-01  8.270e-04 
  1.097e-02  3.900e-03 -1.049e-02  4.485e-03  1.900e-05  1.854e-04  8.270e-04  9.822e-04 
 PARAMETER  CORRELATION COEFFICIENTS  
       NO.  GLOBAL      1      2      3      4      5      6      7      8
        1  0.35011   1.000  0.052 -0.278  0.032  0.118  0.134  0.192  0.009
        2  0.26623   0.052  1.000 -0.038  0.196  0.092  0.105  0.150  0.057
        3  0.30404  -0.278 -0.038  1.000 -0.024 -0.087 -0.098 -0.141 -0.006
        4  0.21585   0.032  0.196 -0.024  1.000  0.058  0.066  0.094  0.037
        5  0.99777   0.118  0.092 -0.087  0.058  1.000 -0.298  0.097  0.010
        6  0.99966   0.134  0.105 -0.098  0.066 -0.298  1.000  0.921  0.034
        7  0.99963   0.192  0.150 -0.141  0.094  0.097  0.921  1.000  0.039
        8  0.06971   0.009  0.057 -0.006  0.037  0.010  0.034  0.039  1.000
76 ; 0.67722 ; 2.42691
[#1] INFO:Plotting -- RooAbsPdf::plotOn(modelMRS) directly selected PDF components: (modelBkg)
[#1] INFO:Plotting -- RooAbsPdf::plotOn(modelMRS) indirectly selected PDF components: ()
[#1] INFO:NumericIntegration -- RooRealIntegral::init(modelBkg_Int[x]) using numeric integrator RooIntegrator1D to calculate Int(x)
[#1] INFO:Plotting -- RooAbsPdf::plotOn(modelMRS) directly selected PDF components: (modelSig)
[#1] INFO:Plotting -- RooAbsPdf::plotOn(modelMRS) indirectly selected PDF components: ()
[#1] INFO:NumericIntegration -- RooRealIntegral::init(modelBkg_Int[x]) using numeric integrator RooIntegrator1D to calculate Int(x)
[#1] INFO:NumericIntegration -- RooRealIntegral::init(modelBkg_Int[x]) using numeric integrator RooIntegrator1D to calculate Int(x)
[#1] INFO:Plotting -- RooAbsPdf::plotOn(modelPRS) directly selected PDF components: (modelBkg)
[#1] INFO:Plotting -- RooAbsPdf::plotOn(modelPRS) indirectly selected PDF components: ()
[#1] INFO:NumericIntegration -- RooRealIntegral::init(modelBkg_Int[x]) using numeric integrator RooIntegrator1D to calculate Int(x)
[#1] INFO:Plotting -- RooAbsPdf::plotOn(modelPRS) directly selected PDF components: (modelSig)
[#1] INFO:Plotting -- RooAbsPdf::plotOn(modelPRS) indirectly selected PDF components: ()
[#1] INFO:NumericIntegration -- RooRealIntegral::init(modelBkg_Int[x]) using numeric integrator RooIntegrator1D to calculate Int(x)
[#1] INFO:NumericIntegration -- RooRealIntegral::init(modelBkg_Int[x]) using numeric integrator RooIntegrator1D to calculate Int(x)
PRS chi2: 0.537257 ; MPS chi2: 2.29173
