   ------------------------------------------------------------------
  | Welcome to ROOT 6.24/08                        https://root.cern |
  | (c) 1995-2021, The ROOT Team; conception: R. Brun, F. Rademakers |
  | Built for linuxx8664gcc on Sep 29 2022, 13:04:57                 |
  | From tags/v6-24-08@v6-24-08                                      |
  | With c++ (GCC) 4.8.5 20150623 (Red Hat 4.8.5-44)                 |
  | Try '.help', '.demo', '.license', '.credits', '.quit'/'.q'       |
   ------------------------------------------------------------------


Processing full.C(0,6,"Down","2018")...

[1mRooFit v3.60 -- Developed by Wouter Verkerke and David Kirkby[0m 
                Copyright (C) 2000-2013 NIKHEF, University of California & Stanford University
                All rights reserved, please read http://roofit.sourceforge.net/license.txt

-------------------------
Set LHCb Style - May 2021
-------------------------
../fulltempt/PARAMs/FullMom_0_6.txt
../../../../selection/promptD/results/2018MagDownFullRS.root/DecayTree
[#0] WARNING:InputArguments -- The parameter 'sigma3' with range [0, 50] of the RooGaussian 'sig_pdf2' exceeds the safe range of (0, inf). Advise to limit its range.
[#0] ERROR:Integration --  RooNumIntFactory::Init : libRooFitMore cannot be loaded. GSL integrators will not beavailable ! 
[#1] INFO:NumericIntegration -- RooRealIntegral::init(modelBkg_Int[x]) using numeric integrator RooIntegrator1D to calculate Int(x)
[#1] INFO:NumericIntegration -- RooRealIntegral::init(modelBkg_Int[x]) using numeric integrator RooIntegrator1D to calculate Int(x)
[#1] INFO:NumericIntegration -- RooRealIntegral::init(modelBkg_Int[x]) using numeric integrator RooIntegrator1D to calculate Int(x)
[#1] INFO:NumericIntegration -- RooRealIntegral::init(modelBkg_Int[x]) using numeric integrator RooIntegrator1D to calculate Int(x)
[#1] INFO:Fitting -- RooAddition::defaultErrorLevel(nll) Summation contains a RooNLLVar, using its error level
 **********
 **   13 **MIGRAD        6000           1
 **********
 FIRST CALL TO USER FUNCTION AT NEW START POINT, WITH IFLAG=4.
 START MIGRAD MINIMIZATION.  STRATEGY  1.  CONVERGENCE WHEN EDM .LT. 1.00e-03
 FCN=-7678.16 FROM MIGRAD    STATUS=INITIATE      124 CALLS         125 TOTAL
                     EDM= unknown      STRATEGY= 1      NO ERROR MATRIX       
  EXT PARAMETER               CURRENT GUESS       STEP         FIRST   
  NO.   NAME      VALUE            ERROR          SIZE      DERIVATIVE 
   1  NbkgMRS      1.11200e+02   5.56000e+01   0.00000e+00  -6.55617e+02
   2  NbkgPRS      1.06700e+02   5.33500e+01   0.00000e+00  -4.75789e+02
   3  NsigMRS      7.80708e+02   5.56000e+01   0.00000e+00  -1.01376e+00
   4  NsigPRS      9.60300e+02   5.33500e+01   0.00000e+00   5.28404e+01
   5  am           1.10000e+01   3.00000e+00   0.00000e+00  -7.57986e+02
   6  bm          -2.40000e+01   5.00000e+00   0.00000e+00  -3.10329e+02
   7  cm           4.00000e-01   5.20000e+00   0.00000e+00  -8.62037e+02
   8  coeffsig     9.00000e-01   5.00000e-02   0.00000e+00   3.78918e+02
   9  dm0          1.39007e+02   2.00000e+00  -3.94161e-02  -3.67373e+00
  10  mean         1.45400e+02   2.10000e+00   0.00000e+00   1.20111e+03
  11  sigma1       6.00000e-01   3.00000e-01   0.00000e+00  -4.61386e+02
  12  sigma2       7.00000e-01   3.50000e-01   0.00000e+00  -4.15189e+01
                               ERR DEF= 0.5
 MIGRAD MINIMIZATION HAS CONVERGED.
 FCN=-8051.34 FROM MIGRAD    STATUS=CONVERGED     730 CALLS         731 TOTAL
                     EDM=3.57912e-05    STRATEGY= 1  ERROR MATRIX UNCERTAINTY   4.1 per cent
  EXT PARAMETER                                   STEP         FIRST   
  NO.   NAME      VALUE            ERROR          SIZE      DERIVATIVE 
   1  NbkgMRS      4.48265e+02   2.30917e+01   7.16517e-05  -1.08928e-01
   2  NbkgPRS      3.63463e+02   2.77476e+01   6.36875e-05   8.69804e-03
   3  NsigMRS      6.63713e+02   3.21250e+01  -5.05084e-05   5.34113e-02
   4  NsigPRS      7.03604e+02   3.33919e+01   5.63353e-06  -4.16867e-02
   5  am           1.14934e+01   1.72657e-01  -3.71815e-05   9.93875e-02
   6  bm          -2.48308e+01   6.92793e-01  -3.79174e-05  -3.12864e-01
   7  cm           5.88730e-01   2.14757e-01   1.51656e-05  -2.28559e-01
   8  coeffsig     8.63096e-01   3.30326e-02   2.20603e-04   2.39952e-03
   9  dm0          1.39288e+02   4.72277e-02  -3.94749e-05   3.55109e-02
  10  mean         1.45354e+02   4.95445e-02  -2.89860e-06  -1.80407e+00
  11  sigma1       5.57466e-01   3.98701e-02   1.29331e-05   3.45910e-01
  12  sigma2       6.55947e-01   4.08624e-02   1.14121e-05  -4.76408e-01
                               ERR DEF= 0.5
 EXTERNAL ERROR MATRIX.    NDIM=  28    NPAR= 12    ERR DEF=0.5
 ELEMENTS ABOVE DIAGONAL ARE NOT PRINTED.
  5.335e+02 
  2.898e+02  7.707e+02 
 -2.956e+02 -3.014e+02  1.033e+03 
  2.180e+02  4.318e+02 -2.237e+02  1.117e+03 
 -1.732e+00 -1.530e+00  1.660e+00 -1.486e+00  2.981e-02 
 -8.763e+00 -9.499e+00  9.066e+00 -9.369e+00  1.988e-02  4.801e-01 
  2.221e+00  2.066e+00 -2.123e+00  1.866e+00 -1.799e-02 -8.698e-02  4.612e-02 
  4.017e-01  5.289e-01 -5.010e-01  5.013e-01 -2.532e-03 -1.097e-02  2.504e-03  1.095e-03 
 -1.264e-01 -1.060e-01  8.699e-02 -5.063e-02  2.124e-03  3.054e-03 -3.719e-03 -1.744e-04  2.230e-03 
  1.128e-02  6.892e-02  9.502e-03 -3.363e-02 -3.606e-03  1.173e-02 -4.554e-04  8.378e-05  6.677e-05  2.455e-03 
 -2.502e-02  1.969e-02 -2.359e-02  1.828e-02 -2.725e-03  1.062e-02 -6.749e-04  2.229e-04 -1.785e-05  1.614e-03  1.590e-03 
 -2.009e-02  2.254e-02 -1.620e-02  4.877e-02  2.195e-03 -1.025e-02  3.387e-04  2.315e-04 -2.994e-05 -1.573e-03 -8.140e-04 
 -2.009e-02  2.254e-02 -1.620e-02  4.877e-02  2.195e-03 -1.025e-02  3.387e-04  2.315e-04 -2.994e-05 -1.573e-03 -8.140e-04  1.670e-03 
 PARAMETER  CORRELATION COEFFICIENTS  
       NO.  GLOBAL      1      2      3      4      5      6      7      8      9     10     11     12
        1  0.70053   1.000  0.452 -0.398  0.282 -0.434 -0.548  0.448  0.526 -0.116  0.010 -0.027 -0.021
        2  0.67218   0.452  1.000 -0.338  0.465 -0.319 -0.494  0.347  0.576 -0.081  0.050  0.018  0.020
        3  0.55877  -0.398 -0.338  1.000 -0.208  0.299  0.407 -0.308 -0.471  0.057  0.006 -0.018 -0.012
        4  0.57556   0.282  0.465 -0.208  1.000 -0.258 -0.405  0.260  0.453 -0.032 -0.020  0.014  0.036
        5  0.74215  -0.434 -0.319  0.299 -0.258  1.000  0.166 -0.485 -0.443  0.261 -0.422 -0.396  0.311
        6  0.84131  -0.548 -0.494  0.407 -0.405  0.166  1.000 -0.585 -0.479  0.093  0.342  0.385 -0.362
        7  0.74632   0.448  0.347 -0.308  0.260 -0.485 -0.585  1.000  0.352 -0.367 -0.043 -0.079  0.039
        8  0.78977   0.526  0.576 -0.471  0.453 -0.443 -0.479  0.352  1.000 -0.112  0.051  0.169  0.171
        9  0.42762  -0.116 -0.081  0.057 -0.032  0.261  0.093 -0.367 -0.112  1.000  0.029 -0.009 -0.016
       10  0.92911   0.010  0.050  0.006 -0.020 -0.422  0.342 -0.043  0.051  0.029  1.000  0.817 -0.777
       11  0.87708  -0.027  0.018 -0.018  0.014 -0.396  0.385 -0.079  0.169 -0.009  0.817  1.000 -0.500
       12  0.85799  -0.021  0.020 -0.012  0.036  0.311 -0.362  0.039  0.171 -0.016 -0.777 -0.500  1.000
 **********
 **   18 **HESSE        6000
 **********
 COVARIANCE MATRIX CALCULATED SUCCESSFULLY
 FCN=-8051.34 FROM HESSE     STATUS=OK            125 CALLS         856 TOTAL
                     EDM=0.000831447    STRATEGY= 1      ERROR MATRIX ACCURATE 
  EXT PARAMETER                                INTERNAL      INTERNAL  
  NO.   NAME      VALUE            ERROR       STEP SIZE       VALUE   
   1  NbkgMRS      4.48265e+02   3.53097e+01   2.72110e-03  -1.95002e-01
   2  NbkgPRS      3.63463e+02   3.18002e+01   2.67367e-03  -3.24378e-01
   3  NsigMRS      6.63713e+02   3.82412e+01   3.17060e-03   1.94962e-01
   4  NsigPRS      7.03604e+02   3.67826e+01   3.46948e-03  -3.46610e+00
   5  am           1.14934e+01   5.27929e-01   7.34022e-04   4.47700e-01
   6  bm          -2.48308e+01   1.54108e+00   1.43115e-03   6.76756e-03
   7  cm           5.88730e-01   2.48063e-01   1.92265e-04  -1.11783e+00
   8  coeffsig     8.63096e-01   4.16939e-02   3.72668e-03   8.12765e-01
   9  dm0          1.39288e+02   8.72371e-02   3.80057e-04  -7.12920e-02
  10  mean         1.45354e+02   5.16002e-02   1.32032e-04  -3.04269e-01
  11  sigma1       5.57466e-01   4.06568e-02   5.92420e-04  -1.09408e+00
  12  sigma2       6.55947e-01   4.12405e-02   5.87591e-04  -1.05280e+00
                               ERR DEF= 0.5
 EXTERNAL ERROR MATRIX.    NDIM=  28    NPAR= 12    ERR DEF=0.5
 ELEMENTS ABOVE DIAGONAL ARE NOT PRINTED.
  1.249e+03 
  5.760e+02  1.013e+03 
 -8.004e+02 -5.762e+02  1.465e+03 
  5.773e+02  6.505e+02 -5.776e+02  1.355e+03 
 -1.026e+01 -9.048e+00  1.027e+01 -9.069e+00  2.789e-01 
  1.344e+01  1.156e+01 -1.345e+01  1.159e+01 -6.536e-01  2.378e+00 
  3.313e+00  2.948e+00 -3.314e+00  2.955e+00 -4.528e-02 -4.212e-02  6.154e-02 
  9.985e-01  8.928e-01 -9.991e-01  8.949e-01 -1.369e-02  1.847e-02  3.911e-03  1.747e-03 
 -5.353e-01 -4.305e-01  5.354e-01 -4.315e-01  1.086e-02 -2.184e-03 -1.284e-02 -6.626e-04  7.610e-03 
 -4.654e-03 -1.998e-02  4.654e-03 -2.003e-02  1.573e-04  1.153e-04 -3.964e-04 -1.163e-07  9.183e-07  2.663e-03 
  3.235e-02  1.020e-02 -3.248e-02  1.025e-02 -4.420e-04  3.032e-03 -7.306e-04  2.463e-04  2.370e-05  1.676e-03  1.653e-03 
  1.197e-01  1.304e-01 -1.199e-01  1.308e-01 -1.195e-03  4.540e-05  5.043e-04  3.919e-04 -7.908e-05 -1.624e-03 -8.047e-04 
  1.197e-01  1.304e-01 -1.199e-01  1.308e-01 -1.195e-03  4.540e-05  5.043e-04  3.919e-04 -7.908e-05 -1.624e-03 -8.047e-04  1.701e-03 
 PARAMETER  CORRELATION COEFFICIENTS  
       NO.  GLOBAL      1      2      3      4      5      6      7      8      9     10     11     12
        1  0.73513   1.000  0.512 -0.592  0.444 -0.550  0.247  0.378  0.676 -0.174 -0.003  0.023  0.082
        2  0.72789   0.512  1.000 -0.473  0.555 -0.538  0.236  0.373  0.671 -0.155 -0.012  0.008  0.099
        3  0.68424  -0.592 -0.473  1.000 -0.410  0.508 -0.228 -0.349 -0.625  0.160  0.002 -0.021 -0.076
        4  0.63915   0.444  0.555 -0.410  1.000 -0.466  0.204  0.324  0.582 -0.134 -0.011  0.007  0.086
        5  0.95294  -0.550 -0.538  0.508 -0.466  1.000 -0.803 -0.346 -0.620  0.236  0.006 -0.021 -0.055
        6  0.92735   0.247  0.236 -0.228  0.204 -0.803  1.000 -0.110  0.287 -0.016  0.001  0.048  0.001
        7  0.81824   0.378  0.373 -0.349  0.324 -0.346 -0.110  1.000  0.377 -0.593 -0.031 -0.072  0.049
        8  0.86903   0.676  0.671 -0.625  0.582 -0.620  0.287  0.377  1.000 -0.182 -0.000  0.145  0.227
        9  0.61346  -0.174 -0.155  0.160 -0.134  0.236 -0.016 -0.593 -0.182  1.000  0.000  0.007 -0.022
       10  0.91042  -0.003 -0.012  0.002 -0.011  0.006  0.001 -0.031 -0.000  0.000  1.000  0.799 -0.763
       11  0.84196   0.023  0.008 -0.021  0.007 -0.021  0.048 -0.072  0.145  0.007  0.799  1.000 -0.480
       12  0.82218   0.082  0.099 -0.076  0.086 -0.055  0.001  0.049  0.227 -0.022 -0.763 -0.480  1.000
72 ; 0.976663 ; 1.47042
[#1] INFO:Plotting -- RooAbsPdf::plotOn(modelMRS) directly selected PDF components: (modelBkg)
[#1] INFO:Plotting -- RooAbsPdf::plotOn(modelMRS) indirectly selected PDF components: ()
[#1] INFO:NumericIntegration -- RooRealIntegral::init(modelBkg_Int[x]) using numeric integrator RooIntegrator1D to calculate Int(x)
[#1] INFO:Plotting -- RooAbsPdf::plotOn(modelMRS) directly selected PDF components: (modelSig)
[#1] INFO:Plotting -- RooAbsPdf::plotOn(modelMRS) indirectly selected PDF components: (sig_pdf1,sig_pdf2)
[#1] INFO:NumericIntegration -- RooRealIntegral::init(modelBkg_Int[x]) using numeric integrator RooIntegrator1D to calculate Int(x)
[#1] INFO:NumericIntegration -- RooRealIntegral::init(modelBkg_Int[x]) using numeric integrator RooIntegrator1D to calculate Int(x)
[#1] INFO:Plotting -- RooAbsPdf::plotOn(modelPRS) directly selected PDF components: (modelBkg)
[#1] INFO:Plotting -- RooAbsPdf::plotOn(modelPRS) indirectly selected PDF components: ()
[#1] INFO:NumericIntegration -- RooRealIntegral::init(modelBkg_Int[x]) using numeric integrator RooIntegrator1D to calculate Int(x)
[#1] INFO:Plotting -- RooAbsPdf::plotOn(modelPRS) directly selected PDF components: (modelSig)
[#1] INFO:Plotting -- RooAbsPdf::plotOn(modelPRS) indirectly selected PDF components: (sig_pdf1,sig_pdf2)
[#1] INFO:NumericIntegration -- RooRealIntegral::init(modelBkg_Int[x]) using numeric integrator RooIntegrator1D to calculate Int(x)
[#1] INFO:NumericIntegration -- RooRealIntegral::init(modelBkg_Int[x]) using numeric integrator RooIntegrator1D to calculate Int(x)
PRS chi2: 0.666972 ; MPS chi2: 1.12138
