   ------------------------------------------------------------------
  | Welcome to ROOT 6.24/08                        https://root.cern |
  | (c) 1995-2021, The ROOT Team; conception: R. Brun, F. Rademakers |
  | Built for linuxx8664gcc on Sep 29 2022, 13:04:57                 |
  | From tags/v6-24-08@v6-24-08                                      |
  | With c++ (GCC) 4.8.5 20150623 (Red Hat 4.8.5-44)                 |
  | Try '.help', '.demo', '.license', '.credits', '.quit'/'.q'       |
   ------------------------------------------------------------------


Processing full.C(5,2,"Up","2017")...

[1mRooFit v3.60 -- Developed by Wouter Verkerke and David Kirkby[0m 
                Copyright (C) 2000-2013 NIKHEF, University of California & Stanford University
                All rights reserved, please read http://roofit.sourceforge.net/license.txt

-------------------------
Set LHCb Style - May 2021
-------------------------
../fulltempt/PARAMs/FullMom_5_2.txt
../../../../selection/promptD/results/2017MagUpFullRS.root/DecayTree
[#0] WARNING:InputArguments -- The parameter 'sigma3' with range [0, 10] of the RooGaussian 'sig_pdf2' exceeds the safe range of (0, inf). Advise to limit its range.
[#0] ERROR:Integration --  RooNumIntFactory::Init : libRooFitMore cannot be loaded. GSL integrators will not beavailable ! 
[#1] INFO:NumericIntegration -- RooRealIntegral::init(modelBkg_Int[x]) using numeric integrator RooIntegrator1D to calculate Int(x)
[#1] INFO:NumericIntegration -- RooRealIntegral::init(modelBkg_Int[x]) using numeric integrator RooIntegrator1D to calculate Int(x)
[#1] INFO:NumericIntegration -- RooRealIntegral::init(modelBkg_Int[x]) using numeric integrator RooIntegrator1D to calculate Int(x)
[#1] INFO:NumericIntegration -- RooRealIntegral::init(modelBkg_Int[x]) using numeric integrator RooIntegrator1D to calculate Int(x)
[#1] INFO:Fitting -- RooAddition::defaultErrorLevel(nll) Summation contains a RooNLLVar, using its error level
 **********
 **   13 **MIGRAD        6500           1
 **********
 FIRST CALL TO USER FUNCTION AT NEW START POINT, WITH IFLAG=4.
 START MIGRAD MINIMIZATION.  STRATEGY  1.  CONVERGENCE WHEN EDM .LT. 1.00e-03
 FCN=-9805.97 FROM MIGRAD    STATUS=INITIATE       48 CALLS          49 TOTAL
                     EDM= unknown      STRATEGY= 1      NO ERROR MATRIX       
  EXT PARAMETER               CURRENT GUESS       STEP         FIRST   
  NO.   NAME      VALUE            ERROR          SIZE      DERIVATIVE 
   1  NbkgMRS      1.35200e+02   6.76000e+01   1.72186e-01  -5.95196e+02
   2  NbkgPRS      1.22700e+02   6.13500e+01   1.72186e-01  -4.24015e+02
   3  NsigMRS      1.21680e+03   6.76000e+01   1.72186e-01   6.61195e+01
   4  NsigPRS      1.10430e+03   6.13500e+01   1.72186e-01   4.71005e+01
   5  am           1.00000e+00   2.00000e+00   2.02430e-01  -5.24139e+01
   6  bm          -1.30000e+00   6.50000e-01   1.36292e-01  -2.12278e+01
   7  cm           4.00000e+00   7.00000e+00   1.38147e-01  -2.72333e+02
   8  coeffsig     1.00000e-01   5.00000e-02   1.72186e-01   1.29219e+01
   9  dm0          1.39400e+02   2.00000e+00   2.01742e-01   1.44193e+02
  10  mean         1.45500e+02   2.10000e+00   2.10680e-01  -3.84045e+02
  11  sigma1       5.00000e-01   2.50000e-01   1.18625e-01  -8.31991e+00
  12  sigma2       5.00000e-01   2.50000e-01   1.18625e-01  -1.22990e+01
  13  sigma3       1.10000e+00   5.50000e-01   1.81568e-01  -9.10166e+02
                               ERR DEF= 0.5
 MIGRAD FAILS TO FIND IMPROVEMENT
 MIGRAD MINIMIZATION HAS CONVERGED.
 FCN=-10097.2 FROM MIGRAD    STATUS=CONVERGED    1034 CALLS        1035 TOTAL
                     EDM=0.000238522    STRATEGY= 1  ERROR MATRIX UNCERTAINTY   5.0 per cent
  EXT PARAMETER                                   STEP         FIRST   
  NO.   NAME      VALUE            ERROR          SIZE      DERIVATIVE 
   1  NbkgMRS      4.36463e+02   2.61452e+01   0.00000e+00  -8.88854e-03
   2  NbkgPRS      3.37846e+02   2.33583e+01  -0.00000e+00   8.66528e-02
   3  NsigMRS      9.15612e+02   3.40809e+01  -0.00000e+00   5.28748e-02
   4  NsigPRS      8.89354e+02   3.41015e+01  -0.00000e+00   8.82752e-02
   5  am           1.48905e+00   1.51119e+00  -0.00000e+00   3.13185e-02
   6  bm          -1.99062e-01   3.31350e-01  -0.00000e+00  -2.79008e-02
   7  cm           2.66654e+00   1.00529e+00   0.00000e+00  -3.71119e-02
   8  coeffsig     7.04412e-01   1.75205e-01  -0.00000e+00   3.94351e-03
   9  dm0          1.38938e+02   1.23958e-01  -0.00000e+00   7.69848e-01
  10  mean         1.45396e+02   8.11591e-02   0.00000e+00   2.35675e+00
  11  sigma1       7.35208e-01   1.03839e-01  -0.00000e+00  -3.92960e-01
  12  sigma2       9.68611e-01   9.74882e-02  -0.00000e+00   5.85328e-01
  13  sigma3       1.34680e+00   2.69771e-01  -0.00000e+00   1.47395e-01
                               ERR DEF= 0.5
 EXTERNAL ERROR MATRIX.    NDIM=  28    NPAR= 13    ERR DEF=0.5
 ELEMENTS ABOVE DIAGONAL ARE NOT PRINTED.
  6.840e+02 
  1.142e+02  5.459e+02 
 -2.885e+02 -1.667e+02  1.163e+03 
 -1.771e+02 -2.477e+02  1.647e+02  1.164e+03 
 -5.967e+00 -4.866e+00  3.524e+00  1.040e+00  2.302e+00 
 -1.958e+00 -2.300e+00  2.570e+00  2.879e+00  1.429e-01  1.108e-01 
 -2.481e+00 -2.179e+00  4.398e+00  5.710e+00 -1.072e+00 -5.651e-02  1.011e+00 
 -1.128e+00 -1.550e+00  1.158e+00  1.275e+00  1.051e-01  3.729e-02 -3.271e-02  3.234e-02 
  2.017e-01  2.519e-01 -4.361e-01 -5.767e-01  7.611e-02  3.490e-03 -7.695e-02 -5.492e-04  1.537e-02 
 -2.150e-01 -1.483e-01  1.395e-01  8.212e-02  6.604e-02  2.884e-03 -3.211e-02 -4.985e-04  1.783e-03  6.587e-03 
 -6.180e-01 -7.083e-01  6.314e-01  6.269e-01  9.663e-02  1.699e-02 -3.952e-02  1.342e-02  8.272e-04  4.886e-03  1.079e-02 
  2.597e-01  1.867e-03 -1.986e-01 -4.159e-02 -5.909e-02  1.463e-05  2.550e-02  4.012e-03 -2.427e-03 -6.788e-03 -2.754e-03 
  2.597e-01  1.867e-03 -1.986e-01 -4.159e-02 -5.909e-02  1.463e-05  2.550e-02  4.012e-03 -2.427e-03 -6.788e-03 -2.754e-03  9.507e-03 
 -2.733e+00 -2.867e+00  2.912e+00  2.816e+00  1.632e-01  6.129e-02 -1.822e-02  4.166e-02 -7.617e-04  3.888e-03  1.903e-02 
 -2.733e+00 -2.867e+00  2.912e+00  2.816e+00  1.632e-01  6.129e-02 -1.822e-02  4.166e-02 -7.617e-04  3.888e-03  1.903e-02 -2.521e-03  7.293e-02 
 PARAMETER  CORRELATION COEFFICIENTS  
       NO.  GLOBAL      1      2      3      4      5      6      7      8      9     10     11     12     13
        1  0.48685   1.000  0.187 -0.324 -0.198 -0.150 -0.225 -0.094 -0.240  0.062 -0.101 -0.228  0.102 -0.387
        2  0.52151   0.187  1.000 -0.209 -0.311 -0.137 -0.296 -0.093 -0.369  0.087 -0.078 -0.292  0.001 -0.454
        3  0.44334  -0.324 -0.209  1.000  0.142  0.068  0.226  0.128  0.189 -0.103  0.050  0.178 -0.060  0.316
        4  0.43007  -0.198 -0.311  0.142  1.000  0.020  0.253  0.166  0.208 -0.136  0.030  0.177 -0.012  0.306
        5  0.83035  -0.150 -0.137  0.068  0.020  1.000  0.283 -0.703  0.385  0.405  0.536  0.613 -0.399  0.398
        6  0.71595  -0.225 -0.296  0.226  0.253  0.283  1.000 -0.169  0.623  0.085  0.107  0.491  0.000  0.682
        7  0.85501  -0.094 -0.093  0.128  0.166 -0.703 -0.169  1.000 -0.181 -0.617 -0.394 -0.378  0.260 -0.067
        8  0.97302  -0.240 -0.369  0.189  0.208  0.385  0.623 -0.181  1.000 -0.025 -0.034  0.719  0.229  0.858
        9  0.67113   0.062  0.087 -0.103 -0.136  0.405  0.085 -0.617 -0.025  1.000  0.177  0.064 -0.201 -0.023
       10  0.96487  -0.101 -0.078  0.050  0.030  0.536  0.107 -0.394 -0.034  0.177  1.000  0.580 -0.858  0.177
       11  0.95797  -0.228 -0.292  0.178  0.177  0.613  0.491 -0.378  0.719  0.064  0.580  1.000 -0.272  0.678
       12  0.93040   0.102  0.001 -0.060 -0.012 -0.399  0.000  0.260  0.229 -0.201 -0.858 -0.272  1.000 -0.096
       13  0.95358  -0.387 -0.454  0.316  0.306  0.398  0.682 -0.067  0.858 -0.023  0.177  0.678 -0.096  1.000
 **********
 **   18 **HESSE        6500
 **********
 COVARIANCE MATRIX CALCULATED SUCCESSFULLY
 FCN=-10097.2 FROM HESSE     STATUS=OK            141 CALLS        1176 TOTAL
                     EDM=0.00112205    STRATEGY= 1      ERROR MATRIX ACCURATE 
  EXT PARAMETER                                INTERNAL      INTERNAL  
  NO.   NAME      VALUE            ERROR       STEP SIZE       VALUE   
   1  NbkgMRS      4.36463e+02   2.99514e+01   2.62887e-03  -3.62214e-01
   2  NbkgPRS      3.37846e+02   2.61178e+01   2.67929e-03  -4.65996e-01
   3  NsigMRS      9.15612e+02   3.70817e+01   3.52897e-03   3.62331e-01
   4  NsigPRS      8.89354e+02   3.51041e+01   3.96227e-03   4.66363e-01
   5  am           1.48905e+00   3.15615e+00   7.92046e-03   1.49461e-01
   6  bm          -1.99062e-01   1.42974e+01   4.97628e-02   1.37093e+00
   7  cm           2.66654e+00   1.34105e+00   7.59277e-04  -1.07453e+00
   8  coeffsig     7.04412e-01   1.75445e-01   6.80672e-03   4.21165e-01
   9  dm0          1.38938e+02   1.22764e-01   8.76907e-04  -1.06352e-01
  10  mean         1.45396e+02   8.14460e-02   1.79389e-04  -3.00070e-01
  11  sigma1       7.35208e-01   1.14170e-01   8.68937e-04  -1.02163e+00
  12  sigma2       9.68611e-01   8.43441e-02   8.65696e-04  -9.37833e-01
  13  sigma3       1.34680e+00   2.70753e-01   1.75120e-03  -8.19259e-01
                               ERR DEF= 0.5
 EXTERNAL ERROR MATRIX.    NDIM=  28    NPAR= 13    ERR DEF=0.5
 ELEMENTS ABOVE DIAGONAL ARE NOT PRINTED.
  8.978e+02 
  2.559e+02  6.827e+02 
 -4.608e+02 -2.558e+02  1.377e+03 
 -2.557e+02 -3.443e+02  2.556e+02  1.234e+03 
 -3.492e+01 -2.837e+01  3.489e+01  2.833e+01  1.032e+01 
 -6.081e+00 -4.948e+00  6.074e+00  4.941e+00 -3.079e+00  6.159e+00 
  8.247e+00  6.228e+00 -8.235e+00 -6.216e+00 -3.121e+00 -3.528e-01  1.799e+00 
 -7.526e-01 -6.869e-01  7.532e-01  6.872e-01  6.295e-02  9.476e-03 -1.808e-02  3.243e-02 
  3.123e-01  2.795e-01 -3.121e-01 -2.793e-01  3.600e-02  5.698e-03 -5.795e-02  4.236e-05  1.507e-02 
 -7.346e-02 -5.098e-02  7.356e-02  5.103e-02  9.752e-03  1.401e-03 -5.638e-03  2.829e-03  1.501e-04  6.634e-03 
 -3.454e-01 -2.868e-01  3.456e-01  2.869e-01  3.334e-02  5.040e-03 -1.280e-02  1.590e-02  1.700e-04  6.424e-03  1.304e-02 
  9.125e-02  9.644e-02 -9.143e-02 -9.654e-02  3.299e-03  2.486e-04 -8.217e-03  2.096e-03  4.343e-04 -5.332e-03 -2.733e-03 
  9.125e-02  9.644e-02 -9.143e-02 -9.654e-02  3.299e-03  2.486e-04 -8.217e-03  2.096e-03  4.343e-04 -5.332e-03 -2.733e-03  7.116e-03 
 -2.905e+00 -2.610e+00  2.906e+00  2.609e+00  2.146e-01  3.594e-02 -3.050e-02  4.121e-02 -2.535e-03  5.289e-03  1.997e-02 
 -2.905e+00 -2.610e+00  2.906e+00  2.609e+00  2.146e-01  3.594e-02 -3.050e-02  4.121e-02 -2.535e-03  5.289e-03  1.997e-02 -2.458e-03  7.346e-02 
 PARAMETER  CORRELATION COEFFICIENTS  
       NO.  GLOBAL      1      2      3      4      5      6      7      8      9     10     11     12     13
        1  0.60096   1.000  0.327 -0.414 -0.243 -0.363 -0.082  0.205 -0.139  0.085 -0.030 -0.101  0.036 -0.358
        2  0.58641   0.327  1.000 -0.264 -0.375 -0.338 -0.076  0.178 -0.146  0.087 -0.024 -0.096  0.044 -0.369
        3  0.49926  -0.414 -0.264  1.000  0.196  0.293  0.066 -0.165  0.113 -0.069  0.024  0.082 -0.029  0.289
        4  0.45261  -0.243 -0.375  0.196  1.000  0.251  0.057 -0.132  0.109 -0.065  0.018  0.072 -0.033  0.274
        5  0.93611  -0.363 -0.338  0.293  0.251  1.000 -0.386 -0.724  0.109  0.091  0.037  0.091  0.012  0.246
        6  0.81772  -0.082 -0.076  0.066  0.057 -0.386  1.000 -0.106  0.021  0.019  0.007  0.018  0.001  0.053
        7  0.91266   0.205  0.178 -0.165 -0.132 -0.724 -0.106  1.000 -0.075 -0.352 -0.052 -0.084 -0.073 -0.084
        8  0.96879  -0.139 -0.146  0.113  0.109  0.109  0.021 -0.075  1.000  0.002  0.193  0.773  0.138  0.844
        9  0.49213   0.085  0.087 -0.069 -0.065  0.091  0.019 -0.352  0.002  1.000  0.015  0.012  0.042 -0.076
       10  0.94796  -0.030 -0.024  0.024  0.018  0.037  0.007 -0.052  0.193  0.015  1.000  0.691 -0.776  0.240
       11  0.95836  -0.101 -0.096  0.082  0.072  0.091  0.018 -0.084  0.773  0.012  0.691  1.000 -0.284  0.645
       12  0.89967   0.036  0.044 -0.029 -0.033  0.012  0.001 -0.073  0.138  0.042 -0.776 -0.284  1.000 -0.108
       13  0.94755  -0.358 -0.369  0.289  0.274  0.246  0.053 -0.084  0.844 -0.076  0.240  0.645 -0.108  1.000
71 ; 1.23568 ; 0.984494
[#1] INFO:Plotting -- RooAbsPdf::plotOn(modelMRS) directly selected PDF components: (modelBkg)
[#1] INFO:Plotting -- RooAbsPdf::plotOn(modelMRS) indirectly selected PDF components: ()
[#1] INFO:NumericIntegration -- RooRealIntegral::init(modelBkg_Int[x]) using numeric integrator RooIntegrator1D to calculate Int(x)
[#1] INFO:Plotting -- RooAbsPdf::plotOn(modelMRS) directly selected PDF components: (modelSig)
[#1] INFO:Plotting -- RooAbsPdf::plotOn(modelMRS) indirectly selected PDF components: (sig_pdf1,sig_pdf2)
[#1] INFO:NumericIntegration -- RooRealIntegral::init(modelBkg_Int[x]) using numeric integrator RooIntegrator1D to calculate Int(x)
[#1] INFO:NumericIntegration -- RooRealIntegral::init(modelBkg_Int[x]) using numeric integrator RooIntegrator1D to calculate Int(x)
[#1] INFO:Plotting -- RooAbsPdf::plotOn(modelPRS) directly selected PDF components: (modelBkg)
[#1] INFO:Plotting -- RooAbsPdf::plotOn(modelPRS) indirectly selected PDF components: ()
[#1] INFO:NumericIntegration -- RooRealIntegral::init(modelBkg_Int[x]) using numeric integrator RooIntegrator1D to calculate Int(x)
[#1] INFO:Plotting -- RooAbsPdf::plotOn(modelPRS) directly selected PDF components: (modelSig)
[#1] INFO:Plotting -- RooAbsPdf::plotOn(modelPRS) indirectly selected PDF components: (sig_pdf1,sig_pdf2)
[#1] INFO:NumericIntegration -- RooRealIntegral::init(modelBkg_Int[x]) using numeric integrator RooIntegrator1D to calculate Int(x)
[#1] INFO:NumericIntegration -- RooRealIntegral::init(modelBkg_Int[x]) using numeric integrator RooIntegrator1D to calculate Int(x)
PRS chi2: 0.796764 ; MPS chi2: 0.795587
