   ------------------------------------------------------------------
  | Welcome to ROOT 6.24/08                        https://root.cern |
  | (c) 1995-2021, The ROOT Team; conception: R. Brun, F. Rademakers |
  | Built for linuxx8664gcc on Sep 29 2022, 13:04:57                 |
  | From tags/v6-24-08@v6-24-08                                      |
  | With c++ (GCC) 4.8.5 20150623 (Red Hat 4.8.5-44)                 |
  | Try '.help', '.demo', '.license', '.credits', '.quit'/'.q'       |
   ------------------------------------------------------------------


Processing full.C(6,5,"Up","2017")...

[1mRooFit v3.60 -- Developed by Wouter Verkerke and David Kirkby[0m 
                Copyright (C) 2000-2013 NIKHEF, University of California & Stanford University
                All rights reserved, please read http://roofit.sourceforge.net/license.txt

-------------------------
Set LHCb Style - May 2021
-------------------------
../fulltempt/PARAMs/FullMom_6_5.txt
../../../../../selection/promptD/results/2017MagUpFullRS.root/DecayTree
[#0] WARNING:InputArguments -- The parameter 'sigma3' with range [0, 10] of the RooGaussian 'sig_pdf2' exceeds the safe range of (0, inf). Advise to limit its range.
[#0] ERROR:Integration --  RooNumIntFactory::Init : libRooFitMore cannot be loaded. GSL integrators will not beavailable ! 
[#1] INFO:NumericIntegration -- RooRealIntegral::init(modelBkg_default_Int[x]) using numeric integrator RooIntegrator1D to calculate Int(x)
[#1] INFO:NumericIntegration -- RooRealIntegral::init(modelBkg_default_Int[x]) using numeric integrator RooIntegrator1D to calculate Int(x)
[#1] INFO:Fitting -- RooAddition::defaultErrorLevel(nll_d) Summation contains a RooNLLVar, using its error level
 **********
 **   13 **MIGRAD        6500           1
 **********
 FIRST CALL TO USER FUNCTION AT NEW START POINT, WITH IFLAG=4.
 START MIGRAD MINIMIZATION.  STRATEGY  1.  CONVERGENCE WHEN EDM .LT. 1.00e-03
 FCN=-16096.3 FROM MIGRAD    STATUS=INITIATE      100 CALLS         101 TOTAL
                     EDM= unknown      STRATEGY= 1      NO ERROR MATRIX       
  EXT PARAMETER               CURRENT GUESS       STEP         FIRST   
  NO.   NAME      VALUE            ERROR          SIZE      DERIVATIVE 
   1  NbkgMRS_d    1.74800e+02   8.74000e+01   0.00000e+00  -1.35651e+02
   2  NbkgPRS_d    1.70700e+02   8.53500e+01   0.00000e+00  -8.17724e+01
   3  NsigMRS_d    1.57320e+03   8.74000e+01   0.00000e+00   1.50655e+01
   4  NsigPRS_d    1.53630e+03   8.53500e+01   0.00000e+00   9.07939e+00
   5  am           1.00000e+00   2.00000e+00   0.00000e+00  -4.74546e+00
   6  bm          -5.99020e+00   8.00000e-01  -5.84697e-01  -2.76021e+00
   7  cm           2.00000e+00   6.00000e+00   0.00000e+00  -4.73892e+02
   8  coeffsig     2.00000e-01   1.00000e-01   0.00000e+00  -4.27169e+01
   9  dm0          1.39300e+02   2.00000e+00   0.00000e+00  -4.19101e+01
  10  mean         1.45500e+02   2.10000e+00   0.00000e+00  -2.54820e+03
  11  sigma1       3.00000e-01   1.50000e-01   0.00000e+00  -3.33775e+01
  12  sigma2       5.00000e-01   2.50000e-01   0.00000e+00  -7.93048e+01
  13  sigma3       1.10000e+00   5.50000e-01   0.00000e+00   1.73929e+02
                               ERR DEF= 0.5
 MIGRAD MINIMIZATION HAS CONVERGED.
 MIGRAD WILL VERIFY CONVERGENCE AND ERROR MATRIX.
 EIGENVALUES OF SECOND-DERIVATIVE MATRIX:
        -2.5265e-02  2.6486e-02  6.9684e-02  7.0534e-02  4.1044e-01  7.6818e-01  7.9937e-01  8.2818e-01  1.1698e+00  1.2025e+00  2.1115e+00  2.3398e+00  3.2288e+00
 MINUIT WARNING IN HESSE   
 ============== MATRIX FORCED POS-DEF BY ADDING 0.028494 TO DIAGONAL.
 FCN=-16162 FROM MIGRAD    STATUS=CONVERGED    1143 CALLS        1144 TOTAL
                     EDM=5.59673e-05    STRATEGY= 1      ERR MATRIX NOT POS-DEF
  EXT PARAMETER                APPROXIMATE        STEP         FIRST   
  NO.   NAME      VALUE            ERROR          SIZE      DERIVATIVE 
   1  NbkgMRS_d    2.64703e+02   2.73267e+01   2.89687e-03   1.17088e-02
   2  NbkgPRS_d    2.24663e+02   2.35021e+01   2.88007e-03  -5.75290e-03
   3  NsigMRS_d    1.48330e+03   4.37973e+01   5.58995e-03   3.62780e-04
   4  NsigPRS_d    1.48230e+03   4.20070e+01   6.03569e-03  -1.40782e-02
   5  am           6.88728e-01   5.53200e-01   6.31485e-04  -2.98982e-02
   6  bm          -6.88139e+00   5.17272e-01   6.19478e-04   3.67783e-02
   7  cm           8.53018e+00   5.00616e+00   5.24500e-04   6.46764e-03
   8  coeffsig     5.30959e-01   8.73087e-02   4.67564e-03  -3.90567e-02
   9  dm0          1.39258e+02   9.12762e-02   8.69000e-04  -7.10305e-01
  10  mean         1.45660e+02   4.35031e-02   1.54378e-04   3.38648e-01
  11  sigma1       6.78674e-01   5.69955e-02   9.30355e-04   1.64253e-01
  12  sigma2       6.03666e-01   6.43461e-02   9.78630e-04   1.84685e-01
  13  sigma3       1.22167e+00   9.90098e-02   9.80080e-04   5.26519e-02
                               ERR DEF= 0.5
 EXTERNAL ERROR MATRIX.    NDIM=  28    NPAR= 13    ERR DEF=0.5
 ELEMENTS ABOVE DIAGONAL ARE NOT PRINTED.
  7.472e+02 
  2.451e+02  5.527e+02 
 -4.813e+02 -2.423e+02  1.921e+03 
 -2.421e+02 -3.277e+02  2.393e+02  1.768e+03 
 -8.031e+00 -6.255e+00  7.935e+00  6.177e+00  3.063e-01 
 -7.443e+00 -5.798e+00  7.355e+00  5.725e+00  2.376e-01  2.678e-01 
 -7.407e+01 -5.766e+01  7.319e+01  5.694e+01  2.645e+00  2.474e+00  2.512e+01 
 -6.822e-01 -5.445e-01  6.749e-01  5.384e-01  1.377e-02  1.277e-02  1.276e-01  7.702e-03 
  2.929e-01  2.312e-01 -2.894e-01 -2.283e-01 -1.099e-02 -1.003e-02 -8.956e-02 -3.635e-04  8.332e-03 
  8.132e-02  6.825e-02 -8.032e-02 -6.737e-02 -4.369e-03 -4.047e-03 -4.159e-02 -2.758e-04  2.455e-05  1.893e-03 
 -1.379e-01 -1.010e-01  1.365e-01  9.991e-02  7.488e-04  6.953e-04  6.109e-03  2.616e-03 -9.120e-05  1.626e-03  3.249e-03 
 -3.544e-01 -2.922e-01  3.505e-01  2.888e-01  9.374e-03  8.688e-03  8.770e-02  3.913e-03 -1.782e-04 -1.767e-03  1.854e-05 
 -3.544e-01 -2.922e-01  3.505e-01  2.888e-01  9.374e-03  8.688e-03  8.770e-02  3.913e-03 -1.782e-04 -1.767e-03  1.854e-05  4.141e-03 
 -1.359e+00 -1.073e+00  1.344e+00  1.061e+00  2.662e-02  2.468e-02  2.460e-01  7.465e-03 -8.154e-04 -4.815e-04  1.951e-03 
 -1.359e+00 -1.073e+00  1.344e+00  1.061e+00  2.662e-02  2.468e-02  2.460e-01  7.465e-03 -8.154e-04 -4.815e-04  1.951e-03  3.679e-03  9.806e-03 
ERR MATRIX NOT POS-DEF
 PARAMETER  CORRELATION COEFFICIENTS  
       NO.  GLOBAL      1      2      3      4      5      6      7      8      9     10     11     12     13
        1  0.66605   1.000  0.381 -0.402 -0.211 -0.531 -0.526 -0.541 -0.284  0.117  0.068 -0.088 -0.201 -0.502
        2  0.60765   0.381  1.000 -0.235 -0.332 -0.481 -0.477 -0.489 -0.264  0.108  0.067 -0.075 -0.193 -0.461
        3  0.44117  -0.402 -0.235  1.000  0.130  0.327  0.324  0.333  0.175 -0.072 -0.042  0.055  0.124  0.310
        4  0.36863  -0.211 -0.332  0.130  1.000  0.265  0.263  0.270  0.146 -0.059 -0.037  0.042  0.107  0.255
        5  0.99176  -0.531 -0.481  0.327  0.265  1.000  0.830  0.953  0.284 -0.218 -0.181  0.024  0.263  0.486
        6  0.99177  -0.526 -0.477  0.324  0.263  0.830  1.000  0.954  0.281 -0.212 -0.180  0.024  0.261  0.482
        7  0.99753  -0.541 -0.489  0.333  0.270  0.953  0.954  1.000  0.290 -0.196 -0.191  0.021  0.272  0.496
        8  0.95432  -0.284 -0.264  0.175  0.146  0.284  0.281  0.290  1.000 -0.045 -0.072  0.523  0.693  0.859
        9  0.43957   0.117  0.108 -0.072 -0.059 -0.218 -0.212 -0.196 -0.045  1.000  0.006 -0.018 -0.030 -0.090
       10  0.91522   0.068  0.067 -0.042 -0.037 -0.181 -0.180 -0.191 -0.072  0.006  1.000  0.656 -0.631 -0.112
       11  0.88734  -0.088 -0.075  0.055  0.042  0.024  0.024  0.021  0.523 -0.018  0.656  1.000  0.005  0.346
       12  0.91351  -0.201 -0.193  0.124  0.107  0.263  0.261  0.272  0.693 -0.030 -0.631  0.005  1.000  0.577
       13  0.93133  -0.502 -0.461  0.310  0.255  0.486  0.482  0.496  0.859 -0.090 -0.112  0.346  0.577  1.000
 ERR MATRIX NOT POS-DEF
 **********
 **   18 **HESSE        6500
 **********
 COVARIANCE MATRIX CALCULATED SUCCESSFULLY
 FCN=-16162 FROM HESSE     STATUS=OK            139 CALLS        1283 TOTAL
                     EDM=0.000271214    STRATEGY= 1      ERROR MATRIX ACCURATE 
  EXT PARAMETER                                INTERNAL      INTERNAL  
  NO.   NAME      VALUE            ERROR       STEP SIZE       VALUE   
   1  NbkgMRS_d    2.64703e+02   3.54403e+01   1.15875e-04  -7.71394e-01
   2  NbkgPRS_d    2.24663e+02   2.90846e+01   1.15203e-04  -8.28287e-01
   3  NsigMRS_d    1.48330e+03   4.97051e+01   2.23598e-04   7.71404e-01
   4  NsigPRS_d    1.48230e+03   4.58203e+01   2.41428e-04   8.28220e-01
   5  am           6.88728e-01   9.64313e-01   2.52594e-05   6.89274e-02
   6  bm          -6.88139e+00   9.94736e-01   2.47791e-05   3.17151e-01
   7  cm           8.53018e+00   3.80108e+00   2.09800e-05  -9.67592e-01
   8  coeffsig     5.30959e-01   2.50099e-01   9.35129e-04   6.19567e-02
   9  dm0          1.39258e+02   1.92242e-01   2.51781e-02  -7.42494e-02
  10  mean         1.45660e+02   5.54706e-02   3.08755e-05  -2.73848e-01
  11  sigma1       6.78674e-01   9.43028e-02   1.86071e-04  -1.04369e+00
  12  sigma2       6.03666e-01   1.52803e-01   1.95726e-04  -1.07432e+00
  13  sigma3       1.22167e+00   2.82811e-01   3.92032e-05  -8.56669e-01
                               ERR DEF= 0.5
 EXTERNAL ERROR MATRIX.    NDIM=  28    NPAR= 13    ERR DEF=0.5
 ELEMENTS ABOVE DIAGONAL ARE NOT PRINTED.
  1.257e+03 
  6.198e+02  8.466e+02 
 -9.926e+02 -6.197e+02  2.476e+03 
 -6.196e+02 -6.219e+02  6.196e+02  2.104e+03 
 -6.296e+00 -4.876e+00  6.295e+00  4.875e+00  9.328e-01 
 -6.641e+00 -5.140e+00  6.640e+00  5.139e+00 -6.839e-01  9.931e-01 
 -6.480e+01 -5.008e+01  6.479e+01  5.007e+01  9.627e-01  1.854e+00  1.447e+01 
 -6.567e+00 -5.014e+00  6.567e+00  5.013e+00  3.439e-02  3.701e-02  3.690e-01  6.863e-02 
 -4.419e+00 -3.327e+00  4.418e+00  3.327e+00  1.477e-02  1.670e-02  1.722e-01  4.349e-02  3.696e-02 
  5.298e-01  4.103e-01 -5.297e-01 -4.102e-01 -4.986e-03 -5.205e-03 -5.290e-02 -5.289e-03 -3.840e-03  3.077e-03 
 -1.817e+00 -1.375e+00  1.817e+00  1.375e+00  7.728e-03  8.444e-03  8.343e-02  1.977e-02  1.176e-02  9.917e-04  8.897e-03 
 -3.571e+00 -2.738e+00  3.571e+00  2.738e+00  2.052e-02  2.195e-02  2.198e-01  3.752e-02  2.400e-02 -5.256e-03  8.777e-03 
 -3.571e+00 -2.738e+00  3.571e+00  2.738e+00  2.052e-02  2.195e-02  2.198e-01  3.752e-02  2.400e-02 -5.256e-03  8.777e-03  2.338e-02 
 -7.586e+00 -5.796e+00  7.586e+00  5.795e+00  4.186e-02  4.484e-02  4.449e-01  7.297e-02  4.772e-02 -5.885e-03  2.031e-02 
 -7.586e+00 -5.796e+00  7.586e+00  5.795e+00  4.186e-02  4.484e-02  4.449e-01  7.297e-02  4.772e-02 -5.885e-03  2.031e-02  3.979e-02  8.018e-02 
 PARAMETER  CORRELATION COEFFICIENTS  
       NO.  GLOBAL      1      2      3      4      5      6      7      8      9     10     11     12     13
        1  0.81236   1.000  0.601 -0.563 -0.381 -0.184 -0.188 -0.480 -0.707 -0.648  0.269 -0.543 -0.659 -0.756
        2  0.75929   0.601  1.000 -0.428 -0.466 -0.174 -0.177 -0.453 -0.658 -0.595  0.254 -0.501 -0.615 -0.704
        3  0.59764  -0.563 -0.428  1.000  0.271  0.131  0.134  0.342  0.504  0.462 -0.192  0.387  0.469  0.538
        4  0.50326  -0.381 -0.466  0.271  1.000  0.110  0.112  0.287  0.417  0.377 -0.161  0.318  0.390  0.446
        5  0.99722  -0.184 -0.174  0.131  0.110  1.000 -0.711  0.262  0.136  0.080 -0.093  0.085  0.139  0.153
        6  0.99772  -0.188 -0.177  0.134  0.112 -0.711  1.000  0.489  0.142  0.087 -0.094  0.090  0.144  0.159
        7  0.99558  -0.480 -0.453  0.342  0.287  0.262  0.489  1.000  0.370  0.236 -0.251  0.233  0.378  0.413
        8  0.99483  -0.707 -0.658  0.504  0.417  0.136  0.142  0.370  1.000  0.864 -0.364  0.800  0.937  0.984
        9  0.90009  -0.648 -0.595  0.462  0.377  0.080  0.087  0.236  0.864  1.000 -0.360  0.648  0.816  0.877
       10  0.94725   0.269  0.254 -0.192 -0.161 -0.093 -0.094 -0.251 -0.364 -0.360  1.000  0.190 -0.620 -0.375
       11  0.95924  -0.543 -0.501  0.387  0.318  0.085  0.090  0.233  0.800  0.648  0.190  1.000  0.609  0.761
       12  0.98481  -0.659 -0.615  0.469  0.390  0.139  0.144  0.378  0.937  0.816 -0.620  0.609  1.000  0.919
       13  0.99162  -0.756 -0.704  0.538  0.446  0.153  0.159  0.413  0.984  0.877 -0.375  0.761  0.919  1.000
[#1] INFO:NumericIntegration -- RooRealIntegral::init(modelBkg_default_Int[x]) using numeric integrator RooIntegrator1D to calculate Int(x)
[#1] INFO:NumericIntegration -- RooRealIntegral::init(modelBkg_default_Int[x]) using numeric integrator RooIntegrator1D to calculate Int(x)
aaaa0 ; 0 ; 0
aaaa1 ; 0 ; 0
aaaa2 ; 0 ; 0
aaaa3 ; 0 ; 0
aaaa4 ; 0 ; 0
aaaa5 ; 0 ; 1
aaaa6 ; 0 ; 0
aaaa7 ; 0 ; 1
aaaa8 ; 0 ; 1
aaaa9 ; 2 ; 1
aaaa10 ; 2 ; 0
aaaa11 ; 2 ; 1
aaaa12 ; 2 ; 2
aaaa13 ; 1 ; 1
aaaa14 ; 1 ; 4
aaaa15 ; 5 ; 2
aaaa16 ; 2 ; 7
aaaa17 ; 5 ; 3
aaaa18 ; 4 ; 4
aaaa19 ; 5 ; 3
aaaa20 ; 11 ; 2
aaaa21 ; 9 ; 3
aaaa22 ; 13 ; 3
aaaa23 ; 26 ; 3
aaaa24 ; 34 ; 5
aaaa25 ; 42 ; 2
aaaa26 ; 78 ; 0
aaaa27 ; 121 ; 1
aaaa28 ; 153 ; 2
aaaa29 ; 171 ; 1
aaaa30 ; 200 ; 8
aaaa31 ; 173 ; 3
aaaa32 ; 136 ; 6
aaaa33 ; 108 ; 5
aaaa34 ; 86 ; 5
aaaa35 ; 59 ; 2
aaaa36 ; 47 ; 6
aaaa37 ; 25 ; 3
aaaa38 ; 27 ; 5
aaaa39 ; 14 ; 2
aaaa40 ; 14 ; 2
aaaa41 ; 6 ; 2
aaaa42 ; 5 ; 5
aaaa43 ; 6 ; 7
aaaa44 ; 6 ; 3
aaaa45 ; 7 ; 5
aaaa46 ; 8 ; 7
aaaa47 ; 3 ; 3
aaaa48 ; 6 ; 5
aaaa49 ; 5 ; 3
aaaa50 ; 8 ; 4
aaaa51 ; 8 ; 7
aaaa52 ; 2 ; 3
aaaa53 ; 4 ; 4
aaaa54 ; 8 ; 2
aaaa55 ; 2 ; 2
aaaa56 ; 2 ; 0
aaaa57 ; 6 ; 9
aaaa58 ; 1 ; 4
aaaa59 ; 0 ; 4
aaaa60 ; 2 ; 0
aaaa61 ; 3 ; 3
aaaa62 ; 1 ; 2
aaaa63 ; 3 ; 3
aaaa64 ; 3 ; 6
aaaa65 ; 6 ; 4
aaaa66 ; 2 ; 3
aaaa67 ; 1 ; 0
aaaa68 ; 3 ; 4
aaaa69 ; 0 ; 4
aaaa70 ; 0 ; 2
aaaa71 ; 4 ; 0
aaaa72 ; 2 ; 2
aaaa73 ; 0 ; 1
aaaa74 ; 0 ; 1
aaaa75 ; 1 ; 3
aaaa76 ; 0 ; 4
aaaa77 ; 0 ; 1
aaaa78 ; 0 ; 0
aaaa79 ; 1 ; 2
aaaa80 ; 0 ; 0
aaaa81 ; 2 ; 0
aaaa82 ; 1 ; 0
aaaa83 ; 1 ; 0
[#0] WARNING:Plotting -- RooHist::addBin(signal_hist_plot__x) WARNING: negative entry set to zero when Poisson error bars are requested
[#0] WARNING:Plotting -- RooHist::addBin(signal_hist_plot__x) WARNING: negative entry set to zero when Poisson error bars are requested
[#0] WARNING:Plotting -- RooHist::addBin(signal_hist_plot__x) WARNING: negative entry set to zero when Poisson error bars are requested
[#0] WARNING:Plotting -- RooHist::addBin(signal_hist_plot__x) WARNING: negative entry set to zero when Poisson error bars are requested
[#0] WARNING:Plotting -- RooHist::addBin(signal_hist_plot__x) WARNING: negative entry set to zero when Poisson error bars are requested
[#0] WARNING:Plotting -- RooHist::addBin(signal_hist_plot__x) WARNING: negative entry set to zero when Poisson error bars are requested
[#0] WARNING:Plotting -- RooHist::addBin(signal_hist_plot__x) WARNING: negative entry set to zero when Poisson error bars are requested
[#0] WARNING:Plotting -- RooHist::addBin(signal_hist_plot__x) WARNING: negative entry set to zero when Poisson error bars are requested
[#0] WARNING:Plotting -- RooHist::addBin(signal_hist_plot__x) WARNING: negative entry set to zero when Poisson error bars are requested
[#0] WARNING:Plotting -- RooHist::addBin(signal_hist_plot__x) WARNING: negative entry set to zero when Poisson error bars are requested
[#0] WARNING:Plotting -- RooHist::addBin(signal_hist_plot__x) WARNING: negative entry set to zero when Poisson error bars are requested
[#0] WARNING:Plotting -- RooHist::addBin(signal_hist_plot__x) WARNING: negative entry set to zero when Poisson error bars are requested
[#0] WARNING:Plotting -- RooHist::addBin(signal_hist_plot__x) WARNING: negative entry set to zero when Poisson error bars are requested
[#0] WARNING:Plotting -- RooHist::addBin(signal_hist_plot__x) WARNING: negative entry set to zero when Poisson error bars are requested
[#0] WARNING:Plotting -- RooHist::addBin(signal_hist_plot__x) WARNING: negative entry set to zero when Poisson error bars are requested
[#0] WARNING:Plotting -- RooHist::addBin(signal_hist_plot__x) WARNING: negative entry set to zero when Poisson error bars are requested
[#0] WARNING:Plotting -- RooHist::addBin(signal_hist_plot__x) WARNING: negative entry set to zero when Poisson error bars are requested
[#0] WARNING:Plotting -- RooHist::addBin(signal_hist_plot__x) WARNING: negative entry set to zero when Poisson error bars are requested
[#0] WARNING:Plotting -- RooHist::addBin(signal_hist_plot__x) WARNING: negative entry set to zero when Poisson error bars are requested
[#0] WARNING:Plotting -- RooHist::addBin(signal_hist_plot__x) WARNING: negative entry set to zero when Poisson error bars are requested
[#0] WARNING:Plotting -- RooHist::addBin(signal_hist_plot__x) WARNING: negative entry set to zero when Poisson error bars are requested
[#0] WARNING:Plotting -- RooHist::addBin(signal_hist_plot__x) WARNING: negative entry set to zero when Poisson error bars are requested
[#1] INFO:NumericIntegration -- RooRealIntegral::init(modelBkg_Int[x]) using numeric integrator RooIntegrator1D to calculate Int(x)
[#1] INFO:NumericIntegration -- RooRealIntegral::init(modelBkg_Int[x]) using numeric integrator RooIntegrator1D to calculate Int(x)
[#1] INFO:NumericIntegration -- RooRealIntegral::init(modelBkg_Int[x]) using numeric integrator RooIntegrator1D to calculate Int(x)
[#1] INFO:NumericIntegration -- RooRealIntegral::init(modelBkg_Int[x]) using numeric integrator RooIntegrator1D to calculate Int(x)
[#1] INFO:Fitting -- RooAddition::defaultErrorLevel(nll) Summation contains a RooNLLVar, using its error level
 **********
 **   13 **MIGRAD        4000           1
 **********
 FIRST CALL TO USER FUNCTION AT NEW START POINT, WITH IFLAG=4.
 START MIGRAD MINIMIZATION.  STRATEGY  1.  CONVERGENCE WHEN EDM .LT. 1.00e-03
 FCN=-16244.5 FROM MIGRAD    STATUS=INITIATE       57 CALLS          58 TOTAL
                     EDM= unknown      STRATEGY= 1      NO ERROR MATRIX       
  EXT PARAMETER               CURRENT GUESS       STEP         FIRST   
  NO.   NAME      VALUE            ERROR          SIZE      DERIVATIVE 
   1  NbkgMRS      2.64703e+02   2.00000e+01   0.00000e+00   1.43108e+00
   2  NbkgPRS      2.24663e+02   2.00000e+01   0.00000e+00   1.03622e+01
   3  NsigMRS      1.48330e+03   2.00000e+01   0.00000e+00  -2.55265e-01
   4  NsigPRS      1.48230e+03   2.00000e+01   0.00000e+00  -1.57322e+00
   5  am           6.88728e-01   9.64313e-01   0.00000e+00   4.00960e+01
   6  bm          -6.88139e+00   9.94736e-01   0.00000e+00   4.19758e+01
   7  cm           9.61024e+00   3.80108e+00   1.79009e-02  -5.04719e+01
   8  dm0          1.39258e+02   1.92242e-01   0.00000e+00  -3.01725e+00
                               ERR DEF= 0.5
 MIGRAD MINIMIZATION HAS CONVERGED.
 MIGRAD WILL VERIFY CONVERGENCE AND ERROR MATRIX.
 EIGENVALUES OF SECOND-DERIVATIVE MATRIX:
        -1.0977e-01  2.3224e-01  7.3763e-01  7.7469e-01  8.0343e-01  1.2158e+00  1.2310e+00  3.1150e+00
 MINUIT WARNING IN HESSE   
 ============== MATRIX FORCED POS-DEF BY ADDING 0.112887 TO DIAGONAL.
 FCN=-16247.6 FROM HESSE     STATUS=NOT POSDEF     77 CALLS         215 TOTAL
                     EDM=0.0121164    STRATEGY= 1      ERR MATRIX NOT POS-DEF
  EXT PARAMETER                APPROXIMATE        STEP         FIRST   
  NO.   NAME      VALUE            ERROR          SIZE      DERIVATIVE 
   1  NbkgMRS      2.56571e+02   2.08381e+01   1.85317e-02   9.34596e-03
   2  NbkgPRS      1.77106e+02   1.76993e+01   1.81906e-02  -2.05798e-03
   3  NsigMRS      1.49143e+03   3.81893e+01   3.53753e-02  -1.74529e-03
   4  NsigPRS      1.52987e+03   3.77180e+01   3.99824e-02  -1.27651e-03
   5  am           6.91984e-01   4.23048e-01   4.64599e-04   2.37869e+00
   6  bm          -6.87790e+00   3.73320e-01   4.33254e-04   2.22123e+00
   7  cm           9.58038e+00   3.53402e+00   3.62880e-04   6.27782e-02
   8  dm0          1.39267e+02   2.34272e-01   7.31296e-04  -1.55266e+00
                               ERR DEF= 0.5
 EIGENVALUES OF SECOND-DERIVATIVE MATRIX:
        -4.6784e-05  5.8072e-02  7.5490e-01  7.9043e-01  9.2024e-01  1.1646e+00  1.1800e+00  3.1318e+00
 MINUIT WARNING IN MIGRAD  
 ============== MATRIX FORCED POS-DEF BY ADDING 0.003179 TO DIAGONAL.
 MIGRAD FAILS TO FIND IMPROVEMENT
 MIGRAD TERMINATED WITHOUT CONVERGENCE.
 FCN=-16247.6 FROM MIGRAD    STATUS=FAILED        363 CALLS         364 TOTAL
                     EDM=0.160547    STRATEGY= 1      ERR MATRIX NOT POS-DEF
  EXT PARAMETER                APPROXIMATE        STEP         FIRST   
  NO.   NAME      VALUE            ERROR          SIZE      DERIVATIVE 
   1  NbkgMRS      2.57765e+02   2.08345e+01  -0.00000e+00   1.45430e-02
   2  NbkgPRS      1.77827e+02   1.77481e+01  -0.00000e+00   6.43781e-03
   3  NsigMRS      1.49024e+03   3.82826e+01   0.00000e+00  -2.58316e-03
   4  NsigPRS      1.52921e+03   3.79169e+01   0.00000e+00  -8.34064e-04
   5  am           5.87250e-01   4.10620e-01  -0.00000e+00   8.00592e+01
   6  bm          -6.96775e+00   3.55139e-01  -0.00000e+00   8.47813e+01
   7  cm           8.73838e+00   3.34743e+00   0.00000e+00  -1.13540e+02
   8  dm0          1.39274e+02   8.30136e-02  -0.00000e+00   8.05844e-01
                               ERR DEF= 0.5
 EXTERNAL ERROR MATRIX.    NDIM=  25    NPAR=  8    ERR DEF=0.5
  4.405e+02  1.280e+01 -1.915e+02 -1.338e+01 -1.895e+00 -1.636e+00 -1.568e+01 -4.316e-03 
  1.280e+01  3.193e+02 -1.291e+01 -1.427e+02 -1.026e+00 -8.852e-01 -8.484e+00  1.925e-05 
 -1.915e+02 -1.291e+01  1.544e+03  1.345e+01  1.915e+00  1.653e+00  1.584e+01  4.025e-03 
 -1.338e+01 -1.427e+02  1.345e+01  1.536e+03  1.036e+00  8.942e-01  8.568e+00  1.467e-02 
 -1.895e+00 -1.026e+00  1.915e+00  1.036e+00  1.687e-01  1.370e-01  1.352e+00 -6.700e-03 
 -1.636e+00 -8.852e-01  1.653e+00  8.942e-01  1.370e-01  1.262e-01  1.168e+00 -5.486e-03 
 -1.568e+01 -8.484e+00  1.584e+01  8.568e+00  1.352e+00  1.168e+00  1.122e+01 -5.411e-02 
 -4.316e-03  1.925e-05  4.025e-03  1.467e-02 -6.700e-03 -5.486e-03 -5.411e-02  6.891e-03 
ERR MATRIX NOT POS-DEF
 PARAMETER  CORRELATION COEFFICIENTS  
       NO.  GLOBAL      1      2      3      4      5      6      7      8
        1  0.30711   1.000  0.034 -0.232 -0.016 -0.220 -0.219 -0.223 -0.002
        2  0.24230   0.034  1.000 -0.018 -0.204 -0.140 -0.139 -0.142  0.000
        3  0.24308  -0.232 -0.018  1.000  0.009  0.119  0.118  0.120  0.001
        4  0.20736  -0.016 -0.204  0.009  1.000  0.064  0.064  0.065  0.005
        5  0.99227  -0.220 -0.140  0.119  0.064  1.000  0.939  0.983 -0.197
        6  0.99172  -0.219 -0.139  0.118  0.064  0.939  1.000  0.982 -0.186
        7  0.99763  -0.223 -0.142  0.120  0.065  0.983  0.982  1.000 -0.195
        8  0.20518  -0.002  0.000  0.001  0.005 -0.197 -0.186 -0.195  1.000
 ERR MATRIX NOT POS-DEF
 **********
 **   18 **HESSE        4000
 **********
 EIGENVALUES OF SECOND-DERIVATIVE MATRIX:
        -4.3034e+00  7.6072e-01  7.7781e-01  1.0589e+00  1.2219e+00  1.2375e+00  2.7370e+00  4.5096e+00
 MINUIT WARNING IN HESSE   
 ============== MATRIX FORCED POS-DEF BY ADDING 4.307951 TO DIAGONAL.
 FCN=-16247.6 FROM HESSE     STATUS=NOT POSDEF     75 CALLS         439 TOTAL
                     EDM=0.0134577    STRATEGY= 1      ERR MATRIX NOT POS-DEF
  EXT PARAMETER                APPROXIMATE     INTERNAL      INTERNAL  
  NO.   NAME      VALUE            ERROR       STEP SIZE       VALUE   
   1  NbkgMRS      2.57765e+02   9.67681e+00   1.85714e-02  -6.94413e-02
   2  NbkgPRS      1.77827e+02   8.18216e+00   1.81631e-02  -4.87434e-01
   3  NsigMRS      1.49024e+03   1.74707e+01   3.53701e-02   6.94523e-02
   4  NsigPRS      1.52921e+03   1.74087e+01   4.00856e-02   4.88261e-01
   5  am           5.87250e-01   1.38151e-01   4.94178e-04   5.87588e-02
   6  bm          -6.96775e+00   1.24553e-01   4.66655e-04   3.08075e-01
   7  cm           8.73838e+00   2.32470e-01   3.47284e-04  -9.64106e-01
   8  dm0          1.39274e+02   6.29326e-01   6.19245e-04  -7.27030e-02
                               ERR DEF= 0.5
 EXTERNAL ERROR MATRIX.    NDIM=  25    NPAR=  8    ERR DEF=0.5
  9.394e+01  6.741e+00 -1.429e+01 -4.326e+00 -4.431e-01 -3.995e-01 -7.380e-01 -2.021e+00 
  6.741e+00  6.714e+01 -4.720e+00 -8.585e+00 -2.899e-01 -2.613e-01 -4.827e-01 -1.322e+00 
 -1.429e+01 -4.720e+00  3.084e+02  3.029e+00  3.103e-01  2.797e-01  5.167e-01  1.415e+00 
 -4.326e+00 -8.585e+00  3.029e+00  3.071e+02  1.860e-01  1.677e-01  3.098e-01  8.481e-01 
 -4.431e-01 -2.899e-01  3.103e-01  1.860e-01  1.909e-02  1.717e-02  3.181e-02  8.685e-02 
 -3.995e-01 -2.613e-01  2.797e-01  1.677e-01  1.717e-02  1.551e-02  2.868e-02  7.830e-02 
 -7.380e-01 -4.827e-01  5.167e-01  3.098e-01  3.181e-02  2.868e-02  5.404e-02  1.449e-01 
 -2.021e+00 -1.322e+00  1.415e+00  8.481e-01  8.685e-02  7.830e-02  1.449e-01  3.966e-01 
ERR MATRIX NOT POS-DEF
 PARAMETER  CORRELATION COEFFICIENTS  
       NO.  GLOBAL      1      2      3      4      5      6      7      8
        1  0.33386   1.000  0.085 -0.084 -0.025 -0.331 -0.331 -0.328 -0.331
        2  0.25941   0.085  1.000 -0.033 -0.060 -0.256 -0.256 -0.253 -0.256
        3  0.13535  -0.084 -0.033  1.000  0.010  0.128  0.128  0.127  0.128
        4  0.08737  -0.025 -0.060  0.010  1.000  0.077  0.077  0.076  0.077
        5  0.99857  -0.331 -0.256  0.128  0.077  1.000  0.998  0.990  0.998
        6  0.99857  -0.331 -0.256  0.128  0.077  0.998  1.000  0.990  0.998
        7  0.99100  -0.328 -0.253  0.127  0.076  0.990  0.990  1.000  0.990
        8  0.99881  -0.331 -0.256  0.128  0.077  0.998  0.998  0.990  1.000
 ERR MATRIX NOT POS-DEF
76 ; 0.441206 ; 1.64238
[#1] INFO:Plotting -- RooAbsPdf::plotOn(modelMRS) directly selected PDF components: (modelBkg)
[#1] INFO:Plotting -- RooAbsPdf::plotOn(modelMRS) indirectly selected PDF components: ()
[#1] INFO:NumericIntegration -- RooRealIntegral::init(modelBkg_Int[x]) using numeric integrator RooIntegrator1D to calculate Int(x)
[#1] INFO:Plotting -- RooAbsPdf::plotOn(modelMRS) directly selected PDF components: (modelSig)
[#1] INFO:Plotting -- RooAbsPdf::plotOn(modelMRS) indirectly selected PDF components: ()
[#1] INFO:NumericIntegration -- RooRealIntegral::init(modelBkg_Int[x]) using numeric integrator RooIntegrator1D to calculate Int(x)
[#1] INFO:NumericIntegration -- RooRealIntegral::init(modelBkg_Int[x]) using numeric integrator RooIntegrator1D to calculate Int(x)
[#1] INFO:Plotting -- RooAbsPdf::plotOn(modelPRS) directly selected PDF components: (modelBkg)
[#1] INFO:Plotting -- RooAbsPdf::plotOn(modelPRS) indirectly selected PDF components: ()
[#1] INFO:NumericIntegration -- RooRealIntegral::init(modelBkg_Int[x]) using numeric integrator RooIntegrator1D to calculate Int(x)
[#1] INFO:Plotting -- RooAbsPdf::plotOn(modelPRS) directly selected PDF components: (modelSig)
[#1] INFO:Plotting -- RooAbsPdf::plotOn(modelPRS) indirectly selected PDF components: ()
[#1] INFO:NumericIntegration -- RooRealIntegral::init(modelBkg_Int[x]) using numeric integrator RooIntegrator1D to calculate Int(x)
[#1] INFO:NumericIntegration -- RooRealIntegral::init(modelBkg_Int[x]) using numeric integrator RooIntegrator1D to calculate Int(x)
PRS chi2: 0.342364 ; MPS chi2: 1.26256
