   ------------------------------------------------------------------
  | Welcome to ROOT 6.24/08                        https://root.cern |
  | (c) 1995-2021, The ROOT Team; conception: R. Brun, F. Rademakers |
  | Built for linuxx8664gcc on Sep 29 2022, 13:04:57                 |
  | From tags/v6-24-08@v6-24-08                                      |
  | With c++ (GCC) 4.8.5 20150623 (Red Hat 4.8.5-44)                 |
  | Try '.help', '.demo', '.license', '.credits', '.quit'/'.q'       |
   ------------------------------------------------------------------


Processing full.C(3,1,"Up","2017")...

[1mRooFit v3.60 -- Developed by Wouter Verkerke and David Kirkby[0m 
                Copyright (C) 2000-2013 NIKHEF, University of California & Stanford University
                All rights reserved, please read http://roofit.sourceforge.net/license.txt

-------------------------
Set LHCb Style - May 2021
-------------------------
../fulltempt/PARAMs/FullMom_3_1.txt
[#0] WARNING:InputArguments -- The parameter 'sigma3' with range [0, 10] of the RooGaussian 'sig_pdf2' exceeds the safe range of (0, inf). Advise to limit its range.
[#0] ERROR:Integration --  RooNumIntFactory::Init : libRooFitMore cannot be loaded. GSL integrators will not beavailable ! 
[#1] INFO:Fitting -- RooAddition::defaultErrorLevel(nll) Summation contains a RooNLLVar, using its error level
 **********
 **   13 **MIGRAD        4500           1
 **********
 FIRST CALL TO USER FUNCTION AT NEW START POINT, WITH IFLAG=4.
 START MIGRAD MINIMIZATION.  STRATEGY  1.  CONVERGENCE WHEN EDM .LT. 1.00e-03
 FCN=-52583.8 FROM MIGRAD    STATUS=INITIATE       38 CALLS          39 TOTAL
                     EDM= unknown      STRATEGY= 1      NO ERROR MATRIX       
  EXT PARAMETER               CURRENT GUESS       STEP         FIRST   
  NO.   NAME      VALUE            ERROR          SIZE      DERIVATIVE 
   1  NbkgMRS      1.02320e+03   5.11600e+02   2.57889e-01  -6.34480e+02
   2  NbkgPRS      9.65800e+02   4.82900e+02   2.57889e-01  -5.95634e+02
   3  NsigMRS      4.09280e+03   5.11600e+02   2.57889e-01   1.58599e+02
   4  NsigPRS      3.86320e+03   4.82900e+02   2.57889e-01   1.48888e+02
   5  coeffsig     1.00000e-01   5.00000e-02   1.72186e-01  -2.23014e+02
   6  mean         1.45500e+02   2.10000e+00   2.10680e-01  -1.38870e+03
   7  sigma1       5.00000e-01   2.50000e-01   1.18625e-01   1.33710e+02
   8  sigma2       5.00000e-01   2.50000e-01   1.18625e-01   1.07973e+02
   9  sigma3       1.10000e+00   5.50000e-01   1.81568e-01   1.84218e+03
                               ERR DEF= 0.5
 MIGRAD MINIMIZATION HAS CONVERGED.
 MIGRAD WILL VERIFY CONVERGENCE AND ERROR MATRIX.
 COVARIANCE MATRIX CALCULATED SUCCESSFULLY
 FCN=-52875.9 FROM MIGRAD    STATUS=CONVERGED     525 CALLS         526 TOTAL
                     EDM=1.29864e-05    STRATEGY= 1      ERROR MATRIX ACCURATE 
  EXT PARAMETER                                   STEP         FIRST   
  NO.   NAME      VALUE            ERROR          SIZE      DERIVATIVE 
   1  NbkgMRS      1.42095e+03   4.61046e+01   2.97985e-03   6.81777e-02
   2  NbkgPRS      1.33076e+03   4.44211e+01   3.05704e-03   6.28993e-04
   3  NsigMRS      3.69512e+03   6.63206e+01   4.41425e-03   1.61737e-02
   4  NsigPRS      3.49831e+03   6.43396e+01   4.55531e-03   4.54266e-02
   5  coeffsig     8.48953e-01   1.91739e-02   4.78175e-03  -2.23076e-02
   6  mean         1.45449e+02   3.48555e-02   1.81047e-04  -1.30148e+00
   7  sigma1       7.30778e-01   2.90742e-02   7.17208e-04   4.09647e-01
   8  sigma2       8.28786e-01   2.65368e-02   7.37469e-04  -5.73965e-02
   9  sigma3       2.09181e+00   1.48477e-01   3.88962e-03   6.29758e-02
                               ERR DEF= 0.5
 EXTERNAL ERROR MATRIX.    NDIM=  25    NPAR=  9    ERR DEF=0.5
  2.126e+03  2.089e+02 -7.035e+02 -2.090e+02  7.736e-02 -3.474e-02 -1.869e-02 -3.616e-03 -1.131e+00 
  2.089e+02  1.974e+03 -2.090e+02 -6.414e+02  6.877e-02 -3.936e-02 -2.503e-02  6.170e-03 -1.117e+00 
 -7.035e+02 -2.090e+02  4.400e+03  2.090e+02 -7.722e-02  3.488e-02  1.881e-02  3.493e-03  1.132e+00 
 -2.090e+02 -6.414e+02  2.090e+02  4.141e+03 -6.863e-02  3.947e-02  2.513e-02 -6.260e-03  1.118e+00 
  7.736e-02  6.877e-02 -7.722e-02 -6.863e-02  3.680e-04  1.110e-04  2.717e-04  1.096e-04  1.866e-03 
 -3.474e-02 -3.936e-02  3.488e-02  3.947e-02  1.110e-04  1.215e-03  8.497e-04 -7.329e-04  1.178e-03 
 -1.869e-02 -2.503e-02  1.881e-02  2.513e-02  2.717e-04  8.497e-04  8.453e-04 -3.822e-04  1.867e-03 
 -3.616e-03  6.170e-03  3.493e-03 -6.260e-03  1.096e-04 -7.329e-04 -3.822e-04  7.042e-04  2.174e-04 
 -1.131e+00 -1.117e+00  1.132e+00  1.118e+00  1.866e-03  1.178e-03  1.867e-03  2.174e-04  2.206e-02 
 PARAMETER  CORRELATION COEFFICIENTS  
       NO.  GLOBAL      1      2      3      4      5      6      7      8      9
        1  0.36085   1.000  0.102 -0.230 -0.070  0.087 -0.022 -0.014 -0.003 -0.165
        2  0.35432   0.102  1.000 -0.071 -0.224  0.081 -0.025 -0.019  0.005 -0.169
        3  0.27936  -0.230 -0.071  1.000  0.049 -0.061  0.015  0.010  0.002  0.115
        4  0.27305  -0.070 -0.224  0.049  1.000 -0.056  0.018  0.013 -0.004  0.117
        5  0.82704   0.087  0.081 -0.061 -0.056  1.000  0.166  0.487  0.215  0.655
        6  0.94446  -0.022 -0.025  0.015  0.018  0.166  1.000  0.838 -0.792  0.228
        7  0.91464  -0.014 -0.019  0.010  0.013  0.487  0.838  1.000 -0.495  0.432
        8  0.87594  -0.003  0.005  0.002 -0.004  0.215 -0.792 -0.495  1.000  0.055
        9  0.74144  -0.165 -0.169  0.115  0.117  0.655  0.228  0.432  0.055  1.000
 **********
 **   18 **HESSE        4500
 **********
 COVARIANCE MATRIX CALCULATED SUCCESSFULLY
 FCN=-52875.9 FROM HESSE     STATUS=OK             73 CALLS         599 TOTAL
                     EDM=1.30964e-05    STRATEGY= 1      ERROR MATRIX ACCURATE 
  EXT PARAMETER                                INTERNAL      INTERNAL  
  NO.   NAME      VALUE            ERROR       STEP SIZE       VALUE   
   1  NbkgMRS      1.42095e+03   4.61417e+01   1.19194e-04  -4.60626e-01
   2  NbkgPRS      1.33076e+03   4.44575e+01   1.22281e-04  -4.65474e-01
   3  NsigMRS      3.69512e+03   6.63497e+01   1.76570e-04   4.60656e-01
   4  NsigPRS      3.49831e+03   6.43680e+01   1.82212e-04   4.65508e-01
   5  coeffsig     8.48953e-01   1.93210e-02   1.91270e-04   7.72469e-01
   6  mean         1.45449e+02   3.53700e-02   3.62095e-05  -2.94839e-01
   7  sigma1       7.30778e-01   2.94490e-02   2.86883e-05  -1.02333e+00
   8  sigma2       8.28786e-01   2.68534e-02   2.94987e-05  -9.86758e-01
   9  sigma3       2.09181e+00   1.49701e-01   1.55585e-04  -6.20741e-01
                               ERR DEF= 0.5
 EXTERNAL ERROR MATRIX.    NDIM=  25    NPAR=  9    ERR DEF=0.5
  2.129e+03  2.119e+02 -7.083e+02 -2.119e+02  7.439e-02 -3.713e-02 -2.201e-02 -3.614e-03 -1.164e+00 
  2.119e+02  1.977e+03 -2.119e+02 -6.460e+02  6.583e-02 -4.203e-02 -2.853e-02  6.407e-03 -1.150e+00 
 -7.083e+02 -2.119e+02  4.404e+03  2.119e+02 -7.439e-02  3.713e-02  2.202e-02  3.610e-03  1.164e+00 
 -2.119e+02 -6.460e+02  2.119e+02  4.144e+03 -6.583e-02  4.204e-02  2.854e-02 -6.412e-03  1.150e+00 
  7.439e-02  6.583e-02 -7.439e-02 -6.583e-02  3.737e-04  1.162e-04  2.787e-04  1.095e-04  1.910e-03 
 -3.713e-02 -4.203e-02  3.713e-02  4.204e-02  1.162e-04  1.251e-03  8.765e-04 -7.562e-04  1.228e-03 
 -2.201e-02 -2.853e-02  2.202e-02  2.854e-02  2.787e-04  8.765e-04  8.673e-04 -3.975e-04  1.927e-03 
 -3.614e-03  6.407e-03  3.610e-03 -6.412e-03  1.095e-04 -7.562e-04 -3.975e-04  7.211e-04  2.086e-04 
 -1.164e+00 -1.150e+00  1.164e+00  1.150e+00  1.910e-03  1.228e-03  1.927e-03  2.086e-04  2.242e-02 
 PARAMETER  CORRELATION COEFFICIENTS  
       NO.  GLOBAL      1      2      3      4      5      6      7      8      9
        1  0.36278   1.000  0.103 -0.231 -0.071  0.083 -0.023 -0.016 -0.003 -0.168
        2  0.35634   0.103  1.000 -0.072 -0.226  0.077 -0.027 -0.022  0.005 -0.173
        3  0.28079  -0.231 -0.072  1.000  0.050 -0.058  0.016  0.011  0.002  0.117
        4  0.27453  -0.071 -0.226  0.050  1.000 -0.053  0.018  0.015 -0.004  0.119
        5  0.82994   0.083  0.077 -0.058 -0.053  1.000  0.170  0.490  0.211  0.660
        6  0.94611  -0.023 -0.027  0.016  0.018  0.170  1.000  0.842 -0.796  0.232
        7  0.91690  -0.016 -0.022  0.011  0.015  0.490  0.842  1.000 -0.503  0.437
        8  0.87905  -0.003  0.005  0.002 -0.004  0.211 -0.796 -0.503  1.000  0.052
        9  0.74638  -0.168 -0.173  0.117  0.119  0.660  0.232  0.437  0.052  1.000
75 ; 1.06357 ; 1.12326
[#1] INFO:Plotting -- RooAbsPdf::plotOn(modelMRS) directly selected PDF components: (modelBkg)
[#1] INFO:Plotting -- RooAbsPdf::plotOn(modelMRS) indirectly selected PDF components: ()
[#1] INFO:Plotting -- RooAbsPdf::plotOn(modelMRS) directly selected PDF components: (modelSig)
[#1] INFO:Plotting -- RooAbsPdf::plotOn(modelMRS) indirectly selected PDF components: (sig_pdf1,sig_pdf2)
[#1] INFO:Plotting -- RooAbsPdf::plotOn(modelPRS) directly selected PDF components: (modelBkg)
[#1] INFO:Plotting -- RooAbsPdf::plotOn(modelPRS) indirectly selected PDF components: ()
[#1] INFO:Plotting -- RooAbsPdf::plotOn(modelPRS) directly selected PDF components: (modelSig)
[#1] INFO:Plotting -- RooAbsPdf::plotOn(modelPRS) indirectly selected PDF components: (sig_pdf1,sig_pdf2)
PRS chi2: 0.915053 ; MPS chi2: 0.990346
