   ------------------------------------------------------------------
  | Welcome to ROOT 6.24/08                        https://root.cern |
  | (c) 1995-2021, The ROOT Team; conception: R. Brun, F. Rademakers |
  | Built for linuxx8664gcc on Sep 29 2022, 13:04:57                 |
  | From tags/v6-24-08@v6-24-08                                      |
  | With c++ (GCC) 4.8.5 20150623 (Red Hat 4.8.5-44)                 |
  | Try '.help', '.demo', '.license', '.credits', '.quit'/'.q'       |
   ------------------------------------------------------------------


Processing full.C(0,6,"Down","2017")...

[1mRooFit v3.60 -- Developed by Wouter Verkerke and David Kirkby[0m 
                Copyright (C) 2000-2013 NIKHEF, University of California & Stanford University
                All rights reserved, please read http://roofit.sourceforge.net/license.txt

-------------------------
Set LHCb Style - May 2021
-------------------------
../fulltempt/PARAMs/FullMom_0_6.txt
[#0] WARNING:InputArguments -- The parameter 'sigma3' with range [0, 10] of the RooGaussian 'sig_pdf2' exceeds the safe range of (0, inf). Advise to limit its range.
[#0] ERROR:Integration --  RooNumIntFactory::Init : libRooFitMore cannot be loaded. GSL integrators will not beavailable ! 
[#1] INFO:Fitting -- RooAddition::defaultErrorLevel(nll) Summation contains a RooNLLVar, using its error level
 **********
 **   13 **MIGRAD        4500           1
 **********
 FIRST CALL TO USER FUNCTION AT NEW START POINT, WITH IFLAG=4.
 START MIGRAD MINIMIZATION.  STRATEGY  1.  CONVERGENCE WHEN EDM .LT. 1.00e-03
 FCN=-9288.5 FROM MIGRAD    STATUS=INITIATE       38 CALLS          39 TOTAL
                     EDM= unknown      STRATEGY= 1      NO ERROR MATRIX       
  EXT PARAMETER               CURRENT GUESS       STEP         FIRST   
  NO.   NAME      VALUE            ERROR          SIZE      DERIVATIVE 
   1  NbkgMRS      2.52800e+02   1.26400e+02   2.57889e-01  -6.16343e+01
   2  NbkgPRS      2.35600e+02   1.17800e+02   2.57889e-01  -8.58690e+01
   3  NsigMRS      1.01120e+03   1.26400e+02   2.57889e-01   1.54058e+01
   4  NsigPRS      9.42400e+02   1.17800e+02   2.57889e-01   2.14644e+01
   5  coeffsig     6.00000e-01   1.00000e-01   2.05758e-01   4.57913e+01
   6  mean         1.45500e+02   2.10000e+00   2.10680e-01  -5.00337e+03
   7  sigma1       6.00000e-01   3.00000e-01   1.30610e-01   3.27042e+02
   8  sigma2       3.00000e-01   1.50000e-01   9.09734e-02  -1.37143e+03
   9  sigma3       2.70000e+00   1.00000e+00   2.28898e-01   1.25440e+02
                               ERR DEF= 0.5
 MIGRAD MINIMIZATION HAS CONVERGED.
 MIGRAD WILL VERIFY CONVERGENCE AND ERROR MATRIX.
 COVARIANCE MATRIX CALCULATED SUCCESSFULLY
 FCN=-9395.14 FROM MIGRAD    STATUS=CONVERGED     322 CALLS         323 TOTAL
                     EDM=5.41276e-06    STRATEGY= 1      ERROR MATRIX ACCURATE 
  EXT PARAMETER                                   STEP         FIRST   
  NO.   NAME      VALUE            ERROR          SIZE      DERIVATIVE 
   1  NbkgMRS      3.37884e+02   2.34493e+01   2.51476e-03   2.00308e-02
   2  NbkgPRS      3.31074e+02   2.23305e+01   2.60434e-03  -1.36287e-02
   3  NsigMRS      9.26165e+02   3.37199e+01   3.80707e-03   2.20355e-02
   4  NsigPRS      8.46917e+02   3.18352e+01   3.85003e-03  -4.50321e-04
   5  coeffsig     7.18407e-01   2.51483e-02   2.79244e-03   6.00115e-03
   6  mean         1.45371e+02   4.92143e-02   1.31402e-04  -2.53118e-01
   7  sigma1       5.22141e-01   3.91255e-02   6.03857e-04   1.09485e-01
   8  sigma2       6.26853e-01   4.06904e-02   6.06367e-04   1.21838e-02
   9  sigma3       2.37515e+00   1.92762e-01   2.37638e-03  -4.47832e-02
                               ERR DEF= 0.5
 EXTERNAL ERROR MATRIX.    NDIM=  25    NPAR=  9    ERR DEF=0.5
  5.502e+02  7.731e+01 -2.120e+02 -7.731e+01  7.747e-02  2.718e-02 -6.688e-03 -3.111e-02 -1.460e+00 
  7.731e+01  4.989e+02 -7.730e+01 -1.676e+02  7.402e-02  2.976e-02  6.122e-03 -2.748e-02 -1.126e+00 
 -2.120e+02 -7.730e+01  1.138e+03  7.731e+01 -7.734e-02 -2.717e-02  6.720e-03  3.113e-02  1.461e+00 
 -7.731e+01 -1.676e+02  7.731e+01  1.015e+03 -7.390e-02 -2.973e-02 -6.067e-03  2.748e-02  1.126e+00 
  7.747e-02  7.402e-02 -7.734e-02 -7.390e-02  6.331e-04  7.212e-05  3.422e-04  2.776e-04  1.667e-03 
  2.718e-02  2.976e-02 -2.717e-02 -2.973e-02  7.212e-05  2.422e-03  1.515e-03 -1.532e-03  4.004e-04 
 -6.688e-03  6.122e-03  6.720e-03 -6.067e-03  3.422e-04  1.515e-03  1.531e-03 -6.912e-04  1.860e-03 
 -3.111e-02 -2.748e-02  3.113e-02  2.748e-02  2.776e-04 -1.532e-03 -6.912e-04  1.656e-03  1.340e-03 
 -1.460e+00 -1.126e+00  1.461e+00  1.126e+00  1.667e-03  4.004e-04  1.860e-03  1.340e-03  3.718e-02 
 PARAMETER  CORRELATION COEFFICIENTS  
       NO.  GLOBAL      1      2      3      4      5      6      7      8      9
        1  0.44378   1.000  0.148 -0.268 -0.103  0.131  0.024 -0.007 -0.033 -0.323
        2  0.38636   0.148  1.000 -0.103 -0.236  0.132  0.027  0.007 -0.030 -0.261
        3  0.33166  -0.268 -0.103  1.000  0.072 -0.091 -0.016  0.005  0.023  0.225
        4  0.29463  -0.103 -0.236  0.072  1.000 -0.092 -0.019 -0.005  0.021  0.183
        5  0.66637   0.131  0.132 -0.091 -0.092  1.000  0.058  0.348  0.271  0.344
        6  0.91661   0.024  0.027 -0.016 -0.019  0.058  1.000  0.787 -0.765  0.042
        7  0.85846  -0.007  0.007  0.005 -0.005  0.348  0.787  1.000 -0.434  0.246
        8  0.84194  -0.033 -0.030  0.023  0.021  0.271 -0.765 -0.434  1.000  0.171
        9  0.62098  -0.323 -0.261  0.225  0.183  0.344  0.042  0.246  0.171  1.000
 **********
 **   18 **HESSE        4500
 **********
 COVARIANCE MATRIX CALCULATED SUCCESSFULLY
 FCN=-9395.14 FROM HESSE     STATUS=OK             73 CALLS         396 TOTAL
                     EDM=5.4215e-06    STRATEGY= 1      ERROR MATRIX ACCURATE 
  EXT PARAMETER                                INTERNAL      INTERNAL  
  NO.   NAME      VALUE            ERROR       STEP SIZE       VALUE   
   1  NbkgMRS      3.37884e+02   2.34787e+01   5.02952e-04  -4.84057e-01
   2  NbkgPRS      3.31074e+02   2.23516e+01   1.04174e-04  -4.53267e-01
   3  NsigMRS      9.26165e+02   3.37429e+01   1.52283e-04   4.84144e-01
   4  NsigPRS      8.46917e+02   3.18515e+01   1.54001e-04   4.53250e-01
   5  coeffsig     7.18407e-01   2.51808e-02   5.58488e-04   4.52055e-01
   6  mean         1.45371e+02   4.97144e-02   2.62803e-05  -3.02618e-01
   7  sigma1       5.22141e-01   3.93892e-02   1.20771e-04  -1.10971e+00
   8  sigma2       6.26853e-01   4.10522e-02   2.42547e-05  -1.06467e+00
   9  sigma3       2.37515e+00   1.93368e-01   9.50553e-05  -5.52680e-01
                               ERR DEF= 0.5
 EXTERNAL ERROR MATRIX.    NDIM=  25    NPAR=  9    ERR DEF=0.5
  5.516e+02  7.837e+01 -2.137e+02 -7.837e+01  7.662e-02  2.802e-02 -7.192e-03 -3.269e-02 -1.481e+00 
  7.837e+01  4.999e+02 -7.839e+01 -1.688e+02  7.338e-02  3.066e-02  5.875e-03 -2.890e-02 -1.142e+00 
 -2.137e+02 -7.839e+01  1.140e+03  7.839e+01 -7.663e-02 -2.802e-02  7.199e-03  3.270e-02  1.481e+00 
 -7.837e+01 -1.688e+02  7.839e+01  1.016e+03 -7.337e-02 -3.066e-02 -5.873e-03  2.891e-02  1.142e+00 
  7.662e-02  7.338e-02 -7.663e-02 -7.337e-02  6.347e-04  7.271e-05  3.442e-04  2.788e-04  1.681e-03 
  2.802e-02  3.066e-02 -2.802e-02 -3.066e-02  7.271e-05  2.472e-03  1.546e-03 -1.569e-03  3.968e-04 
 -7.192e-03  5.875e-03  7.199e-03 -5.873e-03  3.442e-04  1.546e-03  1.552e-03 -7.132e-04  1.875e-03 
 -3.269e-02 -2.890e-02  3.270e-02  2.891e-02  2.788e-04 -1.569e-03 -7.132e-04  1.685e-03  1.358e-03 
 -1.481e+00 -1.142e+00  1.481e+00  1.142e+00  1.681e-03  3.968e-04  1.875e-03  1.358e-03  3.742e-02 
 PARAMETER  CORRELATION COEFFICIENTS  
       NO.  GLOBAL      1      2      3      4      5      6      7      8      9
        1  0.44604   1.000  0.149 -0.269 -0.105  0.130  0.024 -0.008 -0.034 -0.326
        2  0.38844   0.149  1.000 -0.104 -0.237  0.130  0.028  0.007 -0.031 -0.264
        3  0.33348  -0.269 -0.104  1.000  0.073 -0.090 -0.017  0.005  0.024  0.227
        4  0.29621  -0.105 -0.237  0.073  1.000 -0.091 -0.019 -0.005  0.022  0.185
        5  0.66745   0.130  0.130 -0.090 -0.091  1.000  0.058  0.347  0.270  0.345
        6  0.91835   0.024  0.028 -0.017 -0.019  0.058  1.000  0.790 -0.769  0.041
        7  0.86050  -0.008  0.007  0.005 -0.005  0.347  0.790  1.000 -0.441  0.246
        8  0.84497  -0.034 -0.031  0.024  0.022  0.270 -0.769 -0.441  1.000  0.171
        9  0.62407  -0.326 -0.264  0.227  0.185  0.345  0.041  0.246  0.171  1.000
75 ; 0.853846 ; 1.49046
[#1] INFO:Plotting -- RooAbsPdf::plotOn(modelMRS) directly selected PDF components: (modelBkg)
[#1] INFO:Plotting -- RooAbsPdf::plotOn(modelMRS) indirectly selected PDF components: ()
[#1] INFO:Plotting -- RooAbsPdf::plotOn(modelMRS) directly selected PDF components: (modelSig)
[#1] INFO:Plotting -- RooAbsPdf::plotOn(modelMRS) indirectly selected PDF components: (sig_pdf1,sig_pdf2)
[#1] INFO:Plotting -- RooAbsPdf::plotOn(modelPRS) directly selected PDF components: (modelBkg)
[#1] INFO:Plotting -- RooAbsPdf::plotOn(modelPRS) indirectly selected PDF components: ()
[#1] INFO:Plotting -- RooAbsPdf::plotOn(modelPRS) directly selected PDF components: (modelSig)
[#1] INFO:Plotting -- RooAbsPdf::plotOn(modelPRS) indirectly selected PDF components: (sig_pdf1,sig_pdf2)
PRS chi2: 0.658351 ; MPS chi2: 1.00421
