   ------------------------------------------------------------------
  | Welcome to ROOT 6.24/08                        https://root.cern |
  | (c) 1995-2021, The ROOT Team; conception: R. Brun, F. Rademakers |
  | Built for linuxx8664gcc on Sep 29 2022, 13:04:57                 |
  | From tags/v6-24-08@v6-24-08                                      |
  | With c++ (GCC) 4.8.5 20150623 (Red Hat 4.8.5-44)                 |
  | Try '.help', '.demo', '.license', '.credits', '.quit'/'.q'       |
   ------------------------------------------------------------------


Processing full.C(0,6,"Up","2018")...

[1mRooFit v3.60 -- Developed by Wouter Verkerke and David Kirkby[0m 
                Copyright (C) 2000-2013 NIKHEF, University of California & Stanford University
                All rights reserved, please read http://roofit.sourceforge.net/license.txt

-------------------------
Set LHCb Style - May 2021
-------------------------
../fulltempt/PARAMs/FullMom_0_6.txt
../../../../../selection/promptD/results/2018MagUpFullRS.root/DecayTree
[#0] WARNING:InputArguments -- The parameter 'sigma3' with range [0, 50] of the RooGaussian 'sig_pdf2' exceeds the safe range of (0, inf). Advise to limit its range.
[#0] ERROR:Integration --  RooNumIntFactory::Init : libRooFitMore cannot be loaded. GSL integrators will not beavailable ! 
[#1] INFO:NumericIntegration -- RooRealIntegral::init(modelBkg_default_Int[x]) using numeric integrator RooIntegrator1D to calculate Int(x)
[#1] INFO:NumericIntegration -- RooRealIntegral::init(modelBkg_default_Int[x]) using numeric integrator RooIntegrator1D to calculate Int(x)
[#1] INFO:Fitting -- RooAddition::defaultErrorLevel(nll_d) Summation contains a RooNLLVar, using its error level
 **********
 **   13 **MIGRAD        6000           1
 **********
 FIRST CALL TO USER FUNCTION AT NEW START POINT, WITH IFLAG=4.
 START MIGRAD MINIMIZATION.  STRATEGY  1.  CONVERGENCE WHEN EDM .LT. 1.00e-03
 FCN=-8026.17 FROM MIGRAD    STATUS=INITIATE       89 CALLS          90 TOTAL
                     EDM= unknown      STRATEGY= 1      NO ERROR MATRIX       
  EXT PARAMETER               CURRENT GUESS       STEP         FIRST   
  NO.   NAME      VALUE            ERROR          SIZE      DERIVATIVE 
   1  NbkgMRS_d    1.15400e+02   5.77000e+01   0.00000e+00  -5.15356e+02
   2  NbkgPRS_d    1.08700e+02   5.43500e+01   0.00000e+00  -6.10022e+02
   3  NsigMRS_d    1.03860e+03   5.77000e+01   0.00000e+00   5.72372e+01
   4  NsigPRS_d    7.83614e+02   5.43500e+01  -4.69700e-01   5.38309e+00
   5  am           1.10000e+01   3.00000e+00   0.00000e+00  -8.08826e+02
   6  bm          -2.40000e+01   5.00000e+00   0.00000e+00  -3.53068e+02
   7  cm           4.00000e-01   5.20000e+00   0.00000e+00  -7.25450e+02
   8  coeffsig     9.00000e-01   5.00000e-02   0.00000e+00   3.68941e+02
   9  dm0          1.39400e+02   2.00000e+00   0.00000e+00   8.59866e-01
  10  mean         1.45400e+02   2.10000e+00   0.00000e+00   6.56392e+02
  11  sigma1       6.00000e-01   3.00000e-01   0.00000e+00  -3.22857e+02
  12  sigma2       7.00000e-01   3.50000e-01   0.00000e+00  -1.25312e+02
                               ERR DEF= 0.5
 MIGRAD FAILS TO FIND IMPROVEMENT
 COVARIANCE MATRIX CALCULATED SUCCESSFULLY
 FCN=-8393.18 FROM HESSE     STATUS=OK            133 CALLS         943 TOTAL
                     EDM=0.000285169    STRATEGY= 1      ERROR MATRIX ACCURATE 
  EXT PARAMETER                                   STEP         FIRST   
  NO.   NAME      VALUE            ERROR          SIZE      DERIVATIVE 
   1  NbkgMRS_d    4.41730e+02   3.03023e+01   2.63697e-03   1.37085e-02
   2  NbkgPRS_d    4.59972e+02   2.97116e+01   2.79014e-03  -1.91273e-02
   3  NsigMRS_d    7.12250e+02   3.44918e+01   3.20462e-03   2.42507e-02
   4  NsigPRS_d    6.26987e+02   3.24005e+01   3.16702e-03  -2.14773e-02
   5  am           1.07666e+01   4.06956e-01   6.23653e-04   1.30159e-02
   6  bm          -2.33585e+01   1.32911e+00   1.16914e-03  -7.03396e-02
   7  cm           8.44646e-01   2.09269e-01   1.93926e-04  -4.93840e-01
   8  coeffsig     9.46349e-01   3.18072e-02   5.47722e-03  -1.78675e-03
   9  dm0          1.39299e+02   2.14928e-02   3.97587e-04  -1.86875e+00
  10  mean         1.45344e+02   5.86548e-02   1.32537e-04   2.60449e+00
  11  sigma1       5.55453e-01   4.21733e-02   5.54236e-04   3.67756e-01
  12  sigma2       7.04013e-01   4.29908e-02   5.58035e-04  -1.45915e-01
                               ERR DEF= 0.5
 MIGRAD MINIMIZATION HAS CONVERGED.
 FCN=-8393.18 FROM MIGRAD    STATUS=CONVERGED     968 CALLS         969 TOTAL
                     EDM=5.90111e-06    STRATEGY= 1  ERROR MATRIX UNCERTAINTY   0.1 per cent
  EXT PARAMETER                                   STEP         FIRST   
  NO.   NAME      VALUE            ERROR          SIZE      DERIVATIVE 
   1  NbkgMRS_d    4.41749e+02   3.03059e+01   3.43053e-05  -1.39509e-03
   2  NbkgPRS_d    4.60018e+02   2.97180e+01   8.64364e-05   5.02588e-04
   3  NsigMRS_d    7.12252e+02   3.44915e+01  -3.13224e-06  -1.32041e-03
   4  NsigPRS_d    6.26984e+02   3.24009e+01  -5.00820e-06   1.23589e-03
   5  am           1.07654e+01   4.08216e-01  -9.09202e-05   1.49201e-02
   6  bm          -2.33553e+01   1.33315e+00   1.26796e-04  -4.06085e-03
   7  cm           8.44983e-01   2.08910e-01   7.25251e-06   5.86899e-02
   8  coeffsig     9.46370e-01   3.18070e-02   9.06420e-05  -7.69020e-05
   9  dm0          1.39299e+02   2.19776e-02   8.60245e-06  -1.52716e+00
  10  mean         1.45343e+02   5.92950e-02  -1.41987e-04  -8.42516e-02
  11  sigma1       5.54509e-01   4.24095e-02  -4.12253e-04  -1.65098e-02
  12  sigma2       7.04871e-01   4.34561e-02   3.35327e-04  -1.23834e-02
                               ERR DEF= 0.5
 EXTERNAL ERROR MATRIX.    NDIM=  28    NPAR= 12    ERR DEF=0.5
 ELEMENTS ABOVE DIAGONAL ARE NOT PRINTED.
  9.193e+02 
  3.281e+02  8.841e+02 
  4.784e+02  3.287e+02  1.191e+03 
 -3.281e+02 -4.239e+02 -3.288e+02  1.051e+03 
 -4.061e+00 -3.858e+00 -4.061e+00  3.843e+00  1.667e-01 
  2.680e+00  2.681e+00  2.650e+00 -2.611e+00 -4.520e-01  1.779e+00 
  1.778e+00  1.709e+00  1.786e+00 -1.719e+00 -8.577e-03 -8.748e-02  4.364e-02 
  5.566e-01  5.063e-01  5.576e-01 -5.064e-01 -5.319e-03  5.230e-03  1.543e-03  1.018e-03 
 -1.779e-02 -1.299e-02 -2.044e-02  1.833e-02  2.419e-04  4.069e-04 -5.365e-04 -2.712e-05  4.830e-04 
 -7.063e-02 -4.714e-02 -6.981e-02  4.677e-02  6.334e-04 -2.273e-04 -2.401e-04 -7.828e-05 -1.779e-04  3.516e-03 
 -8.800e-02 -7.080e-02 -8.765e-02  7.071e-02  5.723e-04  1.953e-03 -8.810e-04  4.127e-05 -1.176e-04  2.158e-03  1.799e-03 
  5.045e-02  1.916e-02  4.986e-02 -1.880e-02  5.951e-05 -8.189e-04 -2.767e-04  2.174e-04  1.054e-04 -2.125e-03 -1.150e-03 
  5.045e-02  1.916e-02  4.986e-02 -1.880e-02  5.951e-05 -8.189e-04 -2.767e-04  2.174e-04  1.054e-04 -2.125e-03 -1.150e-03  1.889e-03 
 PARAMETER  CORRELATION COEFFICIENTS  
       NO.  GLOBAL      1      2      3      4      5      6      7      8      9     10     11     12
        1  0.63745   1.000  0.364  0.457 -0.334 -0.328  0.066  0.281  0.575 -0.027 -0.039 -0.068  0.038
        2  0.60429   0.364  1.000  0.320 -0.440 -0.318  0.068  0.275  0.534 -0.020 -0.027 -0.056  0.015
        3  0.56746   0.457  0.320  1.000 -0.294 -0.288  0.058  0.248  0.506 -0.027 -0.034 -0.060  0.033
        4  0.55912  -0.334 -0.440 -0.294  1.000  0.290 -0.060 -0.254 -0.489  0.026  0.024  0.051 -0.013
        5  0.94234  -0.328 -0.318 -0.288  0.290  1.000 -0.830 -0.101 -0.408  0.027  0.026  0.033  0.003
        6  0.93824   0.066  0.068  0.058 -0.060 -0.830  1.000 -0.314  0.123  0.014 -0.003  0.035 -0.014
        7  0.73268   0.281  0.275  0.248 -0.254 -0.101 -0.314  1.000  0.231 -0.117 -0.019 -0.099 -0.030
        8  0.79167   0.575  0.534  0.506 -0.489 -0.408  0.123  0.231  1.000 -0.039 -0.041  0.030  0.157
        9  0.18842  -0.027 -0.020 -0.027  0.026  0.027  0.014 -0.117 -0.039  1.000 -0.137 -0.126  0.110
       10  0.93535  -0.039 -0.027 -0.034  0.024  0.026 -0.003 -0.019 -0.041 -0.137  1.000  0.858 -0.825
       11  0.88128  -0.068 -0.056 -0.060  0.051  0.033  0.035 -0.099  0.030 -0.126  0.858  1.000 -0.624
       12  0.85432   0.038  0.015  0.033 -0.013  0.003 -0.014 -0.030  0.157  0.110 -0.825 -0.624  1.000
 **********
 **   18 **HESSE        6000
 **********
 COVARIANCE MATRIX CALCULATED SUCCESSFULLY
 FCN=-8393.18 FROM HESSE     STATUS=OK            135 CALLS        1104 TOTAL
                     EDM=0.000125439    STRATEGY= 1      ERROR MATRIX ACCURATE 
  EXT PARAMETER                                INTERNAL      INTERNAL  
  NO.   NAME      VALUE            ERROR       STEP SIZE       VALUE   
   1  NbkgMRS_d    4.41749e+02   3.06640e+01   1.05479e-03  -2.36605e-01
   2  NbkgPRS_d    4.60018e+02   3.00453e+01   1.11606e-03  -1.54211e-01
   3  NsigMRS_d    7.12252e+02   3.47977e+01   1.28185e-03  -3.37820e+00
   4  NsigPRS_d    6.26984e+02   3.27029e+01   1.26681e-03   1.54215e-01
   5  am           1.07654e+01   4.50256e-01   2.49461e-04   3.94513e-01
   6  bm          -2.33553e+01   1.45460e+00   4.67657e-04   6.58348e-02
   7  cm           8.44983e-01   2.34033e-01   7.75705e-05  -1.11229e+00
   8  coeffsig     9.46370e-01   3.24462e-02   2.19089e-03   1.10339e+00
   9  dm0          1.39299e+02   7.18578e-02   1.35026e-04  -7.01675e-02
  10  mean         1.45343e+02   5.88587e-02   1.32546e-04  -3.05441e-01
  11  sigma1       5.54509e-01   4.22827e-02   5.54249e-04  -1.09537e+00
  12  sigma2       7.04871e-01   4.31312e-02   5.58106e-04  -1.03336e+00
                               ERR DEF= 0.5
 EXTERNAL ERROR MATRIX.    NDIM=  28    NPAR= 12    ERR DEF=0.5
 ELEMENTS ABOVE DIAGONAL ARE NOT PRINTED.
  9.412e+02 
  3.487e+02  9.037e+02 
  4.999e+02  3.491e+02  1.212e+03 
 -3.488e+02 -4.436e+02 -3.492e+02  1.071e+03 
 -4.796e+00 -4.547e+00 -4.800e+00  4.548e+00  2.028e-01 
  4.349e+00  4.229e+00  4.353e+00 -4.231e+00 -5.558e-01  2.118e+00 
  2.093e+00  2.011e+00  2.095e+00 -2.011e+00 -1.358e-02 -9.410e-02  5.477e-02 
  5.870e-01  5.349e-01  5.875e-01 -5.351e-01 -6.352e-03  7.630e-03  1.954e-03  1.060e-03 
 -2.443e-01 -2.287e-01 -2.446e-01  2.287e-01  5.196e-03 -6.523e-04 -7.693e-03 -3.243e-04  5.164e-03 
 -6.209e-02 -3.988e-02 -6.215e-02  3.990e-02 -5.342e-05  2.569e-03 -5.638e-04 -6.423e-05 -3.698e-07  3.464e-03 
 -8.178e-02 -6.566e-02 -8.185e-02  6.564e-02  7.536e-05  3.990e-03 -1.130e-03  5.158e-05  1.976e-05  2.132e-03  1.788e-03 
  4.521e-02  1.443e-02  4.526e-02 -1.449e-02  5.449e-04 -2.771e-03 -6.876e-05  2.087e-04 -5.523e-06 -2.086e-03 -1.130e-03 
  4.521e-02  1.443e-02  4.526e-02 -1.449e-02  5.449e-04 -2.771e-03 -6.876e-05  2.087e-04 -5.523e-06 -2.086e-03 -1.130e-03  1.860e-03 
 PARAMETER  CORRELATION COEFFICIENTS  
       NO.  GLOBAL      1      2      3      4      5      6      7      8      9     10     11     12
        1  0.64815   1.000  0.378  0.468 -0.347 -0.347  0.097  0.291  0.588 -0.111 -0.034 -0.063  0.034
        2  0.61554   0.378  1.000  0.333 -0.451 -0.336  0.097  0.286  0.546 -0.106 -0.023 -0.052  0.011
        3  0.57772   0.468  0.333  1.000 -0.306 -0.306  0.086  0.257  0.518 -0.098 -0.030 -0.056  0.030
        4  0.57021  -0.347 -0.451 -0.306  1.000  0.309 -0.089 -0.263 -0.502  0.097  0.021  0.047 -0.010
        5  0.95288  -0.347 -0.336 -0.306  0.309  1.000 -0.848 -0.129 -0.433  0.161 -0.002  0.004  0.028
        6  0.94844   0.097  0.097  0.086 -0.089 -0.848  1.000 -0.276  0.161 -0.006  0.030  0.065 -0.044
        7  0.79404   0.291  0.286  0.257 -0.263 -0.129 -0.276  1.000  0.256 -0.457 -0.041 -0.114 -0.007
        8  0.80081   0.588  0.546  0.518 -0.502 -0.433  0.161  0.256  1.000 -0.139 -0.034  0.037  0.149
        9  0.49009  -0.111 -0.106 -0.098  0.097  0.161 -0.006 -0.457 -0.139  1.000 -0.000  0.007 -0.002
       10  0.93433  -0.034 -0.023 -0.030  0.021 -0.002  0.030 -0.041 -0.034 -0.000  1.000  0.857 -0.822
       11  0.88044  -0.063 -0.052 -0.056  0.047  0.004  0.065 -0.114  0.037  0.007  0.857  1.000 -0.619
       12  0.85204   0.034  0.011  0.030 -0.010  0.028 -0.044 -0.007  0.149 -0.002 -0.822 -0.619  1.000
[#1] INFO:NumericIntegration -- RooRealIntegral::init(modelBkg_default_Int[x]) using numeric integrator RooIntegrator1D to calculate Int(x)
[#1] INFO:NumericIntegration -- RooRealIntegral::init(modelBkg_default_Int[x]) using numeric integrator RooIntegrator1D to calculate Int(x)
aaaa0 ; 0 ; 0
aaaa1 ; 1 ; 0
aaaa2 ; 0 ; 0
aaaa3 ; 1 ; 0
aaaa4 ; 0 ; 0
aaaa5 ; 1 ; 0
aaaa6 ; 2 ; 4
aaaa7 ; 2 ; 5
aaaa8 ; 1 ; 4
aaaa9 ; 8 ; 8
aaaa10 ; 6 ; 7
aaaa11 ; 10 ; 9
aaaa12 ; 9 ; 5
aaaa13 ; 10 ; 6
aaaa14 ; 14 ; 10
aaaa15 ; 5 ; 8
aaaa16 ; 5 ; 7
aaaa17 ; 9 ; 10
aaaa18 ; 9 ; 7
aaaa19 ; 4 ; 3
aaaa20 ; 9 ; 6
aaaa21 ; 6 ; 10
aaaa22 ; 11 ; 3
aaaa23 ; 9 ; 16
aaaa24 ; 17 ; 4
aaaa25 ; 23 ; 7
aaaa26 ; 45 ; 4
aaaa27 ; 77 ; 5
aaaa28 ; 92 ; 7
aaaa29 ; 105 ; 7
aaaa30 ; 96 ; 6
aaaa31 ; 77 ; 3
aaaa32 ; 51 ; 8
aaaa33 ; 37 ; 7
aaaa34 ; 27 ; 3
aaaa35 ; 21 ; 4
aaaa36 ; 10 ; 4
aaaa37 ; 6 ; 9
aaaa38 ; 8 ; 5
aaaa39 ; 12 ; 9
aaaa40 ; 5 ; 5
aaaa41 ; 7 ; 2
aaaa42 ; 4 ; 5
aaaa43 ; 3 ; 3
aaaa44 ; 4 ; 3
aaaa45 ; 5 ; 6
aaaa46 ; 3 ; 6
aaaa47 ; 2 ; 8
aaaa48 ; 2 ; 6
aaaa49 ; 2 ; 3
aaaa50 ; 4 ; 5
aaaa51 ; 4 ; 4
aaaa52 ; 5 ; 3
aaaa53 ; 10 ; 4
aaaa54 ; 3 ; 3
aaaa55 ; 5 ; 7
aaaa56 ; 13 ; 5
aaaa57 ; 7 ; 8
aaaa58 ; 2 ; 4
aaaa59 ; 2 ; 10
aaaa60 ; 4 ; 3
aaaa61 ; 5 ; 0
aaaa62 ; 7 ; 8
aaaa63 ; 5 ; 4
aaaa64 ; 7 ; 8
aaaa65 ; 5 ; 7
aaaa66 ; 8 ; 4
aaaa67 ; 7 ; 7
aaaa68 ; 2 ; 4
aaaa69 ; 5 ; 5
aaaa70 ; 8 ; 3
aaaa71 ; 9 ; 6
aaaa72 ; 7 ; 10
aaaa73 ; 4 ; 3
aaaa74 ; 9 ; 3
aaaa75 ; 18 ; 7
aaaa76 ; 4 ; 6
aaaa77 ; 6 ; 6
aaaa78 ; 7 ; 10
aaaa79 ; 3 ; 7
aaaa80 ; 8 ; 7
aaaa81 ; 4 ; 6
aaaa82 ; 9 ; 6
aaaa83 ; 8 ; 10
[#0] WARNING:Plotting -- RooHist::addBin(signal_hist_plot__x) WARNING: negative entry set to zero when Poisson error bars are requested
[#0] WARNING:Plotting -- RooHist::addBin(signal_hist_plot__x) WARNING: negative entry set to zero when Poisson error bars are requested
[#0] WARNING:Plotting -- RooHist::addBin(signal_hist_plot__x) WARNING: negative entry set to zero when Poisson error bars are requested
[#0] WARNING:Plotting -- RooHist::addBin(signal_hist_plot__x) WARNING: negative entry set to zero when Poisson error bars are requested
[#0] WARNING:Plotting -- RooHist::addBin(signal_hist_plot__x) WARNING: negative entry set to zero when Poisson error bars are requested
[#0] WARNING:Plotting -- RooHist::addBin(signal_hist_plot__x) WARNING: negative entry set to zero when Poisson error bars are requested
[#0] WARNING:Plotting -- RooHist::addBin(signal_hist_plot__x) WARNING: negative entry set to zero when Poisson error bars are requested
[#0] WARNING:Plotting -- RooHist::addBin(signal_hist_plot__x) WARNING: negative entry set to zero when Poisson error bars are requested
[#0] WARNING:Plotting -- RooHist::addBin(signal_hist_plot__x) WARNING: negative entry set to zero when Poisson error bars are requested
[#0] WARNING:Plotting -- RooHist::addBin(signal_hist_plot__x) WARNING: negative entry set to zero when Poisson error bars are requested
[#0] WARNING:Plotting -- RooHist::addBin(signal_hist_plot__x) WARNING: negative entry set to zero when Poisson error bars are requested
[#0] WARNING:Plotting -- RooHist::addBin(signal_hist_plot__x) WARNING: negative entry set to zero when Poisson error bars are requested
[#0] WARNING:Plotting -- RooHist::addBin(signal_hist_plot__x) WARNING: negative entry set to zero when Poisson error bars are requested
[#0] WARNING:Plotting -- RooHist::addBin(signal_hist_plot__x) WARNING: negative entry set to zero when Poisson error bars are requested
[#0] WARNING:Plotting -- RooHist::addBin(signal_hist_plot__x) WARNING: negative entry set to zero when Poisson error bars are requested
[#0] WARNING:Plotting -- RooHist::addBin(signal_hist_plot__x) WARNING: negative entry set to zero when Poisson error bars are requested
[#0] WARNING:Plotting -- RooHist::addBin(signal_hist_plot__x) WARNING: negative entry set to zero when Poisson error bars are requested
[#0] WARNING:Plotting -- RooHist::addBin(signal_hist_plot__x) WARNING: negative entry set to zero when Poisson error bars are requested
[#0] WARNING:Plotting -- RooHist::addBin(signal_hist_plot__x) WARNING: negative entry set to zero when Poisson error bars are requested
[#0] WARNING:Plotting -- RooHist::addBin(signal_hist_plot__x) WARNING: negative entry set to zero when Poisson error bars are requested
[#0] WARNING:Plotting -- RooHist::addBin(signal_hist_plot__x) WARNING: negative entry set to zero when Poisson error bars are requested
[#0] WARNING:Plotting -- RooHist::addBin(signal_hist_plot__x) WARNING: negative entry set to zero when Poisson error bars are requested
[#0] WARNING:Plotting -- RooHist::addBin(signal_hist_plot__x) WARNING: negative entry set to zero when Poisson error bars are requested
[#0] WARNING:Plotting -- RooHist::addBin(signal_hist_plot__x) WARNING: negative entry set to zero when Poisson error bars are requested
[#0] WARNING:Plotting -- RooHist::addBin(signal_hist_plot__x) WARNING: negative entry set to zero when Poisson error bars are requested
[#0] WARNING:Plotting -- RooHist::addBin(signal_hist_plot__x) WARNING: negative entry set to zero when Poisson error bars are requested
[#0] WARNING:Plotting -- RooHist::addBin(signal_hist_plot__x) WARNING: negative entry set to zero when Poisson error bars are requested
[#0] WARNING:Plotting -- RooHist::addBin(signal_hist_plot__x) WARNING: negative entry set to zero when Poisson error bars are requested
[#0] WARNING:Plotting -- RooHist::addBin(signal_hist_plot__x) WARNING: negative entry set to zero when Poisson error bars are requested
[#0] WARNING:Plotting -- RooHist::addBin(signal_hist_plot__x) WARNING: negative entry set to zero when Poisson error bars are requested
[#0] WARNING:Plotting -- RooHist::addBin(signal_hist_plot__x) WARNING: negative entry set to zero when Poisson error bars are requested
[#1] INFO:NumericIntegration -- RooRealIntegral::init(modelBkg_Int[x]) using numeric integrator RooIntegrator1D to calculate Int(x)
[#1] INFO:NumericIntegration -- RooRealIntegral::init(modelBkg_Int[x]) using numeric integrator RooIntegrator1D to calculate Int(x)
[#1] INFO:NumericIntegration -- RooRealIntegral::init(modelBkg_Int[x]) using numeric integrator RooIntegrator1D to calculate Int(x)
[#1] INFO:NumericIntegration -- RooRealIntegral::init(modelBkg_Int[x]) using numeric integrator RooIntegrator1D to calculate Int(x)
[#1] INFO:Fitting -- RooAddition::defaultErrorLevel(nll) Summation contains a RooNLLVar, using its error level
 **********
 **   13 **MIGRAD        4000           1
 **********
 FIRST CALL TO USER FUNCTION AT NEW START POINT, WITH IFLAG=4.
 START MIGRAD MINIMIZATION.  STRATEGY  1.  CONVERGENCE WHEN EDM .LT. 1.00e-03
 FCN=-8545.25 FROM MIGRAD    STATUS=INITIATE       26 CALLS          27 TOTAL
                     EDM= unknown      STRATEGY= 1      NO ERROR MATRIX       
  EXT PARAMETER               CURRENT GUESS       STEP         FIRST   
  NO.   NAME      VALUE            ERROR          SIZE      DERIVATIVE 
   1  NbkgMRS      4.41749e+02   2.00000e+01   2.01358e-01   7.27647e+00
   2  NbkgPRS      4.60018e+02   2.00000e+01   2.01358e-01   1.37560e+01
   3  NsigMRS      7.12252e+02   2.00000e+01   2.01358e-01  -4.51304e+00
   4  NsigPRS      6.26984e+02   2.00000e+01   2.01358e-01  -1.00926e+01
   5  am           1.07654e+01   4.50256e-01   3.25234e-02   1.83575e+02
   6  bm          -2.33553e+01   1.45460e+00   5.83437e-02   8.16364e+01
   7  cm           8.44983e-01   2.34033e-01   5.03606e-03   1.10504e+02
   8  dm0          1.39299e+02   7.18578e-02   7.20357e-03  -6.90085e+01
                               ERR DEF= 0.5
 MIGRAD MINIMIZATION HAS CONVERGED.
 FCN=-8561.95 FROM MIGRAD    STATUS=CONVERGED     274 CALLS         275 TOTAL
                     EDM=7.50188e-05    STRATEGY= 1  ERROR MATRIX UNCERTAINTY   3.3 per cent
  EXT PARAMETER                                   STEP         FIRST   
  NO.   NAME      VALUE            ERROR          SIZE      DERIVATIVE 
   1  NbkgMRS      3.95219e+02   2.20933e+01   1.20558e-04   4.50052e-03
   2  NbkgPRS      3.60036e+02   1.99144e+01   2.10877e-03  -1.31517e-02
   3  NsigMRS      7.58836e+02   2.50689e+01   1.40796e-03   3.26348e-03
   4  NsigPRS      7.26955e+02   2.81242e+01  -1.37600e-03   9.30302e-03
   5  am           1.04988e+01   4.01251e-01  -8.17718e-05   9.70537e-03
   6  bm          -2.28499e+01   1.32983e+00   1.72580e-04  -2.61799e-01
   7  cm           7.46514e-01   2.00202e-01  -2.20002e-05   5.19968e-01
   8  dm0          1.39335e+02   5.75245e-02   6.25031e-05  -2.13288e+00
                               ERR DEF= 0.5
 EXTERNAL ERROR MATRIX.    NDIM=  25    NPAR=  8    ERR DEF=0.5
  4.986e+02 -1.310e+00 -8.214e+01  1.100e+00 -9.094e-01  2.042e+00  3.500e-01 -6.408e-02 
 -1.310e+00  1.447e+00  5.068e+00 -1.876e+00  2.818e-01 -9.914e-01  1.944e-02  1.959e-02 
 -8.214e+01  5.068e+00  6.460e+02 -6.496e+00  9.860e-01 -1.441e+00 -5.465e-01  2.181e-01 
  1.100e+00 -1.876e+00 -6.496e+00  3.425e+00 -4.807e-01  1.702e+00 -6.836e-02 -1.852e-02 
 -9.094e-01  2.818e-01  9.860e-01 -4.807e-01  1.610e-01 -4.803e-01  3.144e-03 -2.998e-03 
  2.042e+00 -9.914e-01 -1.441e+00  1.702e+00 -4.803e-01  1.770e+00 -8.457e-02  1.761e-02 
  3.500e-01  1.944e-02 -5.465e-01 -6.836e-02  3.144e-03 -8.457e-02  4.008e-02 -5.057e-03 
 -6.408e-02  1.959e-02  2.181e-01 -1.852e-02 -2.998e-03  1.761e-02 -5.057e-03  3.309e-03 
 PARAMETER  CORRELATION COEFFICIENTS  
       NO.  GLOBAL      1      2      3      4      5      6      7      8
        1  0.19645   1.000 -0.049 -0.145  0.027 -0.101  0.069  0.078 -0.050
        2  0.86663  -0.049  1.000  0.166 -0.843  0.584 -0.620  0.081  0.283
        3  0.26146  -0.145  0.166  1.000 -0.138  0.097 -0.043 -0.107  0.149
        4  0.87773   0.027 -0.843 -0.138  1.000 -0.647  0.691 -0.185 -0.174
        5  0.93830  -0.101  0.584  0.097 -0.647  1.000 -0.900  0.039 -0.130
        6  0.94979   0.069 -0.620 -0.043  0.691 -0.900  1.000 -0.318  0.230
        7  0.72116   0.078  0.081 -0.107 -0.185  0.039 -0.318  1.000 -0.439
        8  0.68023  -0.050  0.283  0.149 -0.174 -0.130  0.230 -0.439  1.000
 **********
 **   18 **HESSE        4000
 **********
 COVARIANCE MATRIX CALCULATED SUCCESSFULLY
 FCN=-8561.95 FROM HESSE     STATUS=OK             77 CALLS         352 TOTAL
                     EDM=0.000672808    STRATEGY= 1      ERROR MATRIX ACCURATE 
  EXT PARAMETER                                INTERNAL      INTERNAL  
  NO.   NAME      VALUE            ERROR       STEP SIZE       VALUE   
   1  NbkgMRS      3.95219e+02   2.31434e+01   1.63068e-02  -4.83980e-01
   2  NbkgPRS      3.60036e+02   1.33386e+02   7.74160e-02  -1.58953e+00
   3  NsigMRS      7.58836e+02   2.96144e+01   2.11505e-02   4.84589e-01
   4  NsigPRS      7.26955e+02   1.53659e+02   1.06407e-01   1.59487e+00
   5  am           1.04988e+01   4.11132e-01   6.92199e-04   3.75336e-01
   6  bm          -2.28499e+01   1.42458e+00   1.26057e-03   8.61113e-02
   7  cm           7.46514e-01   2.06751e-01   2.09720e-04  -1.11441e+00
   8  dm0          1.39335e+02   5.20401e-02   2.60033e-04  -6.65637e-02
                               ERR DEF= 0.5
 EXTERNAL ERROR MATRIX.    NDIM=  25    NPAR=  8    ERR DEF=0.5
  5.483e+02  1.413e-01 -1.525e+02  6.404e-01 -5.010e-01 -9.806e-01  6.412e-01 -2.397e-02 
  1.413e-01  5.166e+00 -1.403e-01  1.095e-01 -4.974e-03 -3.572e-03  5.480e-03 -2.127e-04 
 -1.525e+02 -1.403e-01  9.119e+02 -6.354e-01  4.968e-01  9.745e-01 -6.363e-01  2.377e-02 
  6.404e-01  1.095e-01 -6.354e-01  1.612e+01 -2.254e-02 -1.618e-02  2.483e-02 -9.636e-04 
 -5.010e-01 -4.974e-03  4.968e-01 -2.254e-02  1.691e-01 -5.223e-01  6.338e-03  1.253e-03 
 -9.806e-01 -3.572e-03  9.745e-01 -1.618e-02 -5.223e-01  2.032e+00 -1.050e-01  8.992e-04 
  6.412e-01  5.480e-03 -6.363e-01  2.483e-02  6.338e-03 -1.050e-01  4.275e-02 -3.193e-03 
 -2.397e-02 -2.127e-04  2.377e-02 -9.636e-04  1.253e-03  8.992e-04 -3.193e-03  2.708e-03 
 PARAMETER  CORRELATION COEFFICIENTS  
       NO.  GLOBAL      1      2      3      4      5      6      7      8
        1  0.26371   1.000  0.003 -0.216  0.007 -0.052 -0.029  0.132 -0.020
        2  0.01880   0.003  1.000 -0.002  0.012 -0.005 -0.001  0.012 -0.002
        3  0.23836  -0.216 -0.002  1.000 -0.005  0.040  0.023 -0.102  0.015
        4  0.03993   0.007  0.012 -0.005  1.000 -0.014 -0.003  0.030 -0.005
        5  0.92994  -0.052 -0.005  0.040 -0.014  1.000 -0.891  0.075  0.059
        6  0.93869  -0.029 -0.001  0.023 -0.003 -0.891  1.000 -0.356  0.012
        7  0.67895   0.132  0.012 -0.102  0.030  0.075 -0.356  1.000 -0.297
        8  0.31561  -0.020 -0.002  0.015 -0.005  0.059  0.012 -0.297  1.000
76 ; 0.74331 ; 2.01999
[#1] INFO:Plotting -- RooAbsPdf::plotOn(modelMRS) directly selected PDF components: (modelBkg)
[#1] INFO:Plotting -- RooAbsPdf::plotOn(modelMRS) indirectly selected PDF components: ()
[#1] INFO:NumericIntegration -- RooRealIntegral::init(modelBkg_Int[x]) using numeric integrator RooIntegrator1D to calculate Int(x)
[#1] INFO:Plotting -- RooAbsPdf::plotOn(modelMRS) directly selected PDF components: (modelSig)
[#1] INFO:Plotting -- RooAbsPdf::plotOn(modelMRS) indirectly selected PDF components: ()
[#1] INFO:NumericIntegration -- RooRealIntegral::init(modelBkg_Int[x]) using numeric integrator RooIntegrator1D to calculate Int(x)
[#1] INFO:NumericIntegration -- RooRealIntegral::init(modelBkg_Int[x]) using numeric integrator RooIntegrator1D to calculate Int(x)
[#1] INFO:Plotting -- RooAbsPdf::plotOn(modelPRS) directly selected PDF components: (modelBkg)
[#1] INFO:Plotting -- RooAbsPdf::plotOn(modelPRS) indirectly selected PDF components: ()
[#1] INFO:NumericIntegration -- RooRealIntegral::init(modelBkg_Int[x]) using numeric integrator RooIntegrator1D to calculate Int(x)
[#1] INFO:Plotting -- RooAbsPdf::plotOn(modelPRS) directly selected PDF components: (modelSig)
[#1] INFO:Plotting -- RooAbsPdf::plotOn(modelPRS) indirectly selected PDF components: ()
[#1] INFO:NumericIntegration -- RooRealIntegral::init(modelBkg_Int[x]) using numeric integrator RooIntegrator1D to calculate Int(x)
[#1] INFO:NumericIntegration -- RooRealIntegral::init(modelBkg_Int[x]) using numeric integrator RooIntegrator1D to calculate Int(x)
PRS chi2: 0.548248 ; MPS chi2: 1.75244
