   ------------------------------------------------------------------
  | Welcome to ROOT 6.24/08                        https://root.cern |
  | (c) 1995-2021, The ROOT Team; conception: R. Brun, F. Rademakers |
  | Built for linuxx8664gcc on Sep 29 2022, 13:04:57                 |
  | From tags/v6-24-08@v6-24-08                                      |
  | With c++ (GCC) 4.8.5 20150623 (Red Hat 4.8.5-44)                 |
  | Try '.help', '.demo', '.license', '.credits', '.quit'/'.q'       |
   ------------------------------------------------------------------


Processing full.C(5,1,"Up","2018")...

[1mRooFit v3.60 -- Developed by Wouter Verkerke and David Kirkby[0m 
                Copyright (C) 2000-2013 NIKHEF, University of California & Stanford University
                All rights reserved, please read http://roofit.sourceforge.net/license.txt

-------------------------
Set LHCb Style - May 2021
-------------------------
../fulltempt/PARAMs/FullMom_5_1.txt
../../../../selection/promptD/results/2018MagUpFullRS.root/DecayTree
[#0] WARNING:InputArguments -- The parameter 'sigma3' with range [0, 10] of the RooGaussian 'sig_pdf2' exceeds the safe range of (0, inf). Advise to limit its range.
[#0] ERROR:Integration --  RooNumIntFactory::Init : libRooFitMore cannot be loaded. GSL integrators will not beavailable ! 
[#1] INFO:NumericIntegration -- RooRealIntegral::init(modelBkg_Int[x]) using numeric integrator RooIntegrator1D to calculate Int(x)
[#1] INFO:NumericIntegration -- RooRealIntegral::init(modelBkg_Int[x]) using numeric integrator RooIntegrator1D to calculate Int(x)
[#1] INFO:NumericIntegration -- RooRealIntegral::init(modelBkg_Int[x]) using numeric integrator RooIntegrator1D to calculate Int(x)
[#1] INFO:NumericIntegration -- RooRealIntegral::init(modelBkg_Int[x]) using numeric integrator RooIntegrator1D to calculate Int(x)
[#1] INFO:Fitting -- RooAddition::defaultErrorLevel(nll) Summation contains a RooNLLVar, using its error level
 **********
 **   13 **MIGRAD        5000           1
 **********
 FIRST CALL TO USER FUNCTION AT NEW START POINT, WITH IFLAG=4.
 START MIGRAD MINIMIZATION.  STRATEGY  1.  CONVERGENCE WHEN EDM .LT. 1.00e-03
 FCN=-5866.04 FROM MIGRAD    STATUS=INITIATE       38 CALLS          39 TOTAL
                     EDM= unknown      STRATEGY= 1      NO ERROR MATRIX       
  EXT PARAMETER               CURRENT GUESS       STEP         FIRST   
  NO.   NAME      VALUE            ERROR          SIZE      DERIVATIVE 
   1  NbkgMRS      8.70000e+01   4.35000e+01   1.72186e-01  -3.28220e+02
   2  NbkgPRS      8.31000e+01   4.15500e+01   1.72186e-01  -3.04966e+02
   3  NsigMRS      7.83000e+02   4.35000e+01   1.72186e-01   3.64637e+01
   4  NsigPRS      7.47900e+02   4.15500e+01   1.72186e-01   3.38801e+01
   5  coeffsig     1.00000e-01   5.00000e-02   1.72186e-01  -2.17395e+00
   6  dm0          1.39400e+02   2.00000e+00   2.01742e-01   2.62321e+01
   7  mean         1.45500e+02   2.10000e+00   2.10680e-01  -4.15556e+02
   8  sigma1       5.00000e-01   2.50000e-01   1.18625e-01   8.89498e-01
   9  sigma2       5.00000e-01   2.50000e-01   1.18625e-01  -4.64473e+00
  10  sigma3       1.10000e+00   5.50000e-01   1.81568e-01  -2.24136e+02
                               ERR DEF= 0.5
 MIGRAD FAILS TO FIND IMPROVEMENT
 COVARIANCE MATRIX CALCULATED SUCCESSFULLY
 FCN=-6020.73 FROM HESSE     STATUS=OK             88 CALLS        1252 TOTAL
                     EDM=0.00915615    STRATEGY= 1      ERROR MATRIX ACCURATE 
  EXT PARAMETER                                   STEP         FIRST   
  NO.   NAME      VALUE            ERROR          SIZE      DERIVATIVE 
   1  NbkgMRS      2.38573e+02   1.89373e+01   2.41962e-03   1.29773e-01
   2  NbkgPRS      2.23205e+02   1.85644e+01   2.47844e-03  -1.26801e+00
   3  NsigMRS      6.31867e+02   2.74174e+01   3.63431e-03   2.21443e-01
   4  NsigPRS      6.07361e+02   2.70132e+01   3.73570e-03   2.02603e-01
   5  coeffsig     8.88479e-01   6.45206e-02   5.55169e-03   5.08686e-01
   6  dm0          1.39416e+02   1.75691e-02   1.56871e-04   7.10434e+00
   7  mean         1.45414e+02   8.20605e-02   1.59907e-04  -9.55921e+00
   8  sigma1       7.96225e-01   7.17254e-02   6.00937e-04  -4.53763e+00
   9  sigma2       9.75841e-01   6.55540e-02   6.10875e-04  -5.37494e+00
  10  sigma3       1.88142e+00   4.51430e-01   3.99434e-03  -4.22492e-01
                               ERR DEF= 0.5
 MIGRAD MINIMIZATION HAS CONVERGED.
 FCN=-6020.74 FROM MIGRAD    STATUS=CONVERGED    1272 CALLS        1273 TOTAL
                     EDM=7.64232e-05    STRATEGY= 1  ERROR MATRIX UNCERTAINTY   0.2 per cent
  EXT PARAMETER                                   STEP         FIRST   
  NO.   NAME      VALUE            ERROR          SIZE      DERIVATIVE 
   1  NbkgMRS      2.38411e+02   1.89340e+01  -4.19394e-04  -8.27362e-04
   2  NbkgPRS      2.24196e+02   1.85723e+01   2.68854e-03  -4.82530e-03
   3  NsigMRS      6.31589e+02   2.74231e+01  -7.17456e-04  -1.56096e-03
   4  NsigPRS      6.06803e+02   2.70260e+01  -1.51455e-03  -9.15435e-04
   5  coeffsig     8.91406e-01   6.40358e-02   9.35253e-03  -4.06460e-03
   6  dm0          1.39416e+02   1.77082e-02  -2.12157e-05   6.77457e+00
   7  mean         1.45420e+02   8.28189e-02   6.36900e-04  -3.41482e-01
   8  sigma1       8.03584e-01   7.28346e-02   2.71262e-03   1.58904e-02
   9  sigma2       9.75230e-01   6.55806e-02  -2.05894e-04  -9.00778e-03
  10  sigma3       1.89717e+00   4.54550e-01   4.02227e-03  -1.34140e-02
                               ERR DEF= 0.5
 EXTERNAL ERROR MATRIX.    NDIM=  28    NPAR= 10    ERR DEF=0.5
  3.588e+02  4.367e+01 -1.203e+02 -4.385e+01  1.295e-01  2.093e-03 -2.802e-03  2.068e-02  2.373e-02 -1.402e+00 
  4.367e+01  3.452e+02 -4.325e+01 -1.222e+02  1.329e-01 -1.126e-02  3.519e-02  4.837e-02 -6.163e-03 -1.455e+00 
 -1.203e+02 -4.325e+01  7.533e+02  4.355e+01 -1.312e-01  2.946e-03  8.651e-04 -2.160e-02 -2.191e-02  1.390e+00 
 -4.385e+01 -1.222e+02  4.355e+01  7.317e+02 -1.304e-01  6.236e-03 -3.063e-02 -4.456e-02  3.926e-03  1.482e+00 
  1.295e-01  1.329e-01 -1.312e-01 -1.304e-01  4.160e-03 -2.275e-05  8.592e-04  2.583e-03  1.147e-03  1.933e-02 
  2.093e-03 -1.126e-02  2.946e-03  6.236e-03 -2.275e-05  3.136e-04 -7.447e-05 -8.137e-05  9.766e-06 -7.178e-05 
 -2.802e-03  3.519e-02  8.651e-04 -3.063e-02  8.592e-04 -7.447e-05  6.859e-03  4.808e-03 -4.052e-03  6.193e-03 
  2.068e-02  4.837e-02 -2.160e-02 -4.456e-02  2.583e-03 -8.137e-05  4.808e-03  5.306e-03 -1.796e-03  1.321e-02 
  2.373e-02 -6.163e-03 -2.191e-02  3.926e-03  1.147e-03  9.766e-06 -4.052e-03 -1.796e-03  4.302e-03  2.370e-03 
 -1.402e+00 -1.455e+00  1.390e+00  1.482e+00  1.933e-02 -7.178e-05  6.193e-03  1.321e-02  2.370e-03  2.075e-01 
 PARAMETER  CORRELATION COEFFICIENTS  
       NO.  GLOBAL      1      2      3      4      5      6      7      8      9     10
        1  0.37577   1.000  0.124 -0.231 -0.086  0.106  0.006 -0.002  0.015  0.019 -0.162
        2  0.39707   0.124  1.000 -0.085 -0.243  0.111 -0.034  0.023  0.036 -0.005 -0.172
        3  0.28582  -0.231 -0.085  1.000  0.059 -0.074  0.006  0.000 -0.011 -0.012  0.111
        4  0.29902  -0.086 -0.243  0.059  1.000 -0.075  0.013 -0.014 -0.023  0.002  0.120
        5  0.86716   0.106  0.111 -0.074 -0.075  1.000 -0.020  0.161  0.550  0.271  0.658
        6  0.08633   0.006 -0.034  0.006  0.013 -0.020  1.000 -0.051 -0.063  0.008 -0.009
        7  0.93244  -0.002  0.023  0.000 -0.014  0.161 -0.051  1.000  0.797 -0.746  0.164
        8  0.90981   0.015  0.036 -0.011 -0.023  0.550 -0.063  0.797  1.000 -0.376  0.398
        9  0.85825   0.019 -0.005 -0.012  0.002  0.271  0.008 -0.746 -0.376  1.000  0.079
       10  0.75860  -0.162 -0.172  0.111  0.120  0.658 -0.009  0.164  0.398  0.079  1.000
 **********
 **   18 **HESSE        5000
 **********
 COVARIANCE MATRIX CALCULATED SUCCESSFULLY
 FCN=-6020.74 FROM HESSE     STATUS=OK            100 CALLS        1373 TOTAL
                     EDM=0.0108911    STRATEGY= 1      ERROR MATRIX ACCURATE 
  EXT PARAMETER                                INTERNAL      INTERNAL  
  NO.   NAME      VALUE            ERROR       STEP SIZE       VALUE   
   1  NbkgMRS      2.38411e+02   1.89327e+01   2.42394e-03  -4.68927e-01
   2  NbkgPRS      2.24196e+02   1.86186e+01   2.48095e-03  -4.78468e-01
   3  NsigMRS      6.31589e+02   2.73976e+01   3.63263e-03   4.68926e-01
   4  NsigPRS      6.06803e+02   2.69855e+01   3.75059e-03   4.78463e-01
   5  coeffsig     8.91406e-01   6.40849e-02   5.54869e-03   8.99173e-01
   6  dm0          1.39416e+02   1.54128e-01   6.27486e-05  -5.84414e-02
   7  mean         1.45420e+02   8.33727e-02   1.59568e-04  -2.97698e-01
   8  sigma1       8.03584e-01   7.26061e-02   5.97171e-04  -9.95964e-01
   9  sigma2       9.75230e-01   6.58918e-02   6.09210e-04  -9.35598e-01
  10  sigma3       1.89717e+00   4.68351e-01   4.05206e-03  -6.69465e-01
                               ERR DEF= 0.5
 EXTERNAL ERROR MATRIX.    NDIM=  28    NPAR= 10    ERR DEF=0.5
  3.587e+02  4.368e+01 -1.201e+02 -4.369e+01  1.317e-01  1.172e-02 -1.004e-03  2.116e-02  2.149e-02 -1.416e+00 
  4.368e+01  3.469e+02 -4.369e+01 -1.226e+02  1.318e-01  1.018e-02  3.037e-02  4.493e-02 -3.973e-03 -1.496e+00 
 -1.201e+02 -4.369e+01  7.519e+02  4.371e+01 -1.316e-01 -1.146e-02  1.027e-03 -2.115e-02 -2.155e-02  1.418e+00 
 -4.369e+01 -1.226e+02  4.371e+01  7.295e+02 -1.318e-01 -9.930e-03 -3.032e-02 -4.494e-02  3.862e-03  1.498e+00 
  1.317e-01  1.318e-01 -1.316e-01 -1.318e-01  4.166e-03  9.531e-04  8.492e-04  2.534e-03  1.137e-03  2.002e-02 
  1.172e-02  1.018e-02 -1.146e-02 -9.930e-03  9.531e-04  2.376e-02  1.329e-04  4.433e-04  1.293e-04  9.811e-03 
 -1.004e-03  3.037e-02  1.027e-03 -3.032e-02  8.492e-04  1.329e-04  6.951e-03  4.839e-03 -4.121e-03  6.159e-03 
  2.116e-02  4.493e-02 -2.115e-02 -4.494e-02  2.534e-03  4.433e-04  4.839e-03  5.273e-03 -1.842e-03  1.323e-02 
  2.149e-02 -3.973e-03 -2.155e-02  3.862e-03  1.137e-03  1.293e-04 -4.121e-03 -1.842e-03  4.342e-03  2.560e-03 
 -1.416e+00 -1.496e+00  1.418e+00  1.498e+00  2.002e-02  9.811e-03  6.159e-03  1.323e-02  2.560e-03  2.204e-01 
 PARAMETER  CORRELATION COEFFICIENTS  
       NO.  GLOBAL      1      2      3      4      5      6      7      8      9     10
        1  0.37608   1.000  0.124 -0.231 -0.085  0.108  0.004 -0.001  0.015  0.017 -0.159
        2  0.39502   0.124  1.000 -0.086 -0.244  0.110  0.004  0.020  0.033 -0.003 -0.171
        3  0.28578  -0.231 -0.086  1.000  0.059 -0.074 -0.003  0.000 -0.011 -0.012  0.110
        4  0.29896  -0.085 -0.244  0.059  1.000 -0.076 -0.002 -0.013 -0.023  0.002  0.118
        5  0.86532   0.108  0.110 -0.074 -0.076  1.000  0.096  0.158  0.541  0.267  0.661
        6  0.14305   0.004  0.004 -0.003 -0.002  0.096  1.000  0.010  0.040  0.013  0.136
        7  0.93311  -0.001  0.020  0.000 -0.013  0.158  0.010  1.000  0.799 -0.750  0.157
        8  0.90868   0.015  0.033 -0.011 -0.023  0.541  0.040  0.799  1.000 -0.385  0.388
        9  0.85906   0.017 -0.003 -0.012  0.002  0.267  0.013 -0.750 -0.385  1.000  0.083
       10  0.76215  -0.159 -0.171  0.110  0.118  0.661  0.136  0.157  0.388  0.083  1.000
74 ; 0.911568 ; 0.859547
[#1] INFO:Plotting -- RooAbsPdf::plotOn(modelMRS) directly selected PDF components: (modelBkg)
[#1] INFO:Plotting -- RooAbsPdf::plotOn(modelMRS) indirectly selected PDF components: ()
[#1] INFO:NumericIntegration -- RooRealIntegral::init(modelBkg_Int[x]) using numeric integrator RooIntegrator1D to calculate Int(x)
[#1] INFO:Plotting -- RooAbsPdf::plotOn(modelMRS) directly selected PDF components: (modelSig)
[#1] INFO:Plotting -- RooAbsPdf::plotOn(modelMRS) indirectly selected PDF components: (sig_pdf1,sig_pdf2)
[#1] INFO:NumericIntegration -- RooRealIntegral::init(modelBkg_Int[x]) using numeric integrator RooIntegrator1D to calculate Int(x)
[#1] INFO:NumericIntegration -- RooRealIntegral::init(modelBkg_Int[x]) using numeric integrator RooIntegrator1D to calculate Int(x)
[#1] INFO:Plotting -- RooAbsPdf::plotOn(modelPRS) directly selected PDF components: (modelBkg)
[#1] INFO:Plotting -- RooAbsPdf::plotOn(modelPRS) indirectly selected PDF components: ()
[#1] INFO:NumericIntegration -- RooRealIntegral::init(modelBkg_Int[x]) using numeric integrator RooIntegrator1D to calculate Int(x)
[#1] INFO:Plotting -- RooAbsPdf::plotOn(modelPRS) directly selected PDF components: (modelSig)
[#1] INFO:Plotting -- RooAbsPdf::plotOn(modelPRS) indirectly selected PDF components: (sig_pdf1,sig_pdf2)
[#1] INFO:NumericIntegration -- RooRealIntegral::init(modelBkg_Int[x]) using numeric integrator RooIntegrator1D to calculate Int(x)
[#1] INFO:NumericIntegration -- RooRealIntegral::init(modelBkg_Int[x]) using numeric integrator RooIntegrator1D to calculate Int(x)
PRS chi2: 0.657676 ; MPS chi2: 0.597932
