   ------------------------------------------------------------------
  | Welcome to ROOT 6.24/08                        https://root.cern |
  | (c) 1995-2021, The ROOT Team; conception: R. Brun, F. Rademakers |
  | Built for linuxx8664gcc on Sep 29 2022, 13:04:57                 |
  | From tags/v6-24-08@v6-24-08                                      |
  | With c++ (GCC) 4.8.5 20150623 (Red Hat 4.8.5-44)                 |
  | Try '.help', '.demo', '.license', '.credits', '.quit'/'.q'       |
   ------------------------------------------------------------------


Processing full.C(3,1,"Down","2016")...

[1mRooFit v3.60 -- Developed by Wouter Verkerke and David Kirkby[0m 
                Copyright (C) 2000-2013 NIKHEF, University of California & Stanford University
                All rights reserved, please read http://roofit.sourceforge.net/license.txt

-------------------------
Set LHCb Style - May 2021
-------------------------
../fulltempt/PARAMs/FullMom_3_1.txt
../../../../selection/promptD/results/2016MagDownFullRS.root/DecayTree
[#0] WARNING:InputArguments -- The parameter 'sigma3' with range [0, 10] of the RooGaussian 'sig_pdf2' exceeds the safe range of (0, inf). Advise to limit its range.
[#0] ERROR:Integration --  RooNumIntFactory::Init : libRooFitMore cannot be loaded. GSL integrators will not beavailable ! 
[#1] INFO:NumericIntegration -- RooRealIntegral::init(modelBkg_Int[x]) using numeric integrator RooIntegrator1D to calculate Int(x)
[#1] INFO:NumericIntegration -- RooRealIntegral::init(modelBkg_Int[x]) using numeric integrator RooIntegrator1D to calculate Int(x)
[#1] INFO:NumericIntegration -- RooRealIntegral::init(modelBkg_Int[x]) using numeric integrator RooIntegrator1D to calculate Int(x)
[#1] INFO:NumericIntegration -- RooRealIntegral::init(modelBkg_Int[x]) using numeric integrator RooIntegrator1D to calculate Int(x)
[#1] INFO:Fitting -- RooAddition::defaultErrorLevel(nll) Summation contains a RooNLLVar, using its error level
 **********
 **   13 **MIGRAD        6500           1
 **********
 FIRST CALL TO USER FUNCTION AT NEW START POINT, WITH IFLAG=4.
 START MIGRAD MINIMIZATION.  STRATEGY  1.  CONVERGENCE WHEN EDM .LT. 1.00e-03
 FCN=-35757.7 FROM MIGRAD    STATUS=INITIATE       84 CALLS          85 TOTAL
                     EDM= unknown      STRATEGY= 1      NO ERROR MATRIX       
  EXT PARAMETER               CURRENT GUESS       STEP         FIRST   
  NO.   NAME      VALUE            ERROR          SIZE      DERIVATIVE 
   1  NbkgMRS      3.67300e+02   1.83650e+02   0.00000e+00  -1.44897e+03
   2  NbkgPRS      3.58200e+02   1.79100e+02   0.00000e+00  -1.38609e+03
   3  NsigMRS      3.30570e+03   1.83650e+02   0.00000e+00   1.60944e+02
   4  NsigPRS      3.22380e+03   1.79100e+02   0.00000e+00   1.53961e+02
   5  am           1.00000e+00   2.00000e+00   0.00000e+00  -1.61622e+02
   6  bm          -1.20000e+00   6.00000e-01   0.00000e+00  -6.49685e+01
   7  cm           3.00000e+00   6.50000e+00   0.00000e+00  -1.21659e+03
   8  coeffsig     3.00000e-01   1.00000e-01   0.00000e+00   1.08546e+02
   9  dm0          1.39459e+02   2.00000e+00   5.88897e-03  -7.94584e+00
  10  mean         1.45500e+02   2.10000e+00   0.00000e+00  -1.77801e+03
  11  sigma1       5.00000e-01   2.50000e-01   0.00000e+00  -1.33316e+01
  12  sigma2       5.00000e-01   2.50000e-01   0.00000e+00  -2.87572e+02
  13  sigma3       1.10000e+00   5.50000e-01   0.00000e+00  -1.82244e+03
                               ERR DEF= 0.5
 MIGRAD MINIMIZATION HAS CONVERGED.
 MIGRAD WILL VERIFY CONVERGENCE AND ERROR MATRIX.
 COVARIANCE MATRIX CALCULATED SUCCESSFULLY
 FCN=-36509.4 FROM MIGRAD    STATUS=CONVERGED    3396 CALLS        3397 TOTAL
                     EDM=0.000217652    STRATEGY= 1      ERROR MATRIX ACCURATE 
  EXT PARAMETER                                   STEP         FIRST   
  NO.   NAME      VALUE            ERROR          SIZE      DERIVATIVE 
   1  NbkgMRS      1.15405e+03   4.36083e+01   2.99943e-03   6.97021e-02
   2  NbkgPRS      1.11942e+03   4.32467e+01   3.03835e-03   7.00094e-02
   3  NsigMRS      2.51896e+03   5.71395e+01   4.10813e-03  -2.71240e-02
   4  NsigPRS      2.46258e+03   5.66727e+01   4.17179e-03  -3.00198e-02
   5  am          -2.84143e+00   3.54219e+00   5.41092e-03  -2.49086e-01
   6  bm          -2.11683e+00   1.88752e+00   5.80936e-03   2.47145e-01
   7  cm           5.95709e+00   2.44172e+00   1.60285e-03   7.81026e-01
   8  coeffsig     9.91018e-01   5.32934e-03   6.21764e-03   4.94949e-02
   9  dm0          1.39487e+02   1.05912e-01   1.08315e-03   5.16918e-01
  10  mean         1.45556e+02   3.44708e-02   1.80540e-04  -4.95387e-01
  11  sigma1       8.66583e-01   2.69499e-02   6.74673e-04   2.29900e-02
  12  sigma2       8.19547e-01   2.56189e-02   6.74297e-04  -2.08259e-01
  13  sigma3       8.47961e+00   7.87310e+00   4.53532e-01   3.24352e-03
                               ERR DEF= 0.5
 EXTERNAL ERROR MATRIX.    NDIM=  28    NPAR= 13    ERR DEF=0.5
 ELEMENTS ABOVE DIAGONAL ARE NOT PRINTED.
  1.902e+03 
  3.480e+02  1.871e+03 
 -7.467e+02 -3.478e+02  3.266e+03 
 -3.478e+02 -7.500e+02  3.476e+02  3.213e+03 
  5.980e+00  6.084e+00 -5.963e+00 -6.066e+00  1.316e+01 
  1.704e+00  1.478e+00 -1.698e+00 -1.472e+00  6.607e+00  3.680e+00 
 -6.198e+00 -5.080e+00  6.189e+00  5.072e+00  6.411e+00  2.374e+00  5.966e+00 
  6.063e-02  6.579e-02 -6.070e-02 -6.587e-02 -1.749e-04 -3.050e-04  6.549e-06  2.843e-05 
  2.087e-01  9.969e-02 -2.072e-01 -9.811e-02  4.246e-03  1.707e-02 -8.213e-02 -1.562e-04  1.122e-02 
 -4.531e-02 -3.178e-02  4.522e-02  3.172e-02  1.839e-03 -6.893e-04  7.448e-03 -1.548e-06 -1.263e-04  1.188e-03 
 -1.829e-01 -1.661e-01  1.826e-01  1.659e-01  2.098e-04 -1.519e-03  1.076e-02 -3.048e-07 -3.228e-04  7.431e-04  7.263e-04 
 -9.727e-02 -1.090e-01  9.720e-02  1.089e-01 -3.866e-03  5.339e-05 -5.589e-03  1.997e-06 -4.813e-05 -7.112e-04 -3.729e-04 
 -9.727e-02 -1.090e-01  9.720e-02  1.089e-01 -3.866e-03  5.339e-05 -5.589e-03  1.997e-06 -4.813e-05 -7.112e-04 -3.729e-04  6.563e-04 
  3.205e+01  4.281e+01 -3.194e+01 -4.271e+01  2.598e+00  2.251e-01  1.070e+00  1.764e-02 -5.644e-02 -1.896e-03 -3.647e-04 
  3.205e+01  4.281e+01 -3.194e+01 -4.271e+01  2.598e+00  2.251e-01  1.070e+00  1.764e-02 -5.644e-02 -1.896e-03 -3.647e-04  3.984e-03  1.526e+02 
 PARAMETER  CORRELATION COEFFICIENTS  
       NO.  GLOBAL      1      2      3      4      5      6      7      8      9     10     11     12     13
        1  0.45849   1.000  0.184 -0.300 -0.141  0.038  0.020 -0.058  0.261  0.045 -0.030 -0.156 -0.087  0.059
        2  0.46754   0.184  1.000 -0.141 -0.306  0.039  0.018 -0.048  0.285  0.022 -0.021 -0.143 -0.098  0.080
        3  0.37038  -0.300 -0.141  1.000  0.107 -0.029 -0.015  0.044 -0.199 -0.034  0.023  0.119  0.066 -0.045
        4  0.37722  -0.141 -0.306  0.107  1.000 -0.029 -0.014  0.037 -0.218 -0.016  0.016  0.109  0.075 -0.061
        5  0.99408   0.038  0.039 -0.029 -0.029  1.000  0.949  0.723 -0.009  0.011  0.015  0.002 -0.042  0.058
        6  0.98996   0.020  0.018 -0.015 -0.014  0.949  1.000  0.507 -0.030  0.084 -0.010 -0.029  0.001  0.009
        7  0.96071  -0.058 -0.048  0.044  0.037  0.723  0.507  1.000  0.001 -0.317  0.088  0.163 -0.089  0.035
        8  0.55193   0.261  0.285 -0.199 -0.218 -0.009 -0.030  0.001  1.000 -0.277 -0.008 -0.002  0.015  0.268
        9  0.63394   0.045  0.022 -0.034 -0.016  0.011  0.084 -0.317 -0.277  1.000 -0.035 -0.113 -0.018 -0.043
       10  0.91648  -0.030 -0.021  0.023  0.016  0.015 -0.010  0.088 -0.008 -0.035  1.000  0.800 -0.805 -0.004
       11  0.84562  -0.156 -0.143  0.119  0.109  0.002 -0.029  0.163 -0.002 -0.113  0.800  1.000 -0.540 -0.001
       12  0.83703  -0.087 -0.098  0.066  0.075 -0.042  0.001 -0.089  0.015 -0.018 -0.805 -0.540  1.000  0.013
       13  0.39757   0.059  0.080 -0.045 -0.061  0.058  0.009  0.035  0.268 -0.043 -0.004 -0.001  0.013  1.000
 **********
 **   18 **HESSE        6500
 **********
 EIGENVALUES OF SECOND-DERIVATIVE MATRIX:
        -1.7948e-03  7.4165e-02  1.0172e-01  3.5561e-01  5.1222e-01  7.7915e-01  8.1023e-01  9.7279e-01  1.1769e+00  1.1901e+00  1.5176e+00  2.0956e+00  3.4156e+00
 MINUIT WARNING IN HESSE   
 ============== MATRIX FORCED POS-DEF BY ADDING 0.005210 TO DIAGONAL.
 FCN=-36509.4 FROM HESSE     STATUS=NOT POSDEF    135 CALLS        3532 TOTAL
                     EDM=0.000230446    STRATEGY= 1      ERR MATRIX NOT POS-DEF
  EXT PARAMETER                APPROXIMATE     INTERNAL      INTERNAL  
  NO.   NAME      VALUE            ERROR       STEP SIZE       VALUE   
   1  NbkgMRS      1.15405e+03   4.35249e+01   1.19977e-04  -3.80735e-01
   2  NbkgPRS      1.11942e+03   4.31418e+01   1.21534e-04  -3.84368e-01
   3  NsigMRS      2.51896e+03   5.70111e+01   1.64325e-04   3.80739e-01
   4  NsigPRS      2.46258e+03   5.65278e+01   1.66872e-04   3.84369e-01
   5  am          -2.84143e+00   4.98465e+00   1.08218e-03  -2.85348e+00
   6  bm          -2.11683e+00   2.73772e+00   2.32375e-04   9.08069e-01
   7  cm           5.95709e+00   2.87444e+00   6.41138e-05  -1.01225e+00
   8  coeffsig     9.91018e-01   5.26983e-03   1.24353e-03   1.38096e+00
   9  dm0          1.39487e+02   1.10454e-01   4.33261e-05  -5.13555e-02
  10  mean         1.45556e+02   3.38950e-02   3.61080e-05  -2.84231e-01
  11  sigma1       8.66583e-01   2.66394e-02   2.69869e-05  -9.73188e-01
  12  sigma2       8.19547e-01   2.52958e-02   2.69719e-05  -9.90118e-01
  13  sigma3       8.47961e+00   8.44052e+00   5.00000e-01   7.69704e-01
                               ERR DEF= 0.5
 EXTERNAL ERROR MATRIX.    NDIM=  28    NPAR= 13    ERR DEF=0.5
 ELEMENTS ABOVE DIAGONAL ARE NOT PRINTED.
  1.895e+03 
  3.481e+02  1.862e+03 
 -7.448e+02 -3.478e+02  3.251e+03 
 -3.478e+02 -7.460e+02  3.476e+02  3.197e+03 
  6.577e+00  6.580e+00 -6.574e+00 -6.576e+00  2.748e+01 
  2.417e+00  2.115e+00 -2.416e+00 -2.114e+00  1.450e+01  8.050e+00 
 -6.989e+00 -5.785e+00  6.983e+00  5.780e+00  1.179e+01  5.256e+00  8.270e+00 
  5.996e-02  6.477e-02 -5.992e-02 -6.473e-02 -4.449e-05 -2.251e-04  1.196e-04  2.780e-05 
  2.644e-01  1.517e-01 -2.641e-01 -1.516e-01 -6.811e-03  1.521e-02 -1.020e-01 -1.548e-04  1.220e-02 
 -4.573e-02 -3.226e-02  4.569e-02  3.224e-02  8.866e-04 -1.350e-03  7.485e-03 -1.315e-06 -1.536e-04  1.149e-03 
 -1.840e-01 -1.670e-01  1.839e-01  1.669e-01 -9.094e-04 -2.451e-03  1.131e-02 -5.658e-08 -3.759e-04  7.173e-04  7.097e-04 
 -9.604e-02 -1.078e-01  9.597e-02  1.077e-01 -3.012e-03  5.811e-04 -5.435e-03  1.749e-06 -3.576e-05 -6.869e-04 -3.578e-04 
 -9.604e-02 -1.078e-01  9.597e-02  1.077e-01 -3.012e-03  5.811e-04 -5.435e-03  1.749e-06 -3.576e-05 -6.869e-04 -3.578e-04  6.399e-04 
  2.580e+01  3.449e+01 -2.577e+01 -3.446e+01  7.596e-01 -5.300e-01  3.098e-01  1.434e-02 -4.697e-02 -1.475e-03 -6.932e-05 
  2.580e+01  3.449e+01 -2.577e+01 -3.446e+01  7.596e-01 -5.300e-01  3.098e-01  1.434e-02 -4.697e-02 -1.475e-03 -6.932e-05  3.327e-03  1.290e+02 
ERR MATRIX NOT POS-DEF
 PARAMETER  CORRELATION COEFFICIENTS  
       NO.  GLOBAL      1      2      3      4      5      6      7      8      9     10     11     12     13
        1  0.45966   1.000  0.185 -0.300 -0.141  0.029  0.020 -0.056  0.261  0.055 -0.031 -0.159 -0.087  0.052
        2  0.46783   0.185  1.000 -0.141 -0.306  0.029  0.017 -0.047  0.285  0.032 -0.022 -0.145 -0.099  0.070
        3  0.37118  -0.300 -0.141  1.000  0.108 -0.022 -0.015  0.043 -0.199 -0.042  0.024  0.121  0.067 -0.040
        4  0.37730  -0.141 -0.306  0.108  1.000 -0.022 -0.013  0.036 -0.217 -0.024  0.017  0.111  0.075 -0.054
        5  0.99718   0.029  0.029 -0.022 -0.022  1.000  0.975  0.782 -0.002 -0.012  0.005 -0.007 -0.023  0.013
        6  0.99545   0.020  0.017 -0.015 -0.013  0.975  1.000  0.644 -0.015  0.049 -0.014 -0.032  0.008 -0.016
        7  0.97196  -0.056 -0.047  0.043  0.036  0.782  0.644  1.000  0.008 -0.321  0.077  0.148 -0.075  0.009
        8  0.54069   0.261  0.285 -0.199 -0.217 -0.002 -0.015  0.008  1.000 -0.266 -0.007 -0.000  0.013  0.240
        9  0.65377   0.055  0.032 -0.042 -0.024 -0.012  0.049 -0.321 -0.266  1.000 -0.041 -0.128 -0.013 -0.037
       10  0.91396  -0.031 -0.022  0.024  0.017  0.005 -0.014  0.077 -0.007 -0.041  1.000  0.794 -0.801 -0.004
       11  0.84256  -0.159 -0.145  0.121  0.111 -0.007 -0.032  0.148 -0.000 -0.128  0.794  1.000 -0.531 -0.000
       12  0.83337  -0.087 -0.099  0.067  0.075 -0.023  0.008 -0.075  0.013 -0.013 -0.801 -0.531  1.000  0.012
       13  0.35527   0.052  0.070 -0.040 -0.054  0.013 -0.016  0.009  0.240 -0.037 -0.004 -0.000  0.012  1.000
 ERR MATRIX NOT POS-DEF
71 ; 1.11236 ; 1.1105
[#1] INFO:Plotting -- RooAbsPdf::plotOn(modelMRS) directly selected PDF components: (modelBkg)
[#1] INFO:Plotting -- RooAbsPdf::plotOn(modelMRS) indirectly selected PDF components: ()
[#1] INFO:NumericIntegration -- RooRealIntegral::init(modelBkg_Int[x]) using numeric integrator RooIntegrator1D to calculate Int(x)
[#1] INFO:Plotting -- RooAbsPdf::plotOn(modelMRS) directly selected PDF components: (modelSig)
[#1] INFO:Plotting -- RooAbsPdf::plotOn(modelMRS) indirectly selected PDF components: (sig_pdf1,sig_pdf2)
[#1] INFO:NumericIntegration -- RooRealIntegral::init(modelBkg_Int[x]) using numeric integrator RooIntegrator1D to calculate Int(x)
[#1] INFO:NumericIntegration -- RooRealIntegral::init(modelBkg_Int[x]) using numeric integrator RooIntegrator1D to calculate Int(x)
[#1] INFO:Plotting -- RooAbsPdf::plotOn(modelPRS) directly selected PDF components: (modelBkg)
[#1] INFO:Plotting -- RooAbsPdf::plotOn(modelPRS) indirectly selected PDF components: ()
[#1] INFO:NumericIntegration -- RooRealIntegral::init(modelBkg_Int[x]) using numeric integrator RooIntegrator1D to calculate Int(x)
[#1] INFO:Plotting -- RooAbsPdf::plotOn(modelPRS) directly selected PDF components: (modelSig)
[#1] INFO:Plotting -- RooAbsPdf::plotOn(modelPRS) indirectly selected PDF components: (sig_pdf1,sig_pdf2)
[#1] INFO:NumericIntegration -- RooRealIntegral::init(modelBkg_Int[x]) using numeric integrator RooIntegrator1D to calculate Int(x)
[#1] INFO:NumericIntegration -- RooRealIntegral::init(modelBkg_Int[x]) using numeric integrator RooIntegrator1D to calculate Int(x)
PRS chi2: 0.780122 ; MPS chi2: 1.00012
