   ------------------------------------------------------------------
  | Welcome to ROOT 6.24/08                        https://root.cern |
  | (c) 1995-2021, The ROOT Team; conception: R. Brun, F. Rademakers |
  | Built for linuxx8664gcc on Sep 29 2022, 13:04:57                 |
  | From tags/v6-24-08@v6-24-08                                      |
  | With c++ (GCC) 4.8.5 20150623 (Red Hat 4.8.5-44)                 |
  | Try '.help', '.demo', '.license', '.credits', '.quit'/'.q'       |
   ------------------------------------------------------------------


Processing full.C(4,3,"Down","2016")...

[1mRooFit v3.60 -- Developed by Wouter Verkerke and David Kirkby[0m 
                Copyright (C) 2000-2013 NIKHEF, University of California & Stanford University
                All rights reserved, please read http://roofit.sourceforge.net/license.txt

-------------------------
Set LHCb Style - May 2021
-------------------------
../fulltempt/PARAMs/FullMom_4_3.txt
../../../../../selection/promptD/results/2016MagDownFullRS.root/DecayTree
[#0] WARNING:InputArguments -- The parameter 'sigma3' with range [0, 10] of the RooGaussian 'sig_pdf2' exceeds the safe range of (0, inf). Advise to limit its range.
[#0] ERROR:Integration --  RooNumIntFactory::Init : libRooFitMore cannot be loaded. GSL integrators will not beavailable ! 
[#1] INFO:NumericIntegration -- RooRealIntegral::init(modelBkg_default_Int[x]) using numeric integrator RooIntegrator1D to calculate Int(x)
[#1] INFO:NumericIntegration -- RooRealIntegral::init(modelBkg_default_Int[x]) using numeric integrator RooIntegrator1D to calculate Int(x)
[#1] INFO:Fitting -- RooAddition::defaultErrorLevel(nll_d) Summation contains a RooNLLVar, using its error level
 **********
 **   13 **MIGRAD        6000           1
 **********
 FIRST CALL TO USER FUNCTION AT NEW START POINT, WITH IFLAG=4.
 START MIGRAD MINIMIZATION.  STRATEGY  1.  CONVERGENCE WHEN EDM .LT. 1.00e-03
 FCN=-51910.3 FROM MIGRAD    STATUS=INITIATE       91 CALLS          92 TOTAL
                     EDM= unknown      STRATEGY= 1      NO ERROR MATRIX       
  EXT PARAMETER               CURRENT GUESS       STEP         FIRST   
  NO.   NAME      VALUE            ERROR          SIZE      DERIVATIVE 
   1  NbkgMRS_d    4.60500e+02   2.30250e+02   0.00000e+00  -2.37838e+01
   2  NbkgPRS_d    4.38100e+02   2.19050e+02   0.00000e+00   9.58370e+01
   3  NsigMRS_d    4.14450e+03   2.30250e+02   0.00000e+00   2.62460e+00
   4  NsigPRS_d    3.94290e+03   2.19050e+02   0.00000e+00  -1.06659e+01
   5  am           1.00000e+00   2.00000e+00   0.00000e+00   1.02149e+02
   6  bm          -6.67992e+00   6.50000e-01  -7.16771e-01   1.02691e+02
   7  cm           1.00000e+01   1.00000e+01   0.00000e+00  -1.26150e+02
   8  coeffsig     7.00000e-01   1.00000e-01   0.00000e+00   1.65929e+02
   9  mean         1.45500e+02   2.10000e+00   0.00000e+00  -1.24688e+04
  10  sigma1       6.00000e-01   3.00000e-01   0.00000e+00   7.40747e+02
  11  sigma2       6.00000e-01   3.00000e-01   0.00000e+00  -2.83728e+03
  12  sigma3       1.40000e+00   7.00000e-01   0.00000e+00  -4.81153e+01
                               ERR DEF= 0.5
 EIGENVALUES OF SECOND-DERIVATIVE MATRIX:
        -2.5635e-04  6.0383e-02  7.6046e-02  2.1669e-01  4.0422e-01  7.6655e-01  9.5641e-01  1.1734e+00  1.2304e+00  1.6826e+00  2.3946e+00  3.0390e+00
 MINUIT WARNING IN MIGRAD  
 ============== MATRIX FORCED POS-DEF BY ADDING 0.003295 TO DIAGONAL.
 MIGRAD FAILS TO FIND IMPROVEMENT
 EIGENVALUES OF SECOND-DERIVATIVE MATRIX:
        -3.1445e-02  5.2371e-02  5.5079e-02  1.0245e-01  2.9124e-01  7.8584e-01  8.0835e-01  1.1361e+00  1.2128e+00  2.1540e+00  2.2799e+00  3.1533e+00
 MINUIT WARNING IN HESSE   
 ============== MATRIX FORCED POS-DEF BY ADDING 0.034598 TO DIAGONAL.
 FCN=-52049.5 FROM HESSE     STATUS=NOT POSDEF    115 CALLS        1768 TOTAL
                     EDM=0.343284    STRATEGY= 1      ERR MATRIX NOT POS-DEF
  EXT PARAMETER                APPROXIMATE        STEP         FIRST   
  NO.   NAME      VALUE            ERROR          SIZE      DERIVATIVE 
   1  NbkgMRS_d    5.87615e+02   4.02107e+01   3.29089e-03   1.28937e+01
   2  NbkgPRS_d    4.72231e+02   3.53528e+01   3.35861e-03   1.14337e+01
   3  NsigMRS_d    4.01934e+03   6.97880e+01   6.70643e-03  -1.13673e+00
   4  NsigPRS_d    3.90987e+03   6.72039e+01   7.43571e-03  -9.99313e-01
   5  am           2.65027e+00   1.85895e-04   4.18179e-07   8.17174e+04
   6  bm          -5.28773e+00   1.36229e-04   2.98534e-07   1.11797e+05
   7  cm           2.63551e+01   1.73190e-03   3.39768e-07  -1.39732e+05
   8  coeffsig     8.93135e-01   2.30617e-02   5.43374e-03   9.06806e+00
   9  mean         1.45534e+02   2.43667e-02   1.54068e-04   1.00586e+01
  10  sigma1       6.91681e-01   1.89108e-02   6.09235e-04  -1.35729e+01
  11  sigma2       8.00334e-01   2.39070e-02   6.57860e-04  -1.48596e+01
  12  sigma3       1.66949e+00   1.25039e-01   3.44468e-03  -8.76749e+00
                               ERR DEF= 0.5
 MIGRAD MINIMIZATION HAS CONVERGED.
 MIGRAD WILL VERIFY CONVERGENCE AND ERROR MATRIX.
 EIGENVALUES OF SECOND-DERIVATIVE MATRIX:
        -2.7438e-02  4.9013e-02  5.4795e-02  9.8742e-02  2.8121e-01  7.8692e-01  8.1390e-01  1.1344e+00  1.2123e+00  2.1502e+00  2.2918e+00  3.1542e+00
 MINUIT WARNING IN HESSE   
 ============== MATRIX FORCED POS-DEF BY ADDING 0.030592 TO DIAGONAL.
 FCN=-52049.9 FROM MIGRAD    STATUS=CONVERGED    2008 CALLS        2009 TOTAL
                     EDM=0.000411681    STRATEGY= 1      ERR MATRIX NOT POS-DEF
  EXT PARAMETER                APPROXIMATE        STEP         FIRST   
  NO.   NAME      VALUE            ERROR          SIZE      DERIVATIVE 
   1  NbkgMRS_d    5.59683e+02   3.97893e+01   3.29349e-03  -3.67966e-02
   2  NbkgPRS_d    4.49023e+02   3.47908e+01   3.36055e-03  -2.93949e-02
   3  NsigMRS_d    4.04540e+03   7.02414e+01   6.87044e-03   3.57775e-02
   4  NsigPRS_d    3.93207e+03   6.75550e+01   7.63129e-03   3.32022e-02
   5  am           2.65023e+00   1.99819e-04   4.48238e-07   1.31143e+03
   6  bm          -5.28775e+00   1.47420e-04   3.21269e-07   9.57691e+02
   7  cm           2.63547e+01   1.87450e-03   3.39770e-07  -2.52166e+03
   8  coeffsig     8.77428e-01   2.37599e-02   5.09676e-03   6.01962e-02
   9  mean         1.45541e+02   2.52199e-02   1.54097e-04  -4.12436e-01
  10  sigma1       6.90457e-01   1.93089e-02   6.15500e-04  -4.03032e-01
  11  sigma2       7.90342e-01   2.50140e-02   6.64852e-04   6.54599e-03
  12  sigma3       1.67221e+00   1.24970e-01   3.15980e-03  -2.65777e-02
                               ERR DEF= 0.5
 EXTERNAL ERROR MATRIX.    NDIM=  28    NPAR= 12    ERR DEF=0.5
 ELEMENTS ABOVE DIAGONAL ARE NOT PRINTED.
  1.584e+03 
  4.802e+02  1.211e+03 
 -1.018e+03 -4.733e+02  4.937e+03 
 -4.725e+02 -7.563e+02  4.657e+02  4.568e+03 
  7.245e-04  5.913e-04 -7.125e-04 -5.806e-04  3.993e-08 
  4.232e-04  3.452e-04 -4.161e-04 -3.388e-04  2.363e-08  2.173e-08 
  9.069e-03  7.420e-03 -8.923e-03 -7.289e-03  3.521e-07  2.630e-07  3.514e-06 
  1.882e-01  1.586e-01 -1.853e-01 -1.560e-01  3.012e-07  1.853e-07  3.362e-06  5.655e-04 
 -1.082e-01 -9.505e-02  1.067e-01  9.357e-02 -8.943e-08 -5.197e-08 -1.134e-06 -1.611e-04  6.360e-04 
 -3.574e-02 -3.074e-02  3.525e-02  3.028e-02  2.184e-08  1.648e-08  1.121e-07  1.561e-04  3.215e-04  3.728e-04 
  8.115e-02  7.415e-02 -8.003e-02 -7.301e-02  8.480e-08  4.970e-08  1.032e-06  3.649e-04 -4.881e-04 -1.087e-04  6.257e-04 
 -1.310e+00 -1.095e+00  1.293e+00  1.079e+00  7.103e-07  5.550e-07  3.255e-06  1.874e-03 -2.615e-04  7.457e-04  1.048e-03 
 -1.310e+00 -1.095e+00  1.293e+00  1.079e+00  7.103e-07  5.550e-07  3.255e-06  1.874e-03 -2.615e-04  7.457e-04  1.048e-03  1.562e-02 
ERR MATRIX NOT POS-DEF
 PARAMETER  CORRELATION COEFFICIENTS  
       NO.  GLOBAL      1      2      3      4      5      6      7      8      9     10     11     12
        1  0.62739   1.000  0.347 -0.364 -0.176  0.091  0.072  0.122  0.199 -0.108 -0.047  0.082 -0.263
        2  0.59672   0.347  1.000 -0.194 -0.322  0.085  0.067  0.114  0.192 -0.108 -0.046  0.085 -0.252
        3  0.39253  -0.364 -0.194  1.000  0.098 -0.051 -0.040 -0.068 -0.111  0.060  0.026 -0.046  0.147
        4  0.34685  -0.176 -0.322  0.098  1.000 -0.043 -0.034 -0.058 -0.097  0.055  0.023 -0.043  0.128
        5  0.99080   0.091  0.085 -0.051 -0.043  1.000  0.802  0.940  0.063 -0.018  0.006  0.017  0.028
        6  0.99274   0.072  0.067 -0.040 -0.034  0.802  1.000  0.952  0.053 -0.014  0.006  0.013  0.030
        7  0.99768   0.122  0.114 -0.068 -0.058  0.940  0.952  1.000  0.075 -0.024  0.003  0.022  0.014
        8  0.89831   0.199  0.192 -0.111 -0.097  0.063  0.053  0.075  1.000 -0.269  0.340  0.613  0.630
        9  0.92296  -0.108 -0.108  0.060  0.055 -0.018 -0.014 -0.024 -0.269  1.000  0.660 -0.774 -0.083
       10  0.86290  -0.047 -0.046  0.026  0.023  0.006  0.006  0.003  0.340  0.660  1.000 -0.225  0.309
       11  0.89383   0.082  0.085 -0.046 -0.043  0.017  0.013  0.022  0.613 -0.774 -0.225  1.000  0.335
       12  0.80785  -0.263 -0.252  0.147  0.128  0.028  0.030  0.014  0.630 -0.083  0.309  0.335  1.000
 ERR MATRIX NOT POS-DEF
 **********
 **   18 **HESSE        6000
 **********
 EIGENVALUES OF SECOND-DERIVATIVE MATRIX:
        -1.3865e-03  7.5965e-03  4.7425e-02  9.6422e-02  2.7800e-01  7.8554e-01  8.1306e-01  1.1357e+00  1.2136e+00  2.1515e+00  2.2986e+00  3.1740e+00
 MINUIT WARNING IN HESSE   
 ============== MATRIX FORCED POS-DEF BY ADDING 0.004560 TO DIAGONAL.
 FCN=-52049.9 FROM HESSE     STATUS=NOT POSDEF    119 CALLS        2128 TOTAL
                     EDM=0.000759401    STRATEGY= 1      ERR MATRIX NOT POS-DEF
  EXT PARAMETER                APPROXIMATE     INTERNAL      INTERNAL  
  NO.   NAME      VALUE            ERROR       STEP SIZE       VALUE   
   1  NbkgMRS_d    5.59683e+02   4.17792e+01   1.31740e-04  -8.58593e-01
   2  NbkgPRS_d    4.49023e+02   3.64113e+01   1.34422e-04  -9.19030e-01
   3  NsigMRS_d    4.04540e+03   7.21678e+01   2.74818e-04   8.58648e-01
   4  NsigPRS_d    3.93207e+03   6.91835e+01   3.05252e-04   9.19096e-01
   5  am           2.65023e+00   2.08202e-04   1.79295e-08   2.68227e-01
   6  bm          -5.28775e+00   2.20586e-04   2.33974e-08   4.90679e-01
   7  cm           2.63547e+01   1.78679e-03   3.39770e-08  -7.12549e-01
   8  coeffsig     8.77428e-01   2.77303e-02   2.03870e-04   8.55434e-01
   9  mean         1.45541e+02   3.07186e-02   3.08194e-05  -2.85636e-01
  10  sigma1       6.90457e-01   2.18986e-02   1.23100e-04  -1.03902e+00
  11  sigma2       7.90342e-01   3.04415e-02   2.65941e-05  -1.00085e+00
  12  sigma3       1.67221e+00   1.38963e-01   1.26392e-04  -7.28241e-01
                               ERR DEF= 0.5
 EXTERNAL ERROR MATRIX.    NDIM=  28    NPAR= 12    ERR DEF=0.5
 ELEMENTS ABOVE DIAGONAL ARE NOT PRINTED.
  1.746e+03 
  5.909e+02  1.326e+03 
 -1.186e+03 -5.899e+02  5.212e+03 
 -5.899e+02 -8.766e+02  5.888e+02  4.791e+03 
  1.221e-03  1.001e-03 -1.219e-03 -9.988e-04  4.335e-08 
  3.847e-04  3.151e-04 -3.840e-04 -3.146e-04 -4.990e-09  4.866e-08 
  1.171e-02  9.607e-03 -1.169e-02 -9.589e-03  1.703e-07  3.270e-07  3.193e-06 
  2.420e-01  2.044e-01 -2.416e-01 -2.040e-01  4.679e-07  1.613e-07  4.210e-06  7.708e-04 
 -1.835e-01 -1.605e-01  1.831e-01  1.602e-01 -2.347e-07 -7.617e-08 -2.256e-06 -2.956e-04  9.436e-04 
 -6.559e-02 -5.677e-02  6.547e-02  5.667e-02 -1.956e-08 -8.302e-10 -2.961e-07  1.739e-04  4.600e-04  4.796e-04 
  1.504e-01  1.345e-01 -1.502e-01 -1.342e-01  2.351e-07  7.638e-08  2.181e-06  5.642e-04 -7.695e-04 -1.925e-04  9.267e-04 
 -1.466e+00 -1.222e+00  1.463e+00  1.220e+00 -1.096e-07  1.277e-07 -3.957e-06  2.613e-03 -5.668e-04  9.428e-04  1.658e-03 
 -1.466e+00 -1.222e+00  1.463e+00  1.220e+00 -1.096e-07  1.277e-07 -3.957e-06  2.613e-03 -5.668e-04  9.428e-04  1.658e-03  1.932e-02 
ERR MATRIX NOT POS-DEF
 PARAMETER  CORRELATION COEFFICIENTS  
       NO.  GLOBAL      1      2      3      4      5      6      7      8      9     10     11     12
        1  0.66013   1.000  0.388 -0.393 -0.204  0.140  0.042  0.157  0.209 -0.143 -0.072  0.118 -0.252
        2  0.62999   0.388  1.000 -0.224 -0.348  0.132  0.039  0.148  0.202 -0.143 -0.071  0.121 -0.242
        3  0.42176  -0.393 -0.224  1.000  0.118 -0.081 -0.024 -0.091 -0.121  0.083  0.041 -0.068  0.146
        4  0.37350  -0.204 -0.348  0.118  1.000 -0.069 -0.021 -0.078 -0.106  0.075  0.037 -0.064  0.127
        5  0.99131   0.140  0.132 -0.081 -0.069  1.000 -0.109  0.458  0.081 -0.037 -0.004  0.037 -0.004
        6  0.99668   0.042  0.039 -0.024 -0.021 -0.109  1.000  0.830  0.026 -0.011 -0.000  0.011  0.004
        7  0.99737   0.157  0.148 -0.091 -0.078  0.458  0.830  1.000  0.085 -0.041 -0.008  0.040 -0.016
        8  0.92450   0.209  0.202 -0.121 -0.106  0.081  0.026  0.085  1.000 -0.347  0.286  0.668  0.677
        9  0.94739  -0.143 -0.143  0.083  0.075 -0.037 -0.011 -0.041 -0.347  1.000  0.684 -0.823 -0.133
       10  0.89235  -0.072 -0.071  0.041  0.037 -0.004 -0.000 -0.008  0.286  0.684  1.000 -0.289  0.310
       11  0.92775   0.118  0.121 -0.068 -0.064  0.037  0.011  0.040  0.668 -0.823 -0.289  1.000  0.392
       12  0.84369  -0.252 -0.242  0.146  0.127 -0.004  0.004 -0.016  0.677 -0.133  0.310  0.392  1.000
 ERR MATRIX NOT POS-DEF
[#1] INFO:NumericIntegration -- RooRealIntegral::init(modelBkg_default_Int[x]) using numeric integrator RooIntegrator1D to calculate Int(x)
[#1] INFO:NumericIntegration -- RooRealIntegral::init(modelBkg_default_Int[x]) using numeric integrator RooIntegrator1D to calculate Int(x)
aaaa0 ; 0 ; 0
aaaa1 ; 1 ; 0
aaaa2 ; 0 ; 0
aaaa3 ; 0 ; 0
aaaa4 ; 0 ; 0
aaaa5 ; 0 ; 0
aaaa6 ; 2 ; 0
aaaa7 ; 0 ; 0
aaaa8 ; 0 ; 1
aaaa9 ; 0 ; 2
aaaa10 ; 1 ; 0
aaaa11 ; 0 ; 2
aaaa12 ; 2 ; 2
aaaa13 ; 2 ; 3
aaaa14 ; 3 ; 3
aaaa15 ; 3 ; 3
aaaa16 ; 5 ; 1
aaaa17 ; 7 ; 5
aaaa18 ; 10 ; 6
aaaa19 ; 9 ; 10
aaaa20 ; 11 ; 8
aaaa21 ; 10 ; 13
aaaa22 ; 48 ; 8
aaaa23 ; 47 ; 8
aaaa24 ; 81 ; 6
aaaa25 ; 143 ; 4
aaaa26 ; 231 ; 6
aaaa27 ; 311 ; 11
aaaa28 ; 447 ; 9
aaaa29 ; 528 ; 14
aaaa30 ; 485 ; 16
aaaa31 ; 477 ; 13
aaaa32 ; 372 ; 6
aaaa33 ; 286 ; 12
aaaa34 ; 197 ; 9
aaaa35 ; 153 ; 11
aaaa36 ; 94 ; 4
aaaa37 ; 44 ; 6
aaaa38 ; 39 ; 11
aaaa39 ; 38 ; 10
aaaa40 ; 27 ; 8
aaaa41 ; 22 ; 13
aaaa42 ; 17 ; 9
aaaa43 ; 22 ; 1
aaaa44 ; 20 ; 12
aaaa45 ; 11 ; 9
aaaa46 ; 14 ; 11
aaaa47 ; 7 ; 10
aaaa48 ; 13 ; 8
aaaa49 ; 8 ; 9
aaaa50 ; 11 ; 4
aaaa51 ; 9 ; 8
aaaa52 ; 4 ; 10
aaaa53 ; 9 ; 5
aaaa54 ; 7 ; 5
aaaa55 ; 6 ; 6
aaaa56 ; 6 ; 10
aaaa57 ; 4 ; 2
aaaa58 ; 4 ; 8
aaaa59 ; 4 ; 3
aaaa60 ; 2 ; 3
aaaa61 ; 6 ; 3
aaaa62 ; 3 ; 5
aaaa63 ; 3 ; 6
aaaa64 ; 1 ; 2
aaaa65 ; 3 ; 2
aaaa66 ; 4 ; 2
aaaa67 ; 4 ; 3
aaaa68 ; 1 ; 1
aaaa69 ; 2 ; 4
aaaa70 ; 4 ; 0
aaaa71 ; 1 ; 4
aaaa72 ; 5 ; 2
aaaa73 ; 2 ; 2
aaaa74 ; 2 ; 3
aaaa75 ; 2 ; 1
aaaa76 ; 1 ; 1
aaaa77 ; 4 ; 2
aaaa78 ; 4 ; 3
aaaa79 ; 1 ; 3
aaaa80 ; 2 ; 2
aaaa81 ; 3 ; 6
aaaa82 ; 6 ; 8
aaaa83 ; 3 ; 7
[#0] WARNING:Plotting -- RooHist::addBin(signal_hist_plot__x) WARNING: negative entry set to zero when Poisson error bars are requested
[#0] WARNING:Plotting -- RooHist::addBin(signal_hist_plot__x) WARNING: negative entry set to zero when Poisson error bars are requested
[#0] WARNING:Plotting -- RooHist::addBin(signal_hist_plot__x) WARNING: negative entry set to zero when Poisson error bars are requested
[#0] WARNING:Plotting -- RooHist::addBin(signal_hist_plot__x) WARNING: negative entry set to zero when Poisson error bars are requested
[#0] WARNING:Plotting -- RooHist::addBin(signal_hist_plot__x) WARNING: negative entry set to zero when Poisson error bars are requested
[#0] WARNING:Plotting -- RooHist::addBin(signal_hist_plot__x) WARNING: negative entry set to zero when Poisson error bars are requested
[#0] WARNING:Plotting -- RooHist::addBin(signal_hist_plot__x) WARNING: negative entry set to zero when Poisson error bars are requested
[#0] WARNING:Plotting -- RooHist::addBin(signal_hist_plot__x) WARNING: negative entry set to zero when Poisson error bars are requested
[#0] WARNING:Plotting -- RooHist::addBin(signal_hist_plot__x) WARNING: negative entry set to zero when Poisson error bars are requested
[#0] WARNING:Plotting -- RooHist::addBin(signal_hist_plot__x) WARNING: negative entry set to zero when Poisson error bars are requested
[#0] WARNING:Plotting -- RooHist::addBin(signal_hist_plot__x) WARNING: negative entry set to zero when Poisson error bars are requested
[#0] WARNING:Plotting -- RooHist::addBin(signal_hist_plot__x) WARNING: negative entry set to zero when Poisson error bars are requested
[#0] WARNING:Plotting -- RooHist::addBin(signal_hist_plot__x) WARNING: negative entry set to zero when Poisson error bars are requested
[#0] WARNING:Plotting -- RooHist::addBin(signal_hist_plot__x) WARNING: negative entry set to zero when Poisson error bars are requested
[#0] WARNING:Plotting -- RooHist::addBin(signal_hist_plot__x) WARNING: negative entry set to zero when Poisson error bars are requested
[#0] WARNING:Plotting -- RooHist::addBin(signal_hist_plot__x) WARNING: negative entry set to zero when Poisson error bars are requested
[#0] WARNING:Plotting -- RooHist::addBin(signal_hist_plot__x) WARNING: negative entry set to zero when Poisson error bars are requested
[#0] WARNING:Plotting -- RooHist::addBin(signal_hist_plot__x) WARNING: negative entry set to zero when Poisson error bars are requested
[#0] WARNING:Plotting -- RooHist::addBin(signal_hist_plot__x) WARNING: negative entry set to zero when Poisson error bars are requested
[#0] WARNING:Plotting -- RooHist::addBin(signal_hist_plot__x) WARNING: negative entry set to zero when Poisson error bars are requested
[#0] WARNING:Plotting -- RooHist::addBin(signal_hist_plot__x) WARNING: negative entry set to zero when Poisson error bars are requested
[#0] WARNING:Plotting -- RooHist::addBin(signal_hist_plot__x) WARNING: negative entry set to zero when Poisson error bars are requested
[#1] INFO:NumericIntegration -- RooRealIntegral::init(modelBkg_Int[x]) using numeric integrator RooIntegrator1D to calculate Int(x)
[#1] INFO:NumericIntegration -- RooRealIntegral::init(modelBkg_Int[x]) using numeric integrator RooIntegrator1D to calculate Int(x)
[#1] INFO:NumericIntegration -- RooRealIntegral::init(modelBkg_Int[x]) using numeric integrator RooIntegrator1D to calculate Int(x)
[#1] INFO:NumericIntegration -- RooRealIntegral::init(modelBkg_Int[x]) using numeric integrator RooIntegrator1D to calculate Int(x)
[#1] INFO:Fitting -- RooAddition::defaultErrorLevel(nll) Summation contains a RooNLLVar, using its error level
 **********
 **   13 **MIGRAD        3500           1
 **********
 FIRST CALL TO USER FUNCTION AT NEW START POINT, WITH IFLAG=4.
 START MIGRAD MINIMIZATION.  STRATEGY  1.  CONVERGENCE WHEN EDM .LT. 1.00e-03
 FCN=-52181.4 FROM MIGRAD    STATUS=INITIATE       28 CALLS          29 TOTAL
                     EDM= unknown      STRATEGY= 1      NO ERROR MATRIX       
  EXT PARAMETER               CURRENT GUESS       STEP         FIRST   
  NO.   NAME      VALUE            ERROR          SIZE      DERIVATIVE 
   1  NbkgMRS      5.59683e+02   2.00000e+01   2.01358e-01   3.63508e+00
   2  NbkgPRS      4.49023e+02   2.00000e+01   2.01358e-01   8.41258e+00
   3  NsigMRS      4.04540e+03   2.00000e+01   2.01358e-01  -5.00568e-01
   4  NsigPRS      3.93207e+03   2.00000e+01   2.01358e-01  -9.57554e-01
   5  am           2.65023e+00   2.08202e-04   2.15923e-05   8.37807e+05
   6  bm          -5.28775e+00   2.20586e-04   2.50094e-05   1.22832e+06
   7  cm           2.63547e+01   1.78679e-03   2.24885e-05  -1.56323e+06
                               ERR DEF= 0.5
[#0] WARNING:Minization -- RooMinuitGlue: Minimized function has error status.
Returning maximum FCN so far (-52174.9) to force MIGRAD to back out of this region. Error log follows
Parameter values: NbkgMRS=521.696, NbkgPRS=375.115, NsigMRS=4066.76, NsigPRS=3970.53, am=2.65012, bm=-5.28784, cm=26.3553
RooAddition::nll[ nll_modelPRS_dataPRS + nll_modelMRS_dataMRS ]
     function value is NAN @ !set=(nll_modelPRS_dataPRS = -nan,nll_modelMRS_dataMRS = -nan)
RooNLLVar::nll_modelPRS_dataPRS[ paramSet=(NbkgPRS,NsigPRS,am,bm,cm,dm0) ]
     function value is NAN @ paramSet=(NbkgPRS = 375.115,NsigPRS = 3970.53,am = 2.65012 +/- 0.000208202,bm = -5.28784 +/- 0.000220586,cm = 26.3553 +/- 0.00178679,dm0 = 139.4)
RooAddPdf::modelPRS[ NsigPRS * modelSig + NbkgPRS * modelBkg ]
     getLogVal() top-level p.d.f evaluates to zero @ !refCoefNorm=(), !pdfs=(modelSig = 0/3932,modelBkg = 0/0.000593656), !coefficients=(NsigPRS = 3970.53,NbkgPRS = 375.115)
     getLogVal() top-level p.d.f evaluates to zero @ !refCoefNorm=(), !pdfs=(modelSig = 0/3932,modelBkg = 0/0.000593656), !coefficients=(NsigPRS = 3970.53,NbkgPRS = 375.115)
     getLogVal() top-level p.d.f evaluates to zero @ !refCoefNorm=(), !pdfs=(modelSig = 0/3932,modelBkg = 0/0.000593656), !coefficients=(NsigPRS = 3970.53,NbkgPRS = 375.115)
     getLogVal() top-level p.d.f evaluates to zero @ !refCoefNorm=(), !pdfs=(modelSig = 0/3932,modelBkg = 0/0.000593656), !coefficients=(NsigPRS = 3970.53,NbkgPRS = 375.115)
     getLogVal() top-level p.d.f evaluates to zero @ !refCoefNorm=(), !pdfs=(modelSig = 0/3932,modelBkg = 0/0.000593656), !coefficients=(NsigPRS = 3970.53,NbkgPRS = 375.115)
     getLogVal() top-level p.d.f evaluates to zero @ !refCoefNorm=(), !pdfs=(modelSig = 0/3932,modelBkg = 0/0.000593656), !coefficients=(NsigPRS = 3970.53,NbkgPRS = 375.115)
     getLogVal() top-level p.d.f evaluates to zero @ !refCoefNorm=(), !pdfs=(modelSig = 0/3932,modelBkg = 0/0.000593656), !coefficients=(NsigPRS = 3970.53,NbkgPRS = 375.115)
     getLogVal() top-level p.d.f evaluates to zero @ !refCoefNorm=(), !pdfs=(modelSig = 0/3932,modelBkg = 0/0.000593656), !coefficients=(NsigPRS = 3970.53,NbkgPRS = 375.115)
     getLogVal() top-level p.d.f evaluates to zero @ !refCoefNorm=(), !pdfs=(modelSig = 0/3932,modelBkg = 0/0.000593656), !coefficients=(NsigPRS = 3970.53,NbkgPRS = 375.115)
     getLogVal() top-level p.d.f evaluates to zero @ !refCoefNorm=(), !pdfs=(modelSig = 0/3932,modelBkg = 0/0.000593656), !coefficients=(NsigPRS = 3970.53,NbkgPRS = 375.115)
RooNLLVar::nll_modelMRS_dataMRS[ paramSet=(NbkgMRS,NsigMRS,am,bm,cm,dm0) ]
     function value is NAN @ paramSet=(NbkgMRS = 521.696,NsigMRS = 4066.76,am = 2.65012 +/- 0.000208202,bm = -5.28784 +/- 0.000220586,cm = 26.3553 +/- 0.00178679,dm0 = 139.4)
RooAddPdf::modelMRS[ NsigMRS * modelSig + NbkgMRS * modelBkg ]
     getLogVal() top-level p.d.f evaluates to zero @ !refCoefNorm=(), !pdfs=(modelSig = 0/3932,modelBkg = 0/0.000593656), !coefficients=(NsigMRS = 4066.76,NbkgMRS = 521.696)
     getLogVal() top-level p.d.f evaluates to zero @ !refCoefNorm=(), !pdfs=(modelSig = 0/3932,modelBkg = 0/0.000593656), !coefficients=(NsigMRS = 4066.76,NbkgMRS = 521.696)
     getLogVal() top-level p.d.f evaluates to zero @ !refCoefNorm=(), !pdfs=(modelSig = 0/3932,modelBkg = 0/0.000593656), !coefficients=(NsigMRS = 4066.76,NbkgMRS = 521.696)
     getLogVal() top-level p.d.f evaluates to zero @ !refCoefNorm=(), !pdfs=(modelSig = 0/3932,modelBkg = 0/0.000593656), !coefficients=(NsigMRS = 4066.76,NbkgMRS = 521.696)
     getLogVal() top-level p.d.f evaluates to zero @ !refCoefNorm=(), !pdfs=(modelSig = 0/3932,modelBkg = 0/0.000593656), !coefficients=(NsigMRS = 4066.76,NbkgMRS = 521.696)
     getLogVal() top-level p.d.f evaluates to zero @ !refCoefNorm=(), !pdfs=(modelSig = 0/3932,modelBkg = 0/0.000593656), !coefficients=(NsigMRS = 4066.76,NbkgMRS = 521.696)
     getLogVal() top-level p.d.f evaluates to zero @ !refCoefNorm=(), !pdfs=(modelSig = 0/3932,modelBkg = 0/0.000593656), !coefficients=(NsigMRS = 4066.76,NbkgMRS = 521.696)
     getLogVal() top-level p.d.f evaluates to zero @ !refCoefNorm=(), !pdfs=(modelSig = 0/3932,modelBkg = 0/0.000593656), !coefficients=(NsigMRS = 4066.76,NbkgMRS = 521.696)
     getLogVal() top-level p.d.f evaluates to zero @ !refCoefNorm=(), !pdfs=(modelSig = 0/3932,modelBkg = 0/0.000593656), !coefficients=(NsigMRS = 4066.76,NbkgMRS = 521.696)

 MIGRAD FAILS TO FIND IMPROVEMENT
 MIGRAD MINIMIZATION HAS CONVERGED.
 MIGRAD WILL VERIFY CONVERGENCE AND ERROR MATRIX.
 EIGENVALUES OF SECOND-DERIVATIVE MATRIX:
        -4.8159e-02  6.0060e-02  7.1028e-01  7.5763e-01  1.2192e+00  1.2455e+00  3.0555e+00
 MINUIT WARNING IN HESSE   
 ============== MATRIX FORCED POS-DEF BY ADDING 0.051215 TO DIAGONAL.
 FCN=-52189.3 FROM MIGRAD    STATUS=CONVERGED     316 CALLS         317 TOTAL
                     EDM=0.000458997    STRATEGY= 1      ERR MATRIX NOT POS-DEF
  EXT PARAMETER                APPROXIMATE        STEP         FIRST   
  NO.   NAME      VALUE            ERROR          SIZE      DERIVATIVE 
   1  NbkgMRS      5.36788e+02   3.15549e+01   5.12267e-02   1.27882e-02
   2  NbkgPRS      3.81393e+02   2.74947e+01   5.94250e-02  -8.81045e-04
   3  NsigMRS      4.06802e+03   6.11982e+01   1.06640e-01  -6.18995e-03
   4  NsigPRS      4.00046e+03   5.71612e+01   1.41744e-01  -1.56564e-02
   5  am           2.65049e+00   1.60150e-04   3.53931e-07   2.39132e+03
   6  bm          -5.28781e+00   1.13700e-04   2.47217e-07   4.59681e+03
   7  cm           2.63558e+01   1.44119e-03   3.39763e-07  -5.94862e+03
                               ERR DEF= 0.5
 EXTERNAL ERROR MATRIX.    NDIM=  25    NPAR=  7    ERR DEF=0.5
  1.033e+03  2.290e+01 -4.954e+02  2.398e+01  2.290e-05 -4.776e-06  6.270e-04 
  2.290e+01  7.939e+02 -2.215e+01  4.513e+02 -6.944e-05 -6.103e-05 -3.309e-04 
 -4.954e+02 -2.215e+01  4.379e+03 -2.320e+01 -2.168e-05  4.938e-06 -6.022e-04 
  2.398e+01  4.513e+02 -2.320e+01  4.314e+03 -7.311e-05 -6.418e-05 -3.500e-04 
  2.290e-05 -6.944e-05 -2.168e-05 -7.311e-05  2.565e-08  1.551e-08  2.206e-07 
 -4.776e-06 -6.103e-05  4.938e-06 -6.418e-05  1.551e-08  1.293e-08  1.580e-07 
  6.270e-04 -3.309e-04 -6.022e-04 -3.500e-04  2.206e-07  1.580e-07  2.077e-06 
ERR MATRIX NOT POS-DEF
 PARAMETER  CORRELATION COEFFICIENTS  
       NO.  GLOBAL      1      2      3      4      5      6      7
        1  0.28139   1.000  0.025 -0.233  0.011  0.004 -0.001  0.014
        2  0.27583   0.025  1.000 -0.012  0.244 -0.015 -0.019 -0.008
        3  0.23680  -0.233 -0.012  1.000 -0.005 -0.002  0.001 -0.006
        4  0.24569   0.011  0.244 -0.005  1.000 -0.007 -0.009 -0.004
        5  0.99128   0.004 -0.015 -0.002 -0.007  1.000  0.852  0.956
        6  0.99294  -0.001 -0.019  0.001 -0.009  0.852  1.000  0.964
        7  0.99778   0.014 -0.008 -0.006 -0.004  0.956  0.964  1.000
 ERR MATRIX NOT POS-DEF
 **********
 **   18 **HESSE        3500
 **********
 EIGENVALUES OF SECOND-DERIVATIVE MATRIX:
        -2.6585e-03  8.4251e-03  7.1875e-01  7.6831e-01  1.2144e+00  1.2329e+00  3.0598e+00
 MINUIT WARNING IN HESSE   
 ============== MATRIX FORCED POS-DEF BY ADDING 0.005718 TO DIAGONAL.
 FCN=-52189.3 FROM HESSE     STATUS=NOT POSDEF     54 CALLS         371 TOTAL
                     EDM=0.000541734    STRATEGY= 1      ERR MATRIX NOT POS-DEF
  EXT PARAMETER                APPROXIMATE     INTERNAL      INTERNAL  
  NO.   NAME      VALUE            ERROR       STEP SIZE       VALUE   
   1  NbkgMRS      5.36788e+02   3.24126e+01   2.04907e-03  -2.31000e-01
   2  NbkgPRS      3.81393e+02   2.80231e+01   2.37700e-03  -7.42727e-01
   3  NsigMRS      4.06802e+03   6.24565e+01   4.26561e-03   2.28223e-01
   4  NsigPRS      4.00046e+03   5.79278e+01   5.66976e-03   2.38841e+00
   5  am           2.65049e+00   1.64323e-04   1.41572e-08   2.68255e-01
   6  bm          -5.28781e+00   1.60608e-04   2.33971e-08   4.90673e-01
   7  cm           2.63558e+01   1.41198e-03   3.39763e-08  -7.12535e-01
                               ERR DEF= 0.5
 EXTERNAL ERROR MATRIX.    NDIM=  25    NPAR=  7    ERR DEF=0.5
  1.092e+03  2.727e+01 -5.549e+02  2.758e+01  3.009e-04  1.191e-04  2.823e-03 
  2.727e+01  8.264e+02 -2.718e+01  4.515e+02  1.515e-04  5.344e-05  1.487e-03 
 -5.549e+02 -2.718e+01  4.597e+03 -2.748e+01 -2.998e-04 -1.187e-04 -2.813e-03 
  2.758e+01  4.515e+02 -2.748e+01  4.480e+03  1.531e-04  5.403e-05  1.504e-03 
  3.009e-04  1.515e-04 -2.998e-04  1.531e-04  2.700e-08  2.018e-09  1.365e-07 
  1.191e-04  5.344e-05 -1.187e-04  5.403e-05  2.018e-09  2.579e-08  1.923e-07 
  2.823e-03  1.487e-03 -2.813e-03  1.504e-03  1.365e-07  1.923e-07  1.994e-06 
ERR MATRIX NOT POS-DEF
 PARAMETER  CORRELATION COEFFICIENTS  
       NO.  GLOBAL      1      2      3      4      5      6      7
        1  0.30085   1.000  0.029 -0.248  0.012  0.055  0.022  0.060
        2  0.27028   0.029  1.000 -0.014  0.235  0.032  0.012  0.037
        3  0.25209  -0.248 -0.014  1.000 -0.006 -0.027 -0.011 -0.029
        4  0.23656   0.012  0.235 -0.006  1.000  0.014  0.005  0.016
        5  0.99134   0.055  0.032 -0.027  0.014  1.000  0.076  0.588
        6  0.99631   0.022  0.012 -0.011  0.005  0.076  1.000  0.848
        7  0.99758   0.060  0.037 -0.029  0.016  0.588  0.848  1.000
 ERR MATRIX NOT POS-DEF
77 ; 0.349638 ; 1.35776
[#1] INFO:Plotting -- RooAbsPdf::plotOn(modelMRS) directly selected PDF components: (modelBkg)
[#1] INFO:Plotting -- RooAbsPdf::plotOn(modelMRS) indirectly selected PDF components: ()
[#1] INFO:NumericIntegration -- RooRealIntegral::init(modelBkg_Int[x]) using numeric integrator RooIntegrator1D to calculate Int(x)
[#1] INFO:Plotting -- RooAbsPdf::plotOn(modelMRS) directly selected PDF components: (modelSig)
[#1] INFO:Plotting -- RooAbsPdf::plotOn(modelMRS) indirectly selected PDF components: ()
[#1] INFO:NumericIntegration -- RooRealIntegral::init(modelBkg_Int[x]) using numeric integrator RooIntegrator1D to calculate Int(x)
[#1] INFO:NumericIntegration -- RooRealIntegral::init(modelBkg_Int[x]) using numeric integrator RooIntegrator1D to calculate Int(x)
[#1] INFO:Plotting -- RooAbsPdf::plotOn(modelPRS) directly selected PDF components: (modelBkg)
[#1] INFO:Plotting -- RooAbsPdf::plotOn(modelPRS) indirectly selected PDF components: ()
[#1] INFO:NumericIntegration -- RooRealIntegral::init(modelBkg_Int[x]) using numeric integrator RooIntegrator1D to calculate Int(x)
[#1] INFO:Plotting -- RooAbsPdf::plotOn(modelPRS) directly selected PDF components: (modelSig)
[#1] INFO:Plotting -- RooAbsPdf::plotOn(modelPRS) indirectly selected PDF components: ()
[#1] INFO:NumericIntegration -- RooRealIntegral::init(modelBkg_Int[x]) using numeric integrator RooIntegrator1D to calculate Int(x)
[#1] INFO:NumericIntegration -- RooRealIntegral::init(modelBkg_Int[x]) using numeric integrator RooIntegrator1D to calculate Int(x)
PRS chi2: 0.271751 ; MPS chi2: 1.0617
