   ------------------------------------------------------------------
  | Welcome to ROOT 6.24/08                        https://root.cern |
  | (c) 1995-2021, The ROOT Team; conception: R. Brun, F. Rademakers |
  | Built for linuxx8664gcc on Sep 29 2022, 13:04:57                 |
  | From tags/v6-24-08@v6-24-08                                      |
  | With c++ (GCC) 4.8.5 20150623 (Red Hat 4.8.5-44)                 |
  | Try '.help', '.demo', '.license', '.credits', '.quit'/'.q'       |
   ------------------------------------------------------------------


Processing full.C(3,6,"Up","2018")...

[1mRooFit v3.60 -- Developed by Wouter Verkerke and David Kirkby[0m 
                Copyright (C) 2000-2013 NIKHEF, University of California & Stanford University
                All rights reserved, please read http://roofit.sourceforge.net/license.txt

-------------------------
Set LHCb Style - May 2021
-------------------------
../fulltempt/PARAMs/FullMom_3_6.txt
[#0] WARNING:InputArguments -- The parameter 'sigma3' with range [0, 10] of the RooGaussian 'sig_pdf2' exceeds the safe range of (0, inf). Advise to limit its range.
[#0] ERROR:Integration --  RooNumIntFactory::Init : libRooFitMore cannot be loaded. GSL integrators will not beavailable ! 
[#1] INFO:Fitting -- RooAddition::defaultErrorLevel(nll) Summation contains a RooNLLVar, using its error level
 **********
 **   13 **MIGRAD        4500           1
 **********
 FIRST CALL TO USER FUNCTION AT NEW START POINT, WITH IFLAG=4.
 START MIGRAD MINIMIZATION.  STRATEGY  1.  CONVERGENCE WHEN EDM .LT. 1.00e-03
 FCN=-29203.9 FROM MIGRAD    STATUS=INITIATE       36 CALLS          37 TOTAL
                     EDM= unknown      STRATEGY= 1      NO ERROR MATRIX       
  EXT PARAMETER               CURRENT GUESS       STEP         FIRST   
  NO.   NAME      VALUE            ERROR          SIZE      DERIVATIVE 
   1  NbkgMRS      5.95600e+02   2.97800e+02   2.57889e-01   1.37340e+02
   2  NbkgPRS      5.78200e+02   2.89100e+02   2.57889e-01   9.21208e+01
   3  NsigMRS      2.38240e+03   2.97800e+02   2.57889e-01  -3.43430e+01
   4  NsigPRS      2.31280e+03   2.89100e+02   2.57889e-01  -2.30383e+01
   5  coeffsig     1.00000e-01   5.00000e-02   1.72186e-01  -1.25201e+02
   6  mean         1.45500e+02   2.10000e+00   2.10680e-01   4.32746e+03
   7  sigma1       5.00000e-01   2.50000e-01   1.18625e-01  -1.64807e+01
   8  sigma2       5.00000e-01   2.50000e-01   1.18625e-01   1.85098e+02
   9  sigma3       1.10000e+00   5.50000e-01   1.81568e-01   1.05267e+03
                               ERR DEF= 0.5
 MIGRAD MINIMIZATION HAS CONVERGED.
 MIGRAD WILL VERIFY CONVERGENCE AND ERROR MATRIX.
 COVARIANCE MATRIX CALCULATED SUCCESSFULLY
 FCN=-29307.3 FROM MIGRAD    STATUS=CONVERGED     514 CALLS         515 TOTAL
                     EDM=2.46108e-05    STRATEGY= 1      ERROR MATRIX ACCURATE 
  EXT PARAMETER                                   STEP         FIRST   
  NO.   NAME      VALUE            ERROR          SIZE      DERIVATIVE 
   1  NbkgMRS      4.00730e+02   2.75232e+01   2.85339e-03  -5.24140e-02
   2  NbkgPRS      4.20245e+02   2.74654e+01   2.88390e-03   1.98449e-02
   3  NsigMRS      2.57706e+03   5.41215e+01   6.05773e-03  -7.40638e-02
   4  NsigPRS      2.47074e+03   5.29277e+01   5.92832e-03  -7.85799e-03
   5  coeffsig     7.51968e-01   2.84120e-02   3.56876e-03  -7.02669e-02
   6  mean         1.45351e+02   4.15333e-02   1.74360e-04  -5.91783e-01
   7  sigma1       7.53005e-01   4.23321e-02   7.46692e-04   2.65656e-01
   8  sigma2       8.13661e-01   3.23189e-02   7.08807e-04   1.94131e-01
   9  sigma3       2.10061e+00   1.42587e-01   2.25517e-03   1.99827e-02
                               ERR DEF= 0.5
 EXTERNAL ERROR MATRIX.    NDIM=  25    NPAR=  9    ERR DEF=0.5
  7.577e+02  1.288e+02 -3.556e+02 -1.286e+02 -4.181e-02 -2.942e-02 -8.400e-02 -2.790e-02 -1.239e+00 
  1.288e+02  7.545e+02 -1.285e+02 -3.331e+02 -3.296e-02 -3.744e-02 -8.052e-02 -1.748e-02 -1.130e+00 
 -3.556e+02 -1.285e+02  2.932e+03  1.283e+02  4.200e-02  2.950e-02  8.404e-02  2.785e-02  1.237e+00 
 -1.286e+02 -3.331e+02  1.283e+02  2.804e+03  3.314e-02  3.749e-02  8.055e-02  1.746e-02  1.129e+00 
 -4.181e-02 -3.296e-02  4.200e-02  3.314e-02  8.084e-04  3.572e-04  7.955e-04  2.414e-04  3.063e-03 
 -2.942e-02 -3.744e-02  2.950e-02  3.749e-02  3.572e-04  1.725e-03  1.411e-03 -9.338e-04  1.704e-03 
 -8.400e-02 -8.052e-02  8.404e-02  8.055e-02  7.955e-04  1.411e-03  1.792e-03 -4.068e-04  3.353e-03 
 -2.790e-02 -1.748e-02  2.785e-02  1.746e-02  2.414e-04 -9.338e-04 -4.068e-04  1.045e-03  7.129e-04 
 -1.239e+00 -1.130e+00  1.237e+00  1.129e+00  3.063e-03  1.704e-03  3.353e-03  7.129e-04  2.034e-02 
 PARAMETER  CORRELATION COEFFICIENTS  
       NO.  GLOBAL      1      2      3      4      5      6      7      8      9
        1  0.45357   1.000  0.170 -0.239 -0.088 -0.053 -0.026 -0.072 -0.031 -0.316
        2  0.42543   0.170  1.000 -0.086 -0.229 -0.042 -0.033 -0.069 -0.020 -0.288
        3  0.27042  -0.239 -0.086  1.000  0.045  0.027  0.013  0.037  0.016  0.160
        4  0.26102  -0.088 -0.229  0.045  1.000  0.022  0.017  0.036  0.010  0.149
        5  0.88872  -0.053 -0.042  0.027  0.022  1.000  0.302  0.661  0.263  0.755
        6  0.93458  -0.026 -0.033  0.013  0.017  0.302  1.000  0.803 -0.696  0.288
        7  0.91916  -0.072 -0.069  0.037  0.036  0.661  0.803  1.000 -0.297  0.555
        8  0.86171  -0.031 -0.020  0.016  0.010  0.263 -0.696 -0.297  1.000  0.155
        9  0.83887  -0.316 -0.288  0.160  0.149  0.755  0.288  0.555  0.155  1.000
 **********
 **   18 **HESSE        4500
 **********
 COVARIANCE MATRIX CALCULATED SUCCESSFULLY
 FCN=-29307.3 FROM HESSE     STATUS=OK             73 CALLS         588 TOTAL
                     EDM=2.46907e-05    STRATEGY= 1      ERROR MATRIX ACCURATE 
  EXT PARAMETER                                INTERNAL      INTERNAL  
  NO.   NAME      VALUE            ERROR       STEP SIZE       VALUE   
   1  NbkgMRS      4.00730e+02   2.75899e+01   1.14136e-04  -8.19600e-01
   2  NbkgPRS      4.20245e+02   2.75235e+01   1.15356e-04  -7.88467e-01
   3  NsigMRS      2.57706e+03   5.41667e+01   2.42309e-04   8.19395e-01
   4  NsigPRS      2.47074e+03   5.29675e+01   2.37133e-04   7.88457e-01
   5  coeffsig     7.51968e-01   2.86552e-02   7.13751e-04   5.28150e-01
   6  mean         1.45351e+02   4.19967e-02   3.48719e-05  -3.04551e-01
   7  sigma1       7.53005e-01   4.27731e-02   1.49338e-04  -1.01485e+00
   8  sigma2       8.13661e-01   3.25913e-02   2.83523e-05  -9.92267e-01
   9  sigma3       2.10061e+00   1.44023e-01   9.02068e-05  -6.18579e-01
                               ERR DEF= 0.5
 EXTERNAL ERROR MATRIX.    NDIM=  25    NPAR=  9    ERR DEF=0.5
  7.614e+02  1.321e+02 -3.605e+02 -1.321e+02 -4.786e-02 -3.244e-02 -9.053e-02 -2.960e-02 -1.278e+00 
  1.321e+02  7.577e+02 -1.321e+02 -3.374e+02 -3.862e-02 -4.052e-02 -8.679e-02 -1.889e-02 -1.167e+00 
 -3.605e+02 -1.321e+02  2.937e+03  1.320e+02  4.786e-02  3.244e-02  9.051e-02  2.959e-02  1.278e+00 
 -1.321e+02 -3.374e+02  1.320e+02  2.808e+03  3.862e-02  4.052e-02  8.679e-02  1.888e-02  1.167e+00 
 -4.786e-02 -3.862e-02  4.786e-02  3.862e-02  8.223e-04  3.685e-04  8.139e-04  2.426e-04  3.136e-03 
 -3.244e-02 -4.052e-02  3.244e-02  4.052e-02  3.685e-04  1.764e-03  1.446e-03 -9.559e-04  1.760e-03 
 -9.053e-02 -8.679e-02  9.051e-02  8.679e-02  8.139e-04  1.446e-03  1.830e-03 -4.207e-04  3.447e-03 
 -2.960e-02 -1.889e-02  2.959e-02  1.888e-02  2.426e-04 -9.559e-04 -4.207e-04  1.062e-03  7.206e-04 
 -1.278e+00 -1.167e+00  1.278e+00  1.167e+00  3.136e-03  1.760e-03  3.447e-03  7.206e-04  2.075e-02 
 PARAMETER  CORRELATION COEFFICIENTS  
       NO.  GLOBAL      1      2      3      4      5      6      7      8      9
        1  0.45778   1.000  0.174 -0.241 -0.090 -0.060 -0.028 -0.077 -0.033 -0.322
        2  0.42947   0.174  1.000 -0.089 -0.231 -0.049 -0.035 -0.074 -0.021 -0.294
        3  0.27324  -0.241 -0.089  1.000  0.046  0.031  0.014  0.039  0.017  0.164
        4  0.26367  -0.090 -0.231  0.046  1.000  0.025  0.018  0.038  0.011  0.153
        5  0.89072  -0.060 -0.049  0.031  0.025  1.000  0.306  0.664  0.260  0.759
        6  0.93607  -0.028 -0.035  0.014  0.018  0.306  1.000  0.805 -0.698  0.291
        7  0.92089  -0.077 -0.074  0.039  0.038  0.664  0.805  1.000 -0.302  0.559
        8  0.86419  -0.033 -0.021  0.017  0.011  0.260 -0.698 -0.302  1.000  0.153
        9  0.84236  -0.322 -0.294  0.164  0.153  0.759  0.291  0.559  0.153  1.000
75 ; 1.12071 ; 1.29013
[#1] INFO:Plotting -- RooAbsPdf::plotOn(modelMRS) directly selected PDF components: (modelBkg)
[#1] INFO:Plotting -- RooAbsPdf::plotOn(modelMRS) indirectly selected PDF components: ()
[#1] INFO:Plotting -- RooAbsPdf::plotOn(modelMRS) directly selected PDF components: (modelSig)
[#1] INFO:Plotting -- RooAbsPdf::plotOn(modelMRS) indirectly selected PDF components: (sig_pdf1,sig_pdf2)
[#1] INFO:Plotting -- RooAbsPdf::plotOn(modelPRS) directly selected PDF components: (modelBkg)
[#1] INFO:Plotting -- RooAbsPdf::plotOn(modelPRS) indirectly selected PDF components: ()
[#1] INFO:Plotting -- RooAbsPdf::plotOn(modelPRS) directly selected PDF components: (modelSig)
[#1] INFO:Plotting -- RooAbsPdf::plotOn(modelPRS) indirectly selected PDF components: (sig_pdf1,sig_pdf2)
PRS chi2: 0.89644 ; MPS chi2: 1.02536
