   ------------------------------------------------------------------
  | Welcome to ROOT 6.24/08                        https://root.cern |
  | (c) 1995-2021, The ROOT Team; conception: R. Brun, F. Rademakers |
  | Built for linuxx8664gcc on Sep 29 2022, 13:04:57                 |
  | From tags/v6-24-08@v6-24-08                                      |
  | With c++ (GCC) 4.8.5 20150623 (Red Hat 4.8.5-44)                 |
  | Try '.help', '.demo', '.license', '.credits', '.quit'/'.q'       |
   ------------------------------------------------------------------


Processing full.C(5,3,"Down","2018")...

[1mRooFit v3.60 -- Developed by Wouter Verkerke and David Kirkby[0m 
                Copyright (C) 2000-2013 NIKHEF, University of California & Stanford University
                All rights reserved, please read http://roofit.sourceforge.net/license.txt

-------------------------
Set LHCb Style - May 2021
-------------------------
../fulltempt/PARAMs/FullMom_5_3.txt
[#0] WARNING:InputArguments -- The parameter 'sigma3' with range [0, 10] of the RooGaussian 'sig_pdf2' exceeds the safe range of (0, inf). Advise to limit its range.
[#0] ERROR:Integration --  RooNumIntFactory::Init : libRooFitMore cannot be loaded. GSL integrators will not beavailable ! 
[#1] INFO:Fitting -- RooAddition::defaultErrorLevel(nll) Summation contains a RooNLLVar, using its error level
 **********
 **   13 **MIGRAD        4500           1
 **********
 FIRST CALL TO USER FUNCTION AT NEW START POINT, WITH IFLAG=4.
 START MIGRAD MINIMIZATION.  STRATEGY  1.  CONVERGENCE WHEN EDM .LT. 1.00e-03
 FCN=-9603.52 FROM MIGRAD    STATUS=INITIATE       36 CALLS          37 TOTAL
                     EDM= unknown      STRATEGY= 1      NO ERROR MATRIX       
  EXT PARAMETER               CURRENT GUESS       STEP         FIRST   
  NO.   NAME      VALUE            ERROR          SIZE      DERIVATIVE 
   1  NbkgMRS      2.45000e+02   1.22500e+02   2.57889e-01  -1.20168e+02
   2  NbkgPRS      2.35800e+02   1.17900e+02   2.57889e-01  -6.38793e+01
   3  NsigMRS      9.80000e+02   1.22500e+02   2.57889e-01   3.00390e+01
   4  NsigPRS      9.43200e+02   1.17900e+02   2.57889e-01   1.59669e+01
   5  coeffsig     4.00000e-01   1.00000e-01   2.05758e-01   8.28129e+00
   6  mean         1.45500e+02   2.10000e+00   2.10680e-01  -3.14570e+02
   7  sigma1       6.00000e-01   3.00000e-01   1.30610e-01   5.51299e+01
   8  sigma2       8.00000e-01   4.00000e-01   1.52384e-01  -3.13390e+01
   9  sigma3       1.10000e+00   5.50000e-01   1.81568e-01  -3.42424e+02
                               ERR DEF= 0.5
 MIGRAD MINIMIZATION HAS CONVERGED.
 FCN=-9632.39 FROM MIGRAD    STATUS=CONVERGED     280 CALLS         281 TOTAL
                     EDM=7.75367e-05    STRATEGY= 1  ERROR MATRIX UNCERTAINTY   9.7 per cent
  EXT PARAMETER                                   STEP         FIRST   
  NO.   NAME      VALUE            ERROR          SIZE      DERIVATIVE 
   1  NbkgMRS      3.02435e+02   2.07065e+01   1.51874e-04   7.38840e-02
   2  NbkgPRS      2.51649e+02   2.09534e+01   2.01614e-04   8.40219e-03
   3  NsigMRS      9.22667e+02   3.26648e+01   3.88214e-04   3.13510e-02
   4  NsigPRS      9.27549e+02   3.61262e+01  -1.30849e-03   9.83208e-02
   5  coeffsig     7.03637e-01   5.71746e-02  -1.73503e-03  -2.73442e-02
   6  mean         1.45592e+02   8.08157e-02   8.38613e-06   1.20012e+00
   7  sigma1       7.46202e-01   7.43622e-02  -4.24691e-04  -2.01796e-01
   8  sigma2       7.55762e-01   7.05760e-02  -2.64118e-04   2.00978e-01
   9  sigma3       1.74996e+00   1.71908e-01  -2.43859e-04  -8.28446e-02
                               ERR DEF= 0.5
 EXTERNAL ERROR MATRIX.    NDIM=  25    NPAR=  9    ERR DEF=0.5
  4.290e+02  1.266e+01 -1.440e+02  1.486e+01 -1.724e-01 -2.597e-01 -3.138e-01  4.764e-02 -1.072e+00 
  1.266e+01  4.393e+02 -5.113e+00 -1.222e+02 -2.243e-01 -2.638e-01 -3.568e-01  2.849e-02 -1.351e+00 
 -1.440e+02 -5.113e+00  1.068e+03  4.948e+01  1.381e-01  2.628e-01  2.630e-01 -5.919e-02  1.063e+00 
  1.486e+01 -1.222e+02  4.948e+01  1.308e+03  5.332e-02  2.281e-01  1.249e-01 -4.149e-02  9.828e-01 
 -1.724e-01 -2.243e-01  1.381e-01  5.332e-02  3.286e-03  4.813e-05  1.842e-03  1.554e-03  7.458e-03 
 -2.597e-01 -2.638e-01  2.628e-01  2.281e-01  4.813e-05  6.531e-03  4.869e-03 -4.640e-03  2.150e-03 
 -3.138e-01 -3.568e-01  2.630e-01  1.249e-01  1.842e-03  4.869e-03  5.531e-03 -2.415e-03  5.479e-03 
  4.764e-02  2.849e-02 -5.919e-02 -4.149e-02  1.554e-03 -4.640e-03 -2.415e-03  4.982e-03  1.905e-03 
 -1.072e+00 -1.351e+00  1.063e+00  9.828e-01  7.458e-03  2.150e-03  5.479e-03  1.905e-03  2.957e-02 
 PARAMETER  CORRELATION COEFFICIENTS  
       NO.  GLOBAL      1      2      3      4      5      6      7      8      9
        1  0.40845   1.000  0.029 -0.213  0.020 -0.145 -0.155 -0.204  0.033 -0.301
        2  0.45629   0.029  1.000 -0.007 -0.161 -0.187 -0.156 -0.229  0.019 -0.375
        3  0.28486  -0.213 -0.007  1.000  0.042  0.074  0.099  0.108 -0.026  0.189
        4  0.27641   0.020 -0.161  0.042  1.000  0.026  0.078  0.046 -0.016  0.158
        5  0.88717  -0.145 -0.187  0.074  0.026  1.000  0.010  0.432  0.384  0.757
        6  0.95206  -0.155 -0.156  0.099  0.078  0.010  1.000  0.810 -0.813  0.155
        7  0.91889  -0.204 -0.229  0.108  0.046  0.432  0.810  1.000 -0.460  0.428
        8  0.91062   0.033  0.019 -0.026 -0.016  0.384 -0.813 -0.460  1.000  0.157
        9  0.83589  -0.301 -0.375  0.189  0.158  0.757  0.155  0.428  0.157  1.000
 **********
 **   18 **HESSE        4500
 **********
 COVARIANCE MATRIX CALCULATED SUCCESSFULLY
 FCN=-9632.39 FROM HESSE     STATUS=OK             77 CALLS         358 TOTAL
                     EDM=0.00010829    STRATEGY= 1      ERROR MATRIX ACCURATE 
  EXT PARAMETER                                INTERNAL      INTERNAL  
  NO.   NAME      VALUE            ERROR       STEP SIZE       VALUE   
   1  NbkgMRS      3.02435e+02   2.32276e+01   2.71405e-03  -5.30807e-01
   2  NbkgPRS      2.51649e+02   2.15293e+01   2.74617e-03  -6.10300e-01
   3  NsigMRS      9.22667e+02   3.40341e+01   4.12096e-03   5.30999e-01
   4  NsigPRS      9.27549e+02   3.37366e+01   4.49820e-03   6.10711e-01
   5  coeffsig     7.03637e-01   6.05401e-02   3.91216e-03   4.19466e-01
   6  mean         1.45592e+02   7.73176e-02   1.65794e-04  -2.80639e-01
   7  sigma1       7.46202e-01   7.28233e-02   7.45446e-04  -1.01743e+00
   8  sigma2       7.55762e-01   6.86991e-02   7.53687e-04  -1.01380e+00
   9  sigma3       1.74996e+00   1.78515e-01   1.74201e-03  -7.07595e-01
                               ERR DEF= 0.5
 EXTERNAL ERROR MATRIX.    NDIM=  25    NPAR=  9    ERR DEF=0.5
  5.399e+02  6.184e+01 -2.369e+02 -6.183e+01 -2.167e-02 -2.194e-01 -1.893e-01  1.043e-01 -9.296e-01 
  6.184e+01  4.638e+02 -6.183e+01 -2.118e+02 -4.532e-02 -1.737e-01 -1.659e-01  5.404e-02 -9.368e-01 
 -2.369e+02 -6.183e+01  1.160e+03  6.182e+01  2.191e-02  2.194e-01  1.894e-01 -1.043e-01  9.300e-01 
 -6.183e+01 -2.118e+02  6.182e+01  1.140e+03  4.558e-02  1.737e-01  1.660e-01 -5.407e-02  9.373e-01 
 -2.167e-02 -4.532e-02  2.191e-02  4.558e-02  3.687e-03  2.073e-04  2.098e-03  1.756e-03  8.388e-03 
 -2.194e-01 -1.737e-01  2.194e-01  1.737e-01  2.073e-04  5.978e-03  4.512e-03 -4.112e-03  2.252e-03 
 -1.893e-01 -1.659e-01  1.894e-01  1.660e-01  2.098e-03  4.512e-03  5.305e-03 -1.922e-03  5.859e-03 
  1.043e-01  5.404e-02 -1.043e-01 -5.407e-02  1.756e-03 -4.112e-03 -1.922e-03  4.721e-03  2.601e-03 
 -9.296e-01 -9.368e-01  9.300e-01  9.373e-01  8.388e-03  2.252e-03  5.859e-03  2.601e-03  3.189e-02 
 PARAMETER  CORRELATION COEFFICIENTS  
       NO.  GLOBAL      1      2      3      4      5      6      7      8      9
        1  0.41345   1.000  0.124 -0.299 -0.079 -0.015 -0.122 -0.112  0.065 -0.224
        2  0.41674   0.124  1.000 -0.084 -0.291 -0.035 -0.104 -0.106  0.037 -0.244
        3  0.33142  -0.299 -0.084  1.000  0.054  0.011  0.083  0.076 -0.045  0.153
        4  0.31985  -0.079 -0.291  0.054  1.000  0.022  0.067  0.068 -0.023  0.155
        5  0.90101  -0.015 -0.035  0.011  0.022  1.000  0.044  0.474  0.421  0.774
        6  0.94771  -0.122 -0.104  0.083  0.067  0.044  1.000  0.801 -0.774  0.163
        7  0.91793  -0.112 -0.106  0.076  0.068  0.474  0.801  1.000 -0.384  0.450
        8  0.90379   0.065  0.037 -0.045 -0.023  0.421 -0.774 -0.384  1.000  0.212
        9  0.83790  -0.224 -0.244  0.153  0.155  0.774  0.163  0.450  0.212  1.000
75 ; 0.934681 ; 1.01514
[#1] INFO:Plotting -- RooAbsPdf::plotOn(modelMRS) directly selected PDF components: (modelBkg)
[#1] INFO:Plotting -- RooAbsPdf::plotOn(modelMRS) indirectly selected PDF components: ()
[#1] INFO:Plotting -- RooAbsPdf::plotOn(modelMRS) directly selected PDF components: (modelSig)
[#1] INFO:Plotting -- RooAbsPdf::plotOn(modelMRS) indirectly selected PDF components: (sig_pdf1,sig_pdf2)
[#1] INFO:Plotting -- RooAbsPdf::plotOn(modelPRS) directly selected PDF components: (modelBkg)
[#1] INFO:Plotting -- RooAbsPdf::plotOn(modelPRS) indirectly selected PDF components: ()
[#1] INFO:Plotting -- RooAbsPdf::plotOn(modelPRS) directly selected PDF components: (modelSig)
[#1] INFO:Plotting -- RooAbsPdf::plotOn(modelPRS) indirectly selected PDF components: (sig_pdf1,sig_pdf2)
PRS chi2: 0.66648 ; MPS chi2: 0.762283
