   ------------------------------------------------------------------
  | Welcome to ROOT 6.24/08                        https://root.cern |
  | (c) 1995-2021, The ROOT Team; conception: R. Brun, F. Rademakers |
  | Built for linuxx8664gcc on Sep 29 2022, 13:04:57                 |
  | From tags/v6-24-08@v6-24-08                                      |
  | With c++ (GCC) 4.8.5 20150623 (Red Hat 4.8.5-44)                 |
  | Try '.help', '.demo', '.license', '.credits', '.quit'/'.q'       |
   ------------------------------------------------------------------


Processing full.C(4,2,"Down","2016")...

[1mRooFit v3.60 -- Developed by Wouter Verkerke and David Kirkby[0m 
                Copyright (C) 2000-2013 NIKHEF, University of California & Stanford University
                All rights reserved, please read http://roofit.sourceforge.net/license.txt

-------------------------
Set LHCb Style - May 2021
-------------------------
../fulltempt/PARAMs/FullMom_4_2.txt
../../../../selection/promptD/results/2016MagDownFullRS.root/DecayTree
[#0] WARNING:InputArguments -- The parameter 'sigma3' with range [0, 10] of the RooGaussian 'sig_pdf2' exceeds the safe range of (0, inf). Advise to limit its range.
[#0] ERROR:Integration --  RooNumIntFactory::Init : libRooFitMore cannot be loaded. GSL integrators will not beavailable ! 
[#1] INFO:NumericIntegration -- RooRealIntegral::init(modelBkg_Int[x]) using numeric integrator RooIntegrator1D to calculate Int(x)
[#1] INFO:NumericIntegration -- RooRealIntegral::init(modelBkg_Int[x]) using numeric integrator RooIntegrator1D to calculate Int(x)
[#1] INFO:NumericIntegration -- RooRealIntegral::init(modelBkg_Int[x]) using numeric integrator RooIntegrator1D to calculate Int(x)
[#1] INFO:NumericIntegration -- RooRealIntegral::init(modelBkg_Int[x]) using numeric integrator RooIntegrator1D to calculate Int(x)
[#1] INFO:Fitting -- RooAddition::defaultErrorLevel(nll) Summation contains a RooNLLVar, using its error level
 **********
 **   13 **MIGRAD        6500           1
 **********
 FIRST CALL TO USER FUNCTION AT NEW START POINT, WITH IFLAG=4.
 START MIGRAD MINIMIZATION.  STRATEGY  1.  CONVERGENCE WHEN EDM .LT. 1.00e-03
 FCN=-21939.3 FROM MIGRAD    STATUS=INITIATE       54 CALLS          55 TOTAL
                     EDM= unknown      STRATEGY= 1      NO ERROR MATRIX       
  EXT PARAMETER               CURRENT GUESS       STEP         FIRST   
  NO.   NAME      VALUE            ERROR          SIZE      DERIVATIVE 
   1  NbkgMRS      2.41000e+02   1.20500e+02   1.72186e-01  -8.20154e+02
   2  NbkgPRS      2.37600e+02   1.18800e+02   1.72186e-01  -6.79742e+02
   3  NsigMRS      2.16900e+03   1.20500e+02   1.72186e-01   9.11055e+01
   4  NsigPRS      2.13840e+03   1.18800e+02   1.72186e-01   7.55092e+01
   5  am           1.00000e+00   2.00000e+00   2.02430e-01  -1.11413e+01
   6  bm          -1.30000e+00   6.50000e-01   1.36292e-01  -3.15406e+00
   7  cm           5.00000e+00   7.50000e+00   1.43348e-01  -1.47612e+02
   8  coeffsig     4.00000e-01   1.00000e-01   2.05758e-01   2.76901e+02
   9  dm0          1.39400e+02   2.00000e+00   2.01742e-01   8.60562e+00
  10  mean         1.45500e+02   2.10000e+00   2.10680e-01  -2.15498e+03
  11  sigma1       5.00000e-01   2.50000e-01   1.18625e-01  -4.38915e+02
  12  sigma2       5.00000e-01   2.50000e-01   1.18625e-01  -6.06112e+02
  13  sigma3       1.10000e+00   5.50000e-01   1.81568e-01  -2.16947e+03
                               ERR DEF= 0.5
 MIGRAD MINIMIZATION HAS CONVERGED.
 MIGRAD WILL VERIFY CONVERGENCE AND ERROR MATRIX.
 EIGENVALUES OF SECOND-DERIVATIVE MATRIX:
        -1.7558e-02  3.8252e-02  9.0205e-02  1.1951e-01  2.7156e-01  4.5774e-01  7.8190e-01  9.7154e-01  1.1890e+00  1.2199e+00  1.9661e+00  2.1197e+00  3.7922e+00
 MINUIT WARNING IN HESSE   
 ============== MATRIX FORCED POS-DEF BY ADDING 0.021350 TO DIAGONAL.
 FCN=-22372 FROM MIGRAD    STATUS=CONVERGED    1476 CALLS        1477 TOTAL
                     EDM=0.000311709    STRATEGY= 1      ERR MATRIX NOT POS-DEF
  EXT PARAMETER                APPROXIMATE        STEP         FIRST   
  NO.   NAME      VALUE            ERROR          SIZE      DERIVATIVE 
   1  NbkgMRS      6.50896e+02   3.79151e+01   2.92401e-03   5.92543e-02
   2  NbkgPRS      5.78259e+02   3.74542e+01   2.91815e-03  -1.94209e-01
   3  NsigMRS      1.75930e+03   5.01494e+01   4.29344e-03   9.81549e-02
   4  NsigPRS      1.79763e+03   5.08623e+01   4.51971e-03  -8.94118e-04
   5  am           2.94179e+00   1.27034e-01   1.84735e-04  -6.95120e-01
   6  bm          -6.98966e+00   1.21750e-01   1.87091e-04  -5.45595e-01
   7  cm           1.74587e+01   1.16065e+00   1.27411e-04   1.57006e-01
   8  coeffsig     9.25936e-01   2.66780e-02   5.11060e-03  -1.38756e-02
   9  dm0          1.39677e+02   2.19255e-01   1.28441e-03  -4.28824e-01
  10  mean         1.45418e+02   3.84225e-02   1.75885e-04   1.04102e+00
  11  sigma1       7.71368e-01   3.15752e-02   6.46095e-04  -3.41420e-01
  12  sigma2       9.56971e-01   3.31517e-02   6.89677e-04   3.98120e-01
  13  sigma3       2.60581e+00   3.29926e-01   5.56972e-03   9.16415e-02
                               ERR DEF= 0.5
 EXTERNAL ERROR MATRIX.    NDIM=  28    NPAR= 13    ERR DEF=0.5
 ELEMENTS ABOVE DIAGONAL ARE NOT PRINTED.
  1.438e+03 
  5.210e+02  1.403e+03 
 -7.929e+02 -5.188e+02  2.517e+03 
 -5.184e+02 -8.290e+02  5.162e+02  2.589e+03 
 -6.504e-01 -7.085e-01  6.477e-01  7.050e-01  1.614e-02 
 -6.606e-01 -7.161e-01  6.578e-01  7.125e-01  1.049e-02  1.482e-02 
 -5.850e+00 -6.525e+00  5.827e+00  6.494e+00  1.350e-01  1.280e-01  1.347e+00 
  4.575e-01  5.085e-01 -4.556e-01 -5.060e-01 -5.669e-04 -5.715e-04 -5.376e-03  7.142e-04 
 -2.736e+00 -3.078e+00  2.726e+00  3.063e+00  7.830e-03  7.402e-03  9.106e-02 -2.491e-03  4.808e-02 
 -1.114e-03 -3.648e-03  1.126e-03  3.653e-03 -8.271e-06 -7.704e-06 -1.014e-04  2.489e-05 -6.119e-05  1.476e-03 
  7.759e-02  1.014e-01 -7.735e-02 -1.009e-01 -1.243e-04 -1.230e-04 -1.226e-03  3.169e-04 -5.747e-04  9.065e-04  9.970e-04 
  3.094e-02  6.783e-02 -3.096e-02 -6.763e-02 -1.580e-04 -1.559e-04 -1.795e-03  2.756e-04 -8.469e-04 -8.950e-04 -3.266e-04 
  3.094e-02  6.783e-02 -3.096e-02 -6.763e-02 -1.580e-04 -1.559e-04 -1.795e-03  2.756e-04 -8.469e-04 -8.950e-04 -3.266e-04  1.099e-03 
 -2.975e-01 -6.315e-02  2.977e-01  6.420e-02  1.792e-03  1.519e-03  2.448e-02  4.132e-03  1.410e-02  1.036e-03  3.400e-03 
 -2.975e-01 -6.315e-02  2.977e-01  6.420e-02  1.792e-03  1.519e-03  2.448e-02  4.132e-03  1.410e-02  1.036e-03  3.400e-03  1.781e-03  1.091e-01 
ERR MATRIX NOT POS-DEF
 PARAMETER  CORRELATION COEFFICIENTS  
       NO.  GLOBAL      1      2      3      4      5      6      7      8      9     10     11     12     13
        1  0.61196   1.000  0.367 -0.417 -0.269 -0.135 -0.143 -0.133  0.451 -0.329 -0.001  0.065  0.025 -0.024
        2  0.64910   0.367  1.000 -0.276 -0.435 -0.149 -0.157 -0.150  0.508 -0.375 -0.003  0.086  0.055 -0.005
        3  0.48239  -0.417 -0.276  1.000  0.202  0.102  0.108  0.100 -0.340  0.248  0.001 -0.049 -0.019  0.018
        4  0.49680  -0.269 -0.435  0.202  1.000  0.109  0.115  0.110 -0.372  0.275  0.002 -0.063 -0.040  0.004
        5  0.99106  -0.135 -0.149  0.102  0.109  1.000  0.678  0.916 -0.167  0.281 -0.002 -0.031 -0.038  0.043
        6  0.99007  -0.143 -0.157  0.108  0.115  0.678  1.000  0.905 -0.176  0.277 -0.002 -0.032 -0.039  0.038
        7  0.99721  -0.133 -0.150  0.100  0.110  0.916  0.905  1.000 -0.173  0.358 -0.002 -0.033 -0.047  0.064
        8  0.87763   0.451  0.508 -0.340 -0.372 -0.167 -0.176 -0.173  1.000 -0.425  0.024  0.375  0.311  0.468
        9  0.82851  -0.329 -0.375  0.248  0.275  0.281  0.277  0.358 -0.425  1.000 -0.007 -0.083 -0.116  0.195
       10  0.89782  -0.001 -0.003  0.001  0.002 -0.002 -0.002 -0.002  0.024 -0.007  1.000  0.747 -0.703  0.082
       11  0.85238   0.065  0.086 -0.049 -0.063 -0.031 -0.032 -0.033  0.375 -0.083  0.747  1.000 -0.312  0.326
       12  0.80999   0.025  0.055 -0.019 -0.040 -0.038 -0.039 -0.047  0.311 -0.116 -0.703 -0.312  1.000  0.163
       13  0.70276  -0.024 -0.005  0.018  0.004  0.043  0.038  0.064  0.468  0.195  0.082  0.326  0.163  1.000
 ERR MATRIX NOT POS-DEF
 **********
 **   18 **HESSE        6500
 **********
 EIGENVALUES OF SECOND-DERIVATIVE MATRIX:
        -6.8774e-04  1.5683e-03  8.9193e-02  1.2000e-01  2.6660e-01  4.5264e-01  7.8116e-01  9.6930e-01  1.1895e+00  1.2205e+00  1.9709e+00  2.1208e+00  3.8185e+00
 MINUIT WARNING IN HESSE   
 ============== MATRIX FORCED POS-DEF BY ADDING 0.004506 TO DIAGONAL.
 FCN=-22372 FROM HESSE     STATUS=NOT POSDEF    131 CALLS        1608 TOTAL
                     EDM=0.000288822    STRATEGY= 1      ERR MATRIX NOT POS-DEF
  EXT PARAMETER                APPROXIMATE     INTERNAL      INTERNAL  
  NO.   NAME      VALUE            ERROR       STEP SIZE       VALUE   
   1  NbkgMRS      6.50896e+02   3.85341e+01   5.84802e-04  -4.77812e-01
   2  NbkgPRS      5.78259e+02   3.80926e+01   5.83630e-04  -5.38967e-01
   3  NsigMRS      1.75930e+03   5.08519e+01   8.58688e-04   4.77997e-01
   4  NsigPRS      1.79763e+03   5.15964e+01   1.80789e-04   5.38857e-01
   5  am           2.94179e+00   1.93035e-01   7.38941e-06   2.98596e-01
   6  bm          -6.98966e+00   1.93749e-01   7.48365e-06   3.05776e-01
   7  cm           1.74587e+01   1.15671e+00   5.09645e-06  -8.30826e-01
   8  coeffsig     9.25936e-01   2.79098e-02   2.04424e-04   1.01955e+00
   9  dm0          1.39677e+02   2.14245e-01   5.13764e-05  -3.23066e-02
  10  mean         1.45418e+02   4.17407e-02   3.51771e-05  -2.97872e-01
  11  sigma1       7.71368e-01   3.39867e-02   1.29219e-04  -1.00793e+00
  12  sigma2       9.56971e-01   3.52331e-02   1.37935e-04  -9.41779e-01
  13  sigma3       2.60581e+00   3.42929e-01   2.22789e-04  -4.99331e-01
                               ERR DEF= 0.5
 EXTERNAL ERROR MATRIX.    NDIM=  28    NPAR= 13    ERR DEF=0.5
 ELEMENTS ABOVE DIAGONAL ARE NOT PRINTED.
  1.486e+03 
  5.519e+02  1.452e+03 
 -8.359e+02 -5.514e+02  2.588e+03 
 -5.515e+02 -8.747e+02  5.511e+02  2.664e+03 
  1.344e-01  1.388e-01 -1.342e-01 -1.387e-01  3.727e-02 
 -3.181e-01 -3.168e-01  3.178e-01  3.166e-01 -1.138e-02  3.754e-02 
 -5.610e-02 -1.273e-01  5.614e-02  1.272e-01  1.324e-01  1.298e-01  1.338e+00 
  4.914e-01  5.466e-01 -4.910e-01 -5.463e-01  1.100e-04 -2.488e-04 -2.230e-04  7.819e-04 
 -2.611e+00 -2.942e+00  2.609e+00  2.941e+00 -4.083e-04 -1.082e-03  6.867e-03 -2.391e-03  4.591e-02 
  1.971e-03 -8.131e-04 -1.966e-03  8.168e-04  2.225e-06  2.546e-06  2.173e-05  4.002e-05 -4.437e-05  1.742e-03 
  9.574e-02  1.227e-01 -9.568e-02 -1.226e-01  2.099e-05 -4.382e-05 -4.267e-05  3.690e-04 -5.797e-04  1.091e-03  1.155e-03 
  3.948e-02  7.992e-02 -3.948e-02 -7.989e-02  2.649e-05 -4.016e-05 -2.665e-04  3.038e-04 -8.563e-04 -1.068e-03 -4.189e-04 
  3.948e-02  7.992e-02 -3.948e-02 -7.989e-02  2.649e-05 -4.016e-05 -2.665e-04  3.038e-04 -8.563e-04 -1.068e-03 -4.189e-04  1.241e-03 
 -2.008e-03  2.873e-01  2.324e-03 -2.869e-01  5.024e-04 -1.737e-03  2.382e-03  4.907e-03  1.314e-02  1.391e-03  4.086e-03 
 -2.008e-03  2.873e-01  2.324e-03 -2.869e-01  5.024e-04 -1.737e-03  2.382e-03  4.907e-03  1.314e-02  1.391e-03  4.086e-03  1.983e-03  1.178e-01 
ERR MATRIX NOT POS-DEF
 PARAMETER  CORRELATION COEFFICIENTS  
       NO.  GLOBAL      1      2      3      4      5      6      7      8      9     10     11     12     13
        1  0.61990   1.000  0.376 -0.426 -0.277  0.018 -0.043 -0.001  0.456 -0.316  0.001  0.073  0.029 -0.000
        2  0.65665   0.376  1.000 -0.284 -0.445  0.019 -0.043 -0.003  0.513 -0.360 -0.001  0.095  0.060  0.022
        3  0.49118  -0.426 -0.284  1.000  0.210 -0.014  0.032  0.001 -0.345  0.239 -0.001 -0.055 -0.022  0.000
        4  0.50580  -0.277 -0.445  0.210  1.000 -0.014  0.032  0.002 -0.378  0.266  0.000 -0.070 -0.044 -0.016
        5  0.99607   0.018  0.019 -0.014 -0.014  1.000 -0.304  0.593  0.020 -0.010  0.000  0.003  0.004  0.008
        6  0.99602  -0.043 -0.043  0.032  0.032 -0.304  1.000  0.579 -0.046 -0.026  0.000 -0.007 -0.006 -0.026
        7  0.99715  -0.001 -0.003  0.001  0.002  0.593  0.579  1.000 -0.007  0.028  0.000 -0.001 -0.007  0.006
        8  0.88692   0.456  0.513 -0.345 -0.378  0.020 -0.046 -0.007  1.000 -0.399  0.034  0.388  0.308  0.511
        9  0.81610  -0.316 -0.360  0.239  0.266 -0.010 -0.026  0.028 -0.399  1.000 -0.005 -0.080 -0.113  0.179
       10  0.91265   0.001 -0.001 -0.001  0.000  0.000  0.000  0.000  0.034 -0.005  1.000  0.769 -0.726  0.097
       11  0.87179   0.073  0.095 -0.055 -0.070  0.003 -0.007 -0.001  0.388 -0.080  0.769  1.000 -0.350  0.350
       12  0.83092   0.029  0.060 -0.022 -0.044  0.004 -0.006 -0.007  0.308 -0.113 -0.726 -0.350  1.000  0.164
       13  0.72370  -0.000  0.022  0.000 -0.016  0.008 -0.026  0.006  0.511  0.179  0.097  0.350  0.164  1.000
 ERR MATRIX NOT POS-DEF
71 ; 1.14864 ; 1.29344
[#1] INFO:Plotting -- RooAbsPdf::plotOn(modelMRS) directly selected PDF components: (modelBkg)
[#1] INFO:Plotting -- RooAbsPdf::plotOn(modelMRS) indirectly selected PDF components: ()
[#1] INFO:NumericIntegration -- RooRealIntegral::init(modelBkg_Int[x]) using numeric integrator RooIntegrator1D to calculate Int(x)
[#1] INFO:Plotting -- RooAbsPdf::plotOn(modelMRS) directly selected PDF components: (modelSig)
[#1] INFO:Plotting -- RooAbsPdf::plotOn(modelMRS) indirectly selected PDF components: (sig_pdf1,sig_pdf2)
[#1] INFO:NumericIntegration -- RooRealIntegral::init(modelBkg_Int[x]) using numeric integrator RooIntegrator1D to calculate Int(x)
[#1] INFO:NumericIntegration -- RooRealIntegral::init(modelBkg_Int[x]) using numeric integrator RooIntegrator1D to calculate Int(x)
[#1] INFO:Plotting -- RooAbsPdf::plotOn(modelPRS) directly selected PDF components: (modelBkg)
[#1] INFO:Plotting -- RooAbsPdf::plotOn(modelPRS) indirectly selected PDF components: ()
[#1] INFO:NumericIntegration -- RooRealIntegral::init(modelBkg_Int[x]) using numeric integrator RooIntegrator1D to calculate Int(x)
[#1] INFO:Plotting -- RooAbsPdf::plotOn(modelPRS) directly selected PDF components: (modelSig)
[#1] INFO:Plotting -- RooAbsPdf::plotOn(modelPRS) indirectly selected PDF components: (sig_pdf1,sig_pdf2)
[#1] INFO:NumericIntegration -- RooRealIntegral::init(modelBkg_Int[x]) using numeric integrator RooIntegrator1D to calculate Int(x)
[#1] INFO:NumericIntegration -- RooRealIntegral::init(modelBkg_Int[x]) using numeric integrator RooIntegrator1D to calculate Int(x)
PRS chi2: 0.904858 ; MPS chi2: 1.13948
