   ------------------------------------------------------------------
  | Welcome to ROOT 6.24/08                        https://root.cern |
  | (c) 1995-2021, The ROOT Team; conception: R. Brun, F. Rademakers |
  | Built for linuxx8664gcc on Sep 29 2022, 13:04:57                 |
  | From tags/v6-24-08@v6-24-08                                      |
  | With c++ (GCC) 4.8.5 20150623 (Red Hat 4.8.5-44)                 |
  | Try '.help', '.demo', '.license', '.credits', '.quit'/'.q'       |
   ------------------------------------------------------------------


Processing full.C(2,4,"Down","2018")...

[1mRooFit v3.60 -- Developed by Wouter Verkerke and David Kirkby[0m 
                Copyright (C) 2000-2013 NIKHEF, University of California & Stanford University
                All rights reserved, please read http://roofit.sourceforge.net/license.txt

-------------------------
Set LHCb Style - May 2021
-------------------------
../fulltempt/PARAMs/FullMom_2_4.txt
[#0] WARNING:InputArguments -- The parameter 'sigma3' with range [0, 10] of the RooGaussian 'sig_pdf2' exceeds the safe range of (0, inf). Advise to limit its range.
[#0] ERROR:Integration --  RooNumIntFactory::Init : libRooFitMore cannot be loaded. GSL integrators will not beavailable ! 
[#1] INFO:Fitting -- RooAddition::defaultErrorLevel(nll) Summation contains a RooNLLVar, using its error level
 **********
 **   13 **MIGRAD        4500           1
 **********
 FIRST CALL TO USER FUNCTION AT NEW START POINT, WITH IFLAG=4.
 START MIGRAD MINIMIZATION.  STRATEGY  1.  CONVERGENCE WHEN EDM .LT. 1.00e-03
 FCN=-60265.1 FROM MIGRAD    STATUS=INITIATE       69 CALLS          70 TOTAL
                     EDM= unknown      STRATEGY= 1      NO ERROR MATRIX       
  EXT PARAMETER               CURRENT GUESS       STEP         FIRST   
  NO.   NAME      VALUE            ERROR          SIZE      DERIVATIVE 
   1  NbkgMRS      1.10400e+03   5.52000e+02   0.00000e+00  -2.67990e+00
   2  NbkgPRS      1.04300e+03   5.21500e+02   0.00000e+00  -7.51745e+01
   3  NsigMRS      4.41600e+03   5.52000e+02   0.00000e+00   6.53248e-01
   4  NsigPRS      4.17200e+03   5.21500e+02   0.00000e+00   1.87767e+01
   5  coeffsig     3.51764e-01   5.00000e-02   6.26299e-01  -6.64112e-01
   6  mean         1.45500e+02   2.10000e+00   0.00000e+00   7.69805e+03
   7  sigma1       5.00000e-01   2.50000e-01   0.00000e+00  -7.53508e+02
   8  sigma2       5.00000e-01   2.50000e-01   0.00000e+00   2.64615e+02
   9  sigma3       1.10000e+00   5.50000e-01   0.00000e+00  -8.78550e+01
                               ERR DEF= 0.5
 MIGRAD MINIMIZATION HAS CONVERGED.
 MIGRAD WILL VERIFY CONVERGENCE AND ERROR MATRIX.
 COVARIANCE MATRIX CALCULATED SUCCESSFULLY
 FCN=-60385.8 FROM MIGRAD    STATUS=CONVERGED     462 CALLS         463 TOTAL
                     EDM=2.22333e-05    STRATEGY= 1      ERROR MATRIX ACCURATE 
  EXT PARAMETER                                   STEP         FIRST   
  NO.   NAME      VALUE            ERROR          SIZE      DERIVATIVE 
   1  NbkgMRS      8.63697e+02   4.19659e+01   3.13524e-03  -9.61031e-02
   2  NbkgPRS      8.58880e+02   4.21323e+01   3.25971e-03   3.94080e-02
   3  NsigMRS      4.65634e+03   7.44902e+01   5.98641e-03   3.22303e-02
   4  NsigPRS      4.35613e+03   7.25739e+01   6.01804e-03  -3.32952e-03
   5  coeffsig     7.59312e-01   1.65367e-02   3.67925e-03   2.94887e-02
   6  mean         1.45341e+02   3.17332e-02   1.73354e-04   2.41398e+00
   7  sigma1       6.49874e-01   2.85236e-02   7.53474e-04  -1.36310e-01
   8  sigma2       7.78366e-01   2.22210e-02   7.01727e-04   7.95606e-01
   9  sigma3       2.11923e+00   9.60827e-02   2.48917e-03  -7.10494e-02
                               ERR DEF= 0.5
 EXTERNAL ERROR MATRIX.    NDIM=  25    NPAR=  9    ERR DEF=0.5
  1.761e+03  3.252e+02 -8.946e+02 -3.245e+02  3.814e-02 -4.518e-02 -6.602e-02  1.448e-02 -1.166e+00 
  3.252e+02  1.775e+03 -3.245e+02 -9.133e+02  5.641e-02 -3.751e-02 -5.435e-02  1.923e-02 -1.078e+00 
 -8.946e+02 -3.245e+02  5.551e+03  3.239e+02 -3.785e-02  4.529e-02  6.609e-02 -1.452e-02  1.165e+00 
 -3.245e+02 -9.133e+02  3.239e+02  5.269e+03 -5.607e-02  3.763e-02  5.444e-02 -1.924e-02  1.077e+00 
  3.814e-02  5.641e-02 -3.785e-02 -5.607e-02  2.736e-04  1.764e-04  2.777e-04  2.700e-05  1.014e-03 
 -4.518e-02 -3.751e-02  4.529e-02  3.763e-02  1.764e-04  1.007e-03  7.788e-04 -5.513e-04  1.089e-03 
 -6.602e-02 -5.435e-02  6.609e-02  5.444e-02  2.777e-04  7.788e-04  8.136e-04 -3.271e-04  1.446e-03 
  1.448e-02  1.923e-02 -1.452e-02 -1.924e-02  2.700e-05 -5.513e-04 -3.271e-04  4.938e-04 -1.241e-04 
 -1.166e+00 -1.078e+00  1.165e+00  1.077e+00  1.014e-03  1.089e-03  1.446e-03 -1.241e-04  9.234e-03 
 PARAMETER  CORRELATION COEFFICIENTS  
       NO.  GLOBAL      1      2      3      4      5      6      7      8      9
        1  0.46972   1.000  0.184 -0.286 -0.107  0.055 -0.034 -0.055  0.016 -0.289
        2  0.47177   0.184  1.000 -0.103 -0.299  0.081 -0.028 -0.045  0.021 -0.266
        3  0.31500  -0.286 -0.103  1.000  0.060 -0.031  0.019  0.031 -0.009  0.163
        4  0.32683  -0.107 -0.299  0.060  1.000 -0.047  0.016  0.026 -0.012  0.154
        5  0.82817   0.055  0.081 -0.031 -0.047  1.000  0.336  0.588  0.073  0.638
        6  0.94662  -0.034 -0.028  0.019  0.016  0.336  1.000  0.860 -0.782  0.357
        7  0.92346  -0.055 -0.045  0.031  0.026  0.588  0.860  1.000 -0.516  0.528
        8  0.86682   0.016  0.021 -0.009 -0.012  0.073 -0.782 -0.516  1.000 -0.058
        9  0.78164  -0.289 -0.266  0.163  0.154  0.638  0.357  0.528 -0.058  1.000
 **********
 **   18 **HESSE        4500
 **********
 COVARIANCE MATRIX CALCULATED SUCCESSFULLY
 FCN=-60385.8 FROM HESSE     STATUS=OK             73 CALLS         536 TOTAL
                     EDM=2.23493e-05    STRATEGY= 1      ERROR MATRIX ACCURATE 
  EXT PARAMETER                                INTERNAL      INTERNAL  
  NO.   NAME      VALUE            ERROR       STEP SIZE       VALUE   
   1  NbkgMRS      8.63697e+02   4.20637e+01   1.25409e-04  -7.57444e-01
   2  NbkgPRS      8.58880e+02   4.22221e+01   1.30388e-04  -7.35033e-01
   3  NsigMRS      4.65634e+03   7.45652e+01   2.39456e-04   7.57461e-01
   4  NsigPRS      4.35613e+03   7.26469e+01   2.40722e-04   7.35038e-01
   5  coeffsig     7.59312e-01   1.66597e-02   1.47170e-04   5.45242e-01
   6  mean         1.45341e+02   3.22874e-02   3.46708e-05  -3.05561e-01
   7  sigma1       6.49874e-01   2.89985e-02   3.01390e-05  -1.05525e+00
   8  sigma2       7.78366e-01   2.24773e-02   1.40345e-04  -1.00531e+00
   9  sigma3       2.11923e+00   9.71166e-02   9.95668e-05  -6.14015e-01
                               ERR DEF= 0.5
 EXTERNAL ERROR MATRIX.    NDIM=  25    NPAR=  9    ERR DEF=0.5
  1.770e+03  3.323e+02 -9.059e+02 -3.323e+02  3.362e-02 -5.148e-02 -7.371e-02  1.595e-02 -1.206e+00 
  3.323e+02  1.783e+03 -3.323e+02 -9.240e+02  5.222e-02 -4.328e-02 -6.145e-02  2.054e-02 -1.116e+00 
 -9.059e+02 -3.323e+02  5.563e+03  3.323e+02 -3.361e-02  5.149e-02  7.372e-02 -1.596e-02  1.206e+00 
 -3.323e+02 -9.240e+02  3.323e+02  5.280e+03 -5.220e-02  4.328e-02  6.145e-02 -2.054e-02  1.116e+00 
  3.362e-02  5.222e-02 -3.361e-02 -5.220e-02  2.777e-04  1.857e-04  2.870e-04  2.323e-05  1.041e-03 
 -5.148e-02 -4.328e-02  5.149e-02  4.328e-02  1.857e-04  1.042e-03  8.093e-04 -5.707e-04  1.148e-03 
 -7.371e-02 -6.145e-02  7.372e-02  6.145e-02  2.870e-04  8.093e-04  8.410e-04 -3.427e-04  1.507e-03 
  1.595e-02  2.054e-02 -1.596e-02 -2.054e-02  2.323e-05 -5.707e-04 -3.427e-04  5.052e-04 -1.474e-04 
 -1.206e+00 -1.116e+00  1.206e+00  1.116e+00  1.041e-03  1.148e-03  1.507e-03 -1.474e-04  9.433e-03 
 PARAMETER  CORRELATION COEFFICIENTS  
       NO.  GLOBAL      1      2      3      4      5      6      7      8      9
        1  0.47356   1.000  0.187 -0.289 -0.109  0.048 -0.038 -0.060  0.017 -0.295
        2  0.47525   0.187  1.000 -0.106 -0.301  0.074 -0.032 -0.050  0.022 -0.272
        3  0.31784  -0.289 -0.106  1.000  0.061 -0.027  0.021  0.034 -0.010  0.166
        4  0.32954  -0.109 -0.301  0.061  1.000 -0.043  0.018  0.029 -0.013  0.158
        5  0.83095   0.048  0.074 -0.027 -0.043  1.000  0.345  0.594  0.062  0.643
        6  0.94848  -0.038 -0.032  0.021  0.018  0.345  1.000  0.864 -0.786  0.366
        7  0.92605  -0.060 -0.050  0.034  0.029  0.594  0.864  1.000 -0.526  0.535
        8  0.87007   0.017  0.022 -0.010 -0.013  0.062 -0.786 -0.526  1.000 -0.068
        9  0.78690  -0.295 -0.272  0.166  0.158  0.643  0.366  0.535 -0.068  1.000
75 ; 1.48821 ; 1.41677
[#1] INFO:Plotting -- RooAbsPdf::plotOn(modelMRS) directly selected PDF components: (modelBkg)
[#1] INFO:Plotting -- RooAbsPdf::plotOn(modelMRS) indirectly selected PDF components: ()
[#1] INFO:Plotting -- RooAbsPdf::plotOn(modelMRS) directly selected PDF components: (modelSig)
[#1] INFO:Plotting -- RooAbsPdf::plotOn(modelMRS) indirectly selected PDF components: (sig_pdf1,sig_pdf2)
[#1] INFO:Plotting -- RooAbsPdf::plotOn(modelPRS) directly selected PDF components: (modelBkg)
[#1] INFO:Plotting -- RooAbsPdf::plotOn(modelPRS) indirectly selected PDF components: ()
[#1] INFO:Plotting -- RooAbsPdf::plotOn(modelPRS) directly selected PDF components: (modelSig)
[#1] INFO:Plotting -- RooAbsPdf::plotOn(modelPRS) indirectly selected PDF components: (sig_pdf1,sig_pdf2)
PRS chi2: 1.23021 ; MPS chi2: 1.33795
