   ------------------------------------------------------------------
  | Welcome to ROOT 6.24/08                        https://root.cern |
  | (c) 1995-2021, The ROOT Team; conception: R. Brun, F. Rademakers |
  | Built for linuxx8664gcc on Sep 29 2022, 13:04:57                 |
  | From tags/v6-24-08@v6-24-08                                      |
  | With c++ (GCC) 4.8.5 20150623 (Red Hat 4.8.5-44)                 |
  | Try '.help', '.demo', '.license', '.credits', '.quit'/'.q'       |
   ------------------------------------------------------------------


Processing full.C(5,3,"Up","2018")...

[1mRooFit v3.60 -- Developed by Wouter Verkerke and David Kirkby[0m 
                Copyright (C) 2000-2013 NIKHEF, University of California & Stanford University
                All rights reserved, please read http://roofit.sourceforge.net/license.txt

-------------------------
Set LHCb Style - May 2021
-------------------------
../fulltempt/PARAMs/FullMom_5_3.txt
../../../../../selection/promptD/results/2018MagUpFullRS.root/DecayTree
[#0] WARNING:InputArguments -- The parameter 'sigma3' with range [0, 10] of the RooGaussian 'sig_pdf2' exceeds the safe range of (0, inf). Advise to limit its range.
[#0] ERROR:Integration --  RooNumIntFactory::Init : libRooFitMore cannot be loaded. GSL integrators will not beavailable ! 
[#1] INFO:NumericIntegration -- RooRealIntegral::init(modelBkg_default_Int[x]) using numeric integrator RooIntegrator1D to calculate Int(x)
[#1] INFO:NumericIntegration -- RooRealIntegral::init(modelBkg_default_Int[x]) using numeric integrator RooIntegrator1D to calculate Int(x)
[#1] INFO:Fitting -- RooAddition::defaultErrorLevel(nll_d) Summation contains a RooNLLVar, using its error level
 **********
 **   13 **MIGRAD        6500           1
 **********
 FIRST CALL TO USER FUNCTION AT NEW START POINT, WITH IFLAG=4.
 START MIGRAD MINIMIZATION.  STRATEGY  1.  CONVERGENCE WHEN EDM .LT. 1.00e-03
 FCN=-8654.36 FROM MIGRAD    STATUS=INITIATE       89 CALLS          90 TOTAL
                     EDM= unknown      STRATEGY= 1      NO ERROR MATRIX       
  EXT PARAMETER               CURRENT GUESS       STEP         FIRST   
  NO.   NAME      VALUE            ERROR          SIZE      DERIVATIVE 
   1  NbkgMRS_d    1.12500e+02   5.62500e+01   0.00000e+00  -4.16146e+02
   2  NbkgPRS_d    1.16200e+02   5.81000e+01   0.00000e+00  -4.77640e+02
   3  NsigMRS_d    1.01250e+03   5.62500e+01   0.00000e+00   4.62298e+01
   4  NsigPRS_d    1.04580e+03   5.81000e+01   0.00000e+00   5.30600e+01
   5  am           3.00000e+00   2.00000e+00   0.00000e+00  -5.80520e+00
   6  bm          -8.97268e+00   1.75000e+00  -6.04671e-01  -4.87978e+00
   7  cm           5.00000e+00   7.50000e+00   0.00000e+00  -1.78758e+02
   8  coeffsig     5.00000e-01   1.00000e-01   0.00000e+00   1.95065e+02
   9  dm0          1.39600e+02   2.00000e+00   0.00000e+00  -4.96164e+01
  10  mean         1.45500e+02   2.10000e+00   0.00000e+00  -1.49150e+03
  11  sigma1       5.00000e-01   2.50000e-01   0.00000e+00  -2.72439e+02
  12  sigma2       5.00000e-01   2.50000e-01   0.00000e+00  -3.85654e+02
  13  sigma3       1.10000e+00   5.50000e-01   0.00000e+00  -1.21364e+03
                               ERR DEF= 0.5
 EIGENVALUES OF SECOND-DERIVATIVE MATRIX:
        -2.5622e-02  1.2457e-01  4.0957e-01  4.8731e-01  7.3961e-01  8.1496e-01  9.7228e-01  1.0080e+00  1.0767e+00  1.1924e+00  1.7394e+00  2.0594e+00  2.4014e+00
 MINUIT WARNING IN MIGRAD  
 ============== MATRIX FORCED POS-DEF BY ADDING 0.028023 TO DIAGONAL.
 EIGENVALUES OF SECOND-DERIVATIVE MATRIX:
        -1.1917e-01 -5.4799e-02  4.0442e-02  9.7157e-02  3.3520e-01  6.3745e-01  7.3468e-01  1.0040e+00  1.2450e+00  1.2757e+00  2.0112e+00  2.2577e+00  3.5354e+00
 MINUIT WARNING IN HESSE   
 ============== MATRIX FORCED POS-DEF BY ADDING 0.122704 TO DIAGONAL.
 FCN=-8921.75 FROM HESSE     STATUS=NOT POSDEF    131 CALLS         535 TOTAL
                     EDM=136.978    STRATEGY= 1      ERR MATRIX NOT POS-DEF
  EXT PARAMETER                APPROXIMATE        STEP         FIRST   
  NO.   NAME      VALUE            ERROR          SIZE      DERIVATIVE 
   1  NbkgMRS_d    2.86329e+02   5.31422e+01   2.69990e-03  -3.37331e+00
   2  NbkgPRS_d    3.02857e+02   5.39707e+01   2.60635e-03  -5.01687e+01
   3  NsigMRS_d    9.48912e+02   8.77911e+01   7.23318e-03   4.83380e+01
   4  NsigPRS_d    7.98459e+02   5.68953e+01   3.56768e-03  -2.08480e+01
   5  am           2.83183e+00   2.40774e-01   5.69174e-04   7.37263e+01
   6  bm          -9.19515e+00   3.02549e-01   7.06076e-04   6.05459e+01
   7  cm           8.01719e+00   1.98787e+00   6.40856e-04  -1.03663e+02
   8  coeffsig     4.53687e-01   2.89144e-01   3.83122e-03  -6.99790e+00
   9  dm0          1.39721e+02   2.62128e-01   9.49233e-06   6.90523e+01
  10  mean         1.45567e+02   5.00285e-02   1.63079e-04  -3.17618e+02
  11  sigma1       5.84817e-01   1.33937e-01   9.36475e-04  -7.17664e+01
  12  sigma2       5.17532e-01   2.16801e-01   1.04109e-03  -5.55344e+01
  13  sigma3       1.39128e+00   6.55769e-01   1.26938e-03   6.96932e+01
                               ERR DEF= 0.5
 MINUIT WARNING IN MIGRAD  
 ============== Negative diagonal element 9 in Error Matrix
 MINUIT WARNING IN MIGRAD  
 ============== 1 added to diagonal of error matrix
 MIGRAD MINIMIZATION HAS CONVERGED.
 MIGRAD WILL VERIFY CONVERGENCE AND ERROR MATRIX.
 EIGENVALUES OF SECOND-DERIVATIVE MATRIX:
        -6.3326e-03  2.7705e-02  5.5714e-02  2.1649e-01  4.0562e-01  7.2899e-01  7.3997e-01  8.6146e-01  1.2586e+00  1.2644e+00  2.0465e+00  2.2020e+00  3.1989e+00
 MINUIT WARNING IN HESSE   
 ============== MATRIX FORCED POS-DEF BY ADDING 0.009532 TO DIAGONAL.
 FCN=-8948.37 FROM MIGRAD    STATUS=CONVERGED    4640 CALLS        4641 TOTAL
                     EDM=0.000164049    STRATEGY= 1      ERR MATRIX NOT POS-DEF
  EXT PARAMETER                APPROXIMATE        STEP         FIRST   
  NO.   NAME      VALUE            ERROR          SIZE      DERIVATIVE 
   1  NbkgMRS_d    3.85689e+02   2.69049e+01   2.84466e-03  -8.09714e-03
   2  NbkgPRS_d    4.20270e+02   2.73892e+01   2.81675e-03  -3.08324e-02
   3  NsigMRS_d    7.39286e+02   3.27443e+01   3.60663e-03  -1.35439e-02
   4  NsigPRS_d    7.41664e+02   3.26628e+01   3.46737e-03  -3.24211e-02
   5  am           4.44843e+00   1.66360e-02   1.62672e-05  -1.03671e+00
   6  bm          -9.70100e+00   2.35050e-02   1.77167e-05  -8.76418e-01
   7  cm           1.37631e+01   1.18635e-01   8.07120e-06  -4.70253e+00
   8  coeffsig     2.45883e-01   1.24606e-01   6.62607e-03  -7.87709e-03
   9  dm0          1.39918e+02   2.26217e-02   3.55747e-04   1.35486e+00
  10  mean         1.45622e+02   4.10847e-02   1.56287e-04   1.65972e-02
  11  sigma1       6.88502e-01   1.17063e-01   1.83154e-03  -2.18107e-02
  12  sigma2       3.52729e-01   1.32127e-01   2.34902e-03   1.32729e-02
  13  sigma3       9.28864e-01   6.99052e-02   7.01952e-04   1.46662e-01
                               ERR DEF= 0.5
 EXTERNAL ERROR MATRIX.    NDIM=  28    NPAR= 13    ERR DEF=0.5
 ELEMENTS ABOVE DIAGONAL ARE NOT PRINTED.
  7.245e+02 
  1.415e+02  7.508e+02 
 -3.405e+02 -1.412e+02  1.074e+03 
 -1.413e+02 -3.326e+02  1.410e+02  1.068e+03 
  1.100e-01  1.089e-01 -1.097e-01 -1.087e-01  2.768e-04 
  1.302e-01  1.290e-01 -1.299e-01 -1.287e-01  2.274e-04  5.525e-04 
  8.561e-01  8.475e-01 -8.541e-01 -8.458e-01  1.715e-03  2.518e-03  1.407e-02 
 -5.287e-01 -4.829e-01  5.284e-01  4.828e-01 -2.039e-04 -2.405e-04 -1.595e-03  1.598e-02 
  2.937e-02  2.915e-02 -2.931e-02 -2.909e-02  5.994e-05  7.952e-05  5.258e-04 -5.096e-05  5.117e-04 
 -9.631e-02 -9.564e-02  9.621e-02  9.558e-02 -1.298e-05 -1.506e-05 -1.144e-04  2.572e-03 -9.817e-06  1.688e-03 
  3.803e-02 -4.929e-04 -3.807e-02  4.049e-04 -4.024e-07 -7.306e-07  1.586e-07  5.792e-03  2.776e-08  3.219e-03  1.371e-02 
 -4.546e-01 -4.142e-01  4.543e-01  4.139e-01 -1.989e-04 -2.349e-04 -1.544e-03  1.336e-02 -4.451e-05  6.042e-04  2.836e-03 
 -4.546e-01 -4.142e-01  4.543e-01  4.139e-01 -1.989e-04 -2.349e-04 -1.544e-03  1.336e-02 -4.451e-05  6.042e-04  2.836e-03  1.749e-02 
 -6.413e-01 -5.858e-01  6.405e-01  5.853e-01 -2.511e-04 -2.965e-04 -1.964e-03  6.852e-03 -6.583e-05  8.038e-04 -1.026e-04 
 -6.413e-01 -5.858e-01  6.405e-01  5.853e-01 -2.511e-04 -2.965e-04 -1.964e-03  6.852e-03 -6.583e-05  8.038e-04 -1.026e-04  5.971e-03  4.888e-03 
ERR MATRIX NOT POS-DEF
 PARAMETER  CORRELATION COEFFICIENTS  
       NO.  GLOBAL      1      2      3      4      5      6      7      8      9     10     11     12     13
        1  0.51054   1.000  0.192 -0.386 -0.161  0.246  0.206  0.268 -0.155  0.048 -0.087  0.012 -0.128 -0.341
        2  0.48508   0.192  1.000 -0.157 -0.371  0.239  0.200  0.261 -0.139  0.047 -0.085 -0.000 -0.114 -0.306
        3  0.44484  -0.386 -0.157  1.000  0.132 -0.201 -0.169 -0.220  0.128 -0.040  0.071 -0.010  0.105  0.280
        4  0.43048  -0.161 -0.371  0.132  1.000 -0.200 -0.168 -0.218  0.117 -0.039  0.071  0.000  0.096  0.256
        5  0.99106   0.246  0.239 -0.201 -0.200  1.000  0.582  0.869 -0.097  0.159 -0.019 -0.000 -0.090 -0.216
        6  0.99339   0.206  0.200 -0.169 -0.168  0.582  1.000  0.903 -0.081  0.150 -0.016 -0.000 -0.076 -0.180
        7  0.99762   0.268  0.261 -0.220 -0.218  0.869  0.903  1.000 -0.106  0.196 -0.023  0.000 -0.098 -0.237
        8  0.93901  -0.155 -0.139  0.128  0.117 -0.097 -0.081 -0.106  1.000 -0.018  0.495  0.391  0.799  0.775
        9  0.36252   0.048  0.047 -0.040 -0.039  0.159  0.150  0.196 -0.018  1.000 -0.011  0.000 -0.015 -0.042
       10  0.81084  -0.087 -0.085  0.071  0.071 -0.019 -0.016 -0.023  0.495 -0.011  1.000  0.669  0.111  0.280
       11  0.79752   0.012 -0.000 -0.010  0.000 -0.000 -0.000  0.000  0.391  0.000  0.669  1.000  0.183 -0.013
       12  0.86651  -0.128 -0.114  0.105  0.096 -0.090 -0.076 -0.098  0.799 -0.015  0.111  0.183  1.000  0.646
       13  0.89599  -0.341 -0.306  0.280  0.256 -0.216 -0.180 -0.237  0.775 -0.042  0.280 -0.013  0.646  1.000
 ERR MATRIX NOT POS-DEF
 **********
 **   18 **HESSE        6500
 **********
 COVARIANCE MATRIX CALCULATED SUCCESSFULLY
 FCN=-8948.37 FROM HESSE     STATUS=OK            137 CALLS        4778 TOTAL
                     EDM=0.121222    STRATEGY= 1      ERROR MATRIX ACCURATE 
  EXT PARAMETER                                INTERNAL      INTERNAL  
  NO.   NAME      VALUE            ERROR       STEP SIZE       VALUE   
   1  NbkgMRS_d    3.85689e+02   2.75890e+01   1.13786e-04  -3.19751e-01
   2  NbkgPRS_d    4.20270e+02   2.80209e+01   5.63351e-04  -2.80300e-01
   3  NsigMRS_d    7.39286e+02   3.33755e+01   1.44265e-04   3.19705e-01
   4  NsigPRS_d    7.41664e+02   3.32535e+01   6.93474e-04   2.80181e-01
   5  am           4.44843e+00   3.48428e-02   6.50689e-07   4.60999e-01
   6  bm          -9.70100e+00   9.30528e-02   7.08668e-07   2.99043e-02
   7  cm           1.37631e+01   2.05537e-01   3.22848e-07  -8.84637e-01
   8  coeffsig     2.45883e-01   1.35689e-01   2.65043e-04  -5.33133e-01
   9  dm0          1.39918e+02   6.57562e-02   1.01786e-02  -8.15549e-03
  10  mean         1.45622e+02   4.28260e-02   6.25149e-06  -2.77658e-01
  11  sigma1       6.88502e-01   1.21118e-01   3.66308e-04  -1.03979e+00
  12  sigma2       3.52729e-01   1.41310e-01   9.39610e-05  -1.19293e+00
  13  sigma3       9.28864e-01   7.57722e-02   1.40390e-04  -9.51397e-01
                               ERR DEF= 0.5
 EXTERNAL ERROR MATRIX.    NDIM=  28    NPAR= 13    ERR DEF=0.5
 ELEMENTS ABOVE DIAGONAL ARE NOT PRINTED.
  7.618e+02 
  1.708e+02  7.858e+02 
 -3.761e+02 -1.708e+02  1.115e+03 
 -1.708e+02 -3.655e+02  1.708e+02  1.107e+03 
  9.688e-02  9.561e-02 -9.687e-02 -9.559e-02  1.214e-03 
  2.763e-01  2.727e-01 -2.763e-01 -2.726e-01 -2.447e-03  8.659e-03 
  1.265e+00  1.248e+00 -1.265e+00 -1.248e+00 -2.925e-03  1.733e-02  4.225e-02 
 -7.338e-01 -6.752e-01  7.338e-01  6.753e-01 -2.247e-04 -6.419e-04 -2.944e-03  1.906e-02 
  3.665e-02  3.733e-02 -3.665e-02 -3.732e-02  1.867e-04  2.242e-04  1.791e-03 -2.949e-05  4.324e-03 
 -1.255e-01 -1.236e-01  1.255e-01  1.236e-01 -2.014e-05 -6.010e-05 -2.881e-04  3.107e-03 -4.697e-05  1.834e-03 
 -7.338e-04 -3.897e-02  7.300e-04  3.896e-02 -1.155e-05 -3.049e-05 -1.415e-04  6.969e-03 -1.295e-05  3.572e-03  1.468e-02 
 -6.414e-01 -5.885e-01  6.414e-01  5.886e-01 -2.147e-04 -6.110e-04 -2.791e-03  1.605e-02  6.364e-06  9.858e-04  3.631e-03 
 -6.414e-01 -5.885e-01  6.414e-01  5.886e-01 -2.147e-04 -6.110e-04 -2.791e-03  1.605e-02  6.364e-06  9.858e-04  3.631e-03  2.001e-02 
 -7.799e-01 -7.159e-01  7.799e-01  7.159e-01 -2.415e-04 -6.912e-04 -3.169e-03  8.380e-03 -5.744e-05  1.028e-03  3.077e-04 
 -7.799e-01 -7.159e-01  7.799e-01  7.159e-01 -2.415e-04 -6.912e-04 -3.169e-03  8.380e-03 -5.744e-05  1.028e-03  3.077e-04  7.369e-03  5.743e-03 
 PARAMETER  CORRELATION COEFFICIENTS  
       NO.  GLOBAL      1      2      3      4      5      6      7      8      9     10     11     12     13
        1  0.53870   1.000  0.221 -0.408 -0.186  0.101  0.108  0.223 -0.193  0.020 -0.106 -0.000 -0.164 -0.373
        2  0.51230   0.221  1.000 -0.182 -0.392  0.098  0.105  0.217 -0.174  0.020 -0.103 -0.011 -0.148 -0.337
        3  0.46969  -0.408 -0.182  1.000  0.154 -0.083 -0.089 -0.184  0.159 -0.017  0.088  0.000  0.136  0.308
        4  0.45447  -0.186 -0.392  0.154  1.000 -0.082 -0.088 -0.182  0.147 -0.017  0.087  0.010  0.125  0.284
        5  0.99795   0.101  0.098 -0.083 -0.082  1.000 -0.755 -0.408 -0.047  0.081 -0.013 -0.003 -0.044 -0.091
        6  0.99958   0.108  0.105 -0.089 -0.088 -0.755  1.000  0.906 -0.050  0.037 -0.015 -0.003 -0.046 -0.098
        7  0.99920   0.223  0.217 -0.184 -0.182 -0.408  0.906  1.000 -0.104  0.133 -0.033 -0.006 -0.096 -0.203
        8  0.94862  -0.193 -0.174  0.159  0.147 -0.047 -0.050 -0.104  1.000 -0.003  0.526  0.417  0.822  0.801
        9  0.62508   0.020  0.020 -0.017 -0.017  0.081  0.037  0.133 -0.003  1.000 -0.017 -0.002  0.001 -0.012
       10  0.82568  -0.106 -0.103  0.088  0.087 -0.013 -0.015 -0.033  0.526 -0.017  1.000  0.688  0.163  0.317
       11  0.81042  -0.000 -0.011  0.000  0.010 -0.003 -0.003 -0.006  0.417 -0.002  0.688  1.000  0.212  0.034
       12  0.88326  -0.164 -0.148  0.136  0.125 -0.044 -0.046 -0.096  0.822  0.001  0.163  0.212  1.000  0.687
       13  0.91135  -0.373 -0.337  0.308  0.284 -0.091 -0.098 -0.203  0.801 -0.012  0.317  0.034  0.687  1.000
[#1] INFO:NumericIntegration -- RooRealIntegral::init(modelBkg_default_Int[x]) using numeric integrator RooIntegrator1D to calculate Int(x)
[#1] INFO:NumericIntegration -- RooRealIntegral::init(modelBkg_default_Int[x]) using numeric integrator RooIntegrator1D to calculate Int(x)
aaaa0 ; 0 ; 0
aaaa1 ; 0 ; 0
aaaa2 ; 0 ; 0
aaaa3 ; 0 ; 0
aaaa4 ; 0 ; 0
aaaa5 ; 0 ; 0
aaaa6 ; 0 ; 0
aaaa7 ; 0 ; 0
aaaa8 ; 2 ; 0
aaaa9 ; 1 ; 2
aaaa10 ; 1 ; 0
aaaa11 ; 5 ; 1
aaaa12 ; 1 ; 5
aaaa13 ; 3 ; 3
aaaa14 ; 5 ; 2
aaaa15 ; 5 ; 4
aaaa16 ; 9 ; 5
aaaa17 ; 7 ; 3
aaaa18 ; 3 ; 5
aaaa19 ; 1 ; 5
aaaa20 ; 5 ; 12
aaaa21 ; 6 ; 6
aaaa22 ; 14 ; 4
aaaa23 ; 20 ; 9
aaaa24 ; 31 ; 7
aaaa25 ; 37 ; 12
aaaa26 ; 54 ; 5
aaaa27 ; 65 ; 6
aaaa28 ; 91 ; 7
aaaa29 ; 97 ; 7
aaaa30 ; 111 ; 7
aaaa31 ; 91 ; 8
aaaa32 ; 73 ; 7
aaaa33 ; 60 ; 13
aaaa34 ; 40 ; 9
aaaa35 ; 32 ; 11
aaaa36 ; 24 ; 11
aaaa37 ; 19 ; 13
aaaa38 ; 10 ; 7
aaaa39 ; 18 ; 14
aaaa40 ; 13 ; 5
aaaa41 ; 11 ; 6
aaaa42 ; 8 ; 10
aaaa43 ; 12 ; 3
aaaa44 ; 5 ; 7
aaaa45 ; 7 ; 10
aaaa46 ; 11 ; 10
aaaa47 ; 5 ; 9
aaaa48 ; 9 ; 7
aaaa49 ; 9 ; 9
aaaa50 ; 8 ; 9
aaaa51 ; 9 ; 5
aaaa52 ; 6 ; 7
aaaa53 ; 9 ; 8
aaaa54 ; 12 ; 7
aaaa55 ; 6 ; 5
aaaa56 ; 5 ; 4
aaaa57 ; 5 ; 5
aaaa58 ; 5 ; 5
aaaa59 ; 6 ; 7
aaaa60 ; 3 ; 6
aaaa61 ; 5 ; 3
aaaa62 ; 4 ; 3
aaaa63 ; 6 ; 6
aaaa64 ; 1 ; 8
aaaa65 ; 3 ; 3
aaaa66 ; 1 ; 2
aaaa67 ; 2 ; 4
aaaa68 ; 0 ; 4
aaaa69 ; 5 ; 2
aaaa70 ; 4 ; 2
aaaa71 ; 3 ; 3
aaaa72 ; 4 ; 4
aaaa73 ; 1 ; 4
aaaa74 ; 3 ; 2
aaaa75 ; 3 ; 1
aaaa76 ; 1 ; 2
aaaa77 ; 3 ; 3
aaaa78 ; 1 ; 1
aaaa79 ; 0 ; 3
aaaa80 ; 2 ; 3
aaaa81 ; 2 ; 1
aaaa82 ; 1 ; 2
aaaa83 ; 2 ; 0
[#0] WARNING:Plotting -- RooHist::addBin(signal_hist_plot__x) WARNING: negative entry set to zero when Poisson error bars are requested
[#0] WARNING:Plotting -- RooHist::addBin(signal_hist_plot__x) WARNING: negative entry set to zero when Poisson error bars are requested
[#0] WARNING:Plotting -- RooHist::addBin(signal_hist_plot__x) WARNING: negative entry set to zero when Poisson error bars are requested
[#0] WARNING:Plotting -- RooHist::addBin(signal_hist_plot__x) WARNING: negative entry set to zero when Poisson error bars are requested
[#0] WARNING:Plotting -- RooHist::addBin(signal_hist_plot__x) WARNING: negative entry set to zero when Poisson error bars are requested
[#0] WARNING:Plotting -- RooHist::addBin(signal_hist_plot__x) WARNING: negative entry set to zero when Poisson error bars are requested
[#0] WARNING:Plotting -- RooHist::addBin(signal_hist_plot__x) WARNING: negative entry set to zero when Poisson error bars are requested
[#0] WARNING:Plotting -- RooHist::addBin(signal_hist_plot__x) WARNING: negative entry set to zero when Poisson error bars are requested
[#0] WARNING:Plotting -- RooHist::addBin(signal_hist_plot__x) WARNING: negative entry set to zero when Poisson error bars are requested
[#0] WARNING:Plotting -- RooHist::addBin(signal_hist_plot__x) WARNING: negative entry set to zero when Poisson error bars are requested
[#0] WARNING:Plotting -- RooHist::addBin(signal_hist_plot__x) WARNING: negative entry set to zero when Poisson error bars are requested
[#0] WARNING:Plotting -- RooHist::addBin(signal_hist_plot__x) WARNING: negative entry set to zero when Poisson error bars are requested
[#0] WARNING:Plotting -- RooHist::addBin(signal_hist_plot__x) WARNING: negative entry set to zero when Poisson error bars are requested
[#0] WARNING:Plotting -- RooHist::addBin(signal_hist_plot__x) WARNING: negative entry set to zero when Poisson error bars are requested
[#0] WARNING:Plotting -- RooHist::addBin(signal_hist_plot__x) WARNING: negative entry set to zero when Poisson error bars are requested
[#0] WARNING:Plotting -- RooHist::addBin(signal_hist_plot__x) WARNING: negative entry set to zero when Poisson error bars are requested
[#0] WARNING:Plotting -- RooHist::addBin(signal_hist_plot__x) WARNING: negative entry set to zero when Poisson error bars are requested
[#0] WARNING:Plotting -- RooHist::addBin(signal_hist_plot__x) WARNING: negative entry set to zero when Poisson error bars are requested
[#0] WARNING:Plotting -- RooHist::addBin(signal_hist_plot__x) WARNING: negative entry set to zero when Poisson error bars are requested
[#0] WARNING:Plotting -- RooHist::addBin(signal_hist_plot__x) WARNING: negative entry set to zero when Poisson error bars are requested
[#0] WARNING:Plotting -- RooHist::addBin(signal_hist_plot__x) WARNING: negative entry set to zero when Poisson error bars are requested
[#0] WARNING:Plotting -- RooHist::addBin(signal_hist_plot__x) WARNING: negative entry set to zero when Poisson error bars are requested
[#1] INFO:NumericIntegration -- RooRealIntegral::init(modelBkg_Int[x]) using numeric integrator RooIntegrator1D to calculate Int(x)
[#1] INFO:NumericIntegration -- RooRealIntegral::init(modelBkg_Int[x]) using numeric integrator RooIntegrator1D to calculate Int(x)
[#1] INFO:NumericIntegration -- RooRealIntegral::init(modelBkg_Int[x]) using numeric integrator RooIntegrator1D to calculate Int(x)
[#1] INFO:NumericIntegration -- RooRealIntegral::init(modelBkg_Int[x]) using numeric integrator RooIntegrator1D to calculate Int(x)
[#1] INFO:Fitting -- RooAddition::defaultErrorLevel(nll) Summation contains a RooNLLVar, using its error level
 **********
 **   13 **MIGRAD        4000           1
 **********
 FIRST CALL TO USER FUNCTION AT NEW START POINT, WITH IFLAG=4.
 START MIGRAD MINIMIZATION.  STRATEGY  1.  CONVERGENCE WHEN EDM .LT. 1.00e-03
 FCN=-9041.95 FROM MIGRAD    STATUS=INITIATE       34 CALLS          35 TOTAL
                     EDM= unknown      STRATEGY= 1      NO ERROR MATRIX       
  EXT PARAMETER               CURRENT GUESS       STEP         FIRST   
  NO.   NAME      VALUE            ERROR          SIZE      DERIVATIVE 
   1  NbkgMRS      3.85689e+02   2.00000e+01   2.01358e-01   5.86072e+00
   2  NbkgPRS      4.20270e+02   2.00000e+01   2.01358e-01   1.08721e+01
   3  NsigMRS      7.39286e+02   2.00000e+01   2.01358e-01  -3.06107e+00
   4  NsigPRS      7.41664e+02   2.00000e+01   2.01358e-01  -6.16975e+00
   5  am           4.44843e+00   3.48428e-02   3.89042e-03   4.22918e+03
   6  bm          -9.70100e+00   9.30528e-02   9.30958e-03   3.96490e+03
   7  cm           1.37631e+01   2.05537e-01   3.08966e-03  -8.83661e+03
   8  dm0          1.39918e+02   6.57562e-02   6.57589e-03   1.73364e+01
                               ERR DEF= 0.5
[#0] WARNING:Minization -- RooMinuitGlue: Minimized function has error status.
Returning maximum FCN so far (-9038.32) to force MIGRAD to back out of this region. Error log follows
Parameter values: NbkgMRS=349.675, NbkgPRS=346.64, NsigMRS=765.313, NsigPRS=791.899, am=4.44475, bm=-9.70563, cm=13.7776, dm0=139.909
RooAddition::nll[ nll_modelPRS_dataPRS + nll_modelMRS_dataMRS ]
     function value is NAN @ !set=(nll_modelPRS_dataPRS = -nan,nll_modelMRS_dataMRS = -nan)
RooNLLVar::nll_modelPRS_dataPRS[ paramSet=(NbkgPRS,NsigPRS,am,bm,cm,dm0) ]
     function value is NAN @ paramSet=(NbkgPRS = 346.64,NsigPRS = 791.899,am = 4.44475 +/- 0.0348428,bm = -9.70563 +/- 0.0930528,cm = 13.7776 +/- 0.205537,dm0 = 139.909 +/- 0.0657562)
RooAddPdf::modelPRS[ NsigPRS * modelSig + NbkgPRS * modelBkg ]
     getLogVal() top-level p.d.f evaluates to zero @ !refCoefNorm=(), !pdfs=(modelSig = 0/742,modelBkg = 0/0.101886), !coefficients=(NsigPRS = 791.899,NbkgPRS = 346.64)
     getLogVal() top-level p.d.f evaluates to zero @ !refCoefNorm=(), !pdfs=(modelSig = 0/742,modelBkg = 0/0.101886), !coefficients=(NsigPRS = 791.899,NbkgPRS = 346.64)
RooNLLVar::nll_modelMRS_dataMRS[ paramSet=(NbkgMRS,NsigMRS,am,bm,cm,dm0) ]
     function value is NAN @ paramSet=(NbkgMRS = 349.675,NsigMRS = 765.313,am = 4.44475 +/- 0.0348428,bm = -9.70563 +/- 0.0930528,cm = 13.7776 +/- 0.205537,dm0 = 139.909 +/- 0.0657562)
RooAddPdf::modelMRS[ NsigMRS * modelSig + NbkgMRS * modelBkg ]
     getLogVal() top-level p.d.f evaluates to zero @ !refCoefNorm=(), !pdfs=(modelSig = 0/742,modelBkg = 0/0.101886), !coefficients=(NsigMRS = 765.313,NbkgMRS = 349.675)

 MIGRAD FAILS TO FIND IMPROVEMENT
 MINUIT WARNING IN HESSE   
 ============== Negative diagonal element 2 in Error Matrix
 MINUIT WARNING IN HESSE   
 ============== 1.19695 added to diagonal of error matrix
 EIGENVALUES OF SECOND-DERIVATIVE MATRIX:
        -8.8880e-03  3.1349e-02  7.0945e-01  9.7408e-01  9.8360e-01  1.0093e+00  1.2723e+00  3.0288e+00
 MINUIT WARNING IN HESSE   
 ============== MATRIX FORCED POS-DEF BY ADDING 0.011917 TO DIAGONAL.
 FCN=-9055.48 FROM HESSE     STATUS=NOT POSDEF     69 CALLS         251 TOTAL
                     EDM=0.0576753    STRATEGY= 1      ERR MATRIX NOT POS-DEF
  EXT PARAMETER                APPROXIMATE        STEP         FIRST   
  NO.   NAME      VALUE            ERROR          SIZE      DERIVATIVE 
   1  NbkgMRS      3.37223e+02   2.28289e+01   1.65144e-02  -4.89181e-01
   2  NbkgPRS      3.20657e+02   1.19231e+02   1.31543e-01  -3.79283e-02
   3  NsigMRS      7.89024e+02   2.94204e+01   2.76619e-02   3.44349e-01
   4  NsigPRS      8.40962e+02   3.27872e+01   2.78797e-01   1.40343e-02
   5  am           4.44446e+00   2.02693e-02   1.87768e-05  -8.25404e+01
   6  bm          -9.70569e+00   2.61321e-02   1.99340e-05  -3.92929e+01
   7  cm           1.37769e+01   1.34442e-01   8.88616e-06   1.53874e+01
   8  dm0          1.40231e+02   1.02228e-02   3.72030e-04  -2.96137e+01
                               ERR DEF= 0.5
 MIGRAD FAILS TO FIND IMPROVEMENT
 MIGRAD TERMINATED WITHOUT CONVERGENCE.
 FCN=-9055.56 FROM MIGRAD    STATUS=FAILED        323 CALLS         324 TOTAL
                     EDM=0.0154218    STRATEGY= 1      ERR MATRIX NOT POS-DEF
  EXT PARAMETER                APPROXIMATE        STEP         FIRST   
  NO.   NAME      VALUE            ERROR          SIZE      DERIVATIVE 
   1  NbkgMRS      3.43427e+02   2.44818e+01  -0.00000e+00   2.35880e-02
   2  NbkgPRS      3.24229e+02   1.16796e+02  -0.00000e+00  -3.17643e-03
   3  NsigMRS      7.81359e+02   3.17854e+01   0.00000e+00  -3.60858e-02
   4  NsigPRS      8.40520e+02   3.33759e+01   0.00000e+00   1.31558e-02
   5  am           4.45083e+00   2.11655e-02  -0.00000e+00  -1.80143e+02
   6  bm          -9.69856e+00   2.70260e-02  -0.00000e+00  -1.70126e+02
   7  cm           1.38215e+01   1.41545e-01  -0.00000e+00   3.77201e+02
   8  dm0          1.40233e+02   7.07977e-03  -0.00000e+00   1.47127e+02
                               ERR DEF= 0.5
 EXTERNAL ERROR MATRIX.    NDIM=  25    NPAR=  8    ERR DEF=0.5
  6.145e+02  1.048e+02 -2.722e+02 -1.112e+01  1.109e-01  1.230e-01  7.903e-01 -5.137e-03 
  1.048e+02  1.078e+03 -1.394e+02 -3.130e+01  1.089e-01  1.226e-01  8.287e-01  2.331e-02 
 -2.722e+02 -1.394e+02  1.055e+03  1.595e+01 -1.183e-01 -1.318e-01 -8.453e-01  9.800e-03 
 -1.112e+01 -3.130e+01  1.595e+01  1.631e+02 -5.487e-03 -6.300e-03 -4.750e-02 -7.677e-03 
  1.109e-01  1.089e-01 -1.183e-01 -5.487e-03  4.480e-04  3.888e-04  2.720e-03  1.705e-05 
  1.230e-01  1.226e-01 -1.318e-01 -6.300e-03  3.888e-04  7.304e-04  3.521e-03  2.231e-05 
  7.903e-01  8.287e-01 -8.453e-01 -4.750e-02  2.720e-03  3.521e-03  2.003e-02  1.189e-04 
 -5.137e-03  2.331e-02  9.800e-03 -7.677e-03  1.705e-05  2.231e-05  1.189e-04  5.012e-05 
ERR MATRIX NOT POS-DEF
 PARAMETER  CORRELATION COEFFICIENTS  
       NO.  GLOBAL      1      2      3      4      5      6      7      8
        1  0.39593   1.000  0.129 -0.338 -0.035  0.211  0.184  0.225 -0.029
        2  0.34530   0.129  1.000 -0.131 -0.075  0.157  0.138  0.178  0.100
        3  0.37165  -0.338 -0.131  1.000  0.038 -0.172 -0.150 -0.184  0.043
        4  0.13327  -0.035 -0.075  0.038  1.000 -0.020 -0.018 -0.026 -0.085
        5  0.99282   0.211  0.157 -0.172 -0.020  1.000  0.680  0.908  0.114
        6  0.99381   0.184  0.138 -0.150 -0.018  0.680  1.000  0.921  0.117
        7  0.99800   0.225  0.178 -0.184 -0.026  0.908  0.921  1.000  0.119
        8  0.22595  -0.029  0.100  0.043 -0.085  0.114  0.117  0.119  1.000
 ERR MATRIX NOT POS-DEF
 **********
 **   18 **HESSE        4000
 **********
 EIGENVALUES OF SECOND-DERIVATIVE MATRIX:
        -8.4100e-03  3.1662e-02  6.2527e-01  6.8346e-01  9.7533e-01  1.3031e+00  1.3461e+00  3.0435e+00
 MINUIT WARNING IN HESSE   
 ============== MATRIX FORCED POS-DEF BY ADDING 0.011453 TO DIAGONAL.
 FCN=-9055.56 FROM HESSE     STATUS=NOT POSDEF     67 CALLS         391 TOTAL
                     EDM=0.197343    STRATEGY= 1      ERR MATRIX NOT POS-DEF
  EXT PARAMETER                APPROXIMATE     INTERNAL      INTERNAL  
  NO.   NAME      VALUE            ERROR       STEP SIZE       VALUE   
   1  NbkgMRS      3.43427e+02   2.41625e+01   1.66205e-02  -4.36335e-01
   2  NbkgPRS      3.24229e+02   3.64836e+01   5.24615e-02  -1.28846e+00
   3  NsigMRS      7.81359e+02   3.13855e+01   2.20752e-02   4.34246e-01
   4  NsigPRS      8.40520e+02   1.86874e+02   2.25037e-01   1.41942e+00
   5  am           4.45083e+00   1.85009e-02   1.79855e-05   4.61266e-01
   6  bm          -9.69856e+00   2.43125e-02   1.90446e-05   3.01484e-02
   7  cm           1.38215e+01   1.23474e-01   8.48132e-06  -8.83759e-01
   8  dm0          1.40233e+02   9.46793e-03   3.56801e-04   2.32817e-02
                               ERR DEF= 0.5
 EXTERNAL ERROR MATRIX.    NDIM=  25    NPAR=  8    ERR DEF=0.5
  5.982e+02  3.142e+01 -2.555e+02 -1.150e+02  7.313e-02  8.154e-02  5.219e-01  5.101e-04 
  3.142e+01  6.314e+02 -3.110e+01 -1.199e+03  8.061e-02  8.982e-02  5.758e-01  2.607e-04 
 -2.555e+02 -3.110e+01  1.027e+03  1.139e+02 -7.239e-02 -8.071e-02 -5.166e-01 -5.045e-04 
 -1.150e+02 -1.199e+03  1.139e+02  1.662e+04 -2.951e-01 -3.288e-01 -2.108e+00 -9.521e-04 
  7.313e-02  8.061e-02 -7.239e-02 -2.951e-01  3.423e-04  2.925e-04  2.046e-03  8.091e-06 
  8.154e-02  8.982e-02 -8.071e-02 -3.288e-01  2.925e-04  5.911e-04  2.750e-03  1.065e-05 
  5.219e-01  5.758e-01 -5.166e-01 -2.108e+00  2.046e-03  2.750e-03  1.525e-02  6.948e-05 
  5.101e-04  2.607e-04 -5.045e-04 -9.521e-04  8.091e-06  1.065e-05  6.948e-05  8.964e-05 
ERR MATRIX NOT POS-DEF
 PARAMETER  CORRELATION COEFFICIENTS  
       NO.  GLOBAL      1      2      3      4      5      6      7      8
        1  0.36580   1.000  0.051 -0.326 -0.036  0.162  0.137  0.173  0.002
        2  0.40982   0.051  1.000 -0.039 -0.370  0.173  0.147  0.186  0.001
        3  0.33968  -0.326 -0.039  1.000  0.028 -0.122 -0.104 -0.131 -0.002
        4  0.37950  -0.036 -0.370  0.028  1.000 -0.124 -0.105 -0.132 -0.001
        5  0.99171   0.162  0.173 -0.122 -0.124  1.000  0.650  0.896  0.046
        6  0.99331   0.137  0.147 -0.104 -0.105  0.650  1.000  0.916  0.046
        7  0.99773   0.173  0.186 -0.131 -0.132  0.896  0.916  1.000  0.059
        8  0.14023   0.002  0.001 -0.002 -0.001  0.046  0.046  0.059  1.000
 ERR MATRIX NOT POS-DEF
76 ; 0.5715 ; 1.56023
[#1] INFO:Plotting -- RooAbsPdf::plotOn(modelMRS) directly selected PDF components: (modelBkg)
[#1] INFO:Plotting -- RooAbsPdf::plotOn(modelMRS) indirectly selected PDF components: ()
[#1] INFO:NumericIntegration -- RooRealIntegral::init(modelBkg_Int[x]) using numeric integrator RooIntegrator1D to calculate Int(x)
[#1] INFO:Plotting -- RooAbsPdf::plotOn(modelMRS) directly selected PDF components: (modelSig)
[#1] INFO:Plotting -- RooAbsPdf::plotOn(modelMRS) indirectly selected PDF components: ()
[#1] INFO:NumericIntegration -- RooRealIntegral::init(modelBkg_Int[x]) using numeric integrator RooIntegrator1D to calculate Int(x)
[#1] INFO:NumericIntegration -- RooRealIntegral::init(modelBkg_Int[x]) using numeric integrator RooIntegrator1D to calculate Int(x)
[#1] INFO:Plotting -- RooAbsPdf::plotOn(modelPRS) directly selected PDF components: (modelBkg)
[#1] INFO:Plotting -- RooAbsPdf::plotOn(modelPRS) indirectly selected PDF components: ()
[#1] INFO:NumericIntegration -- RooRealIntegral::init(modelBkg_Int[x]) using numeric integrator RooIntegrator1D to calculate Int(x)
[#1] INFO:Plotting -- RooAbsPdf::plotOn(modelPRS) directly selected PDF components: (modelSig)
[#1] INFO:Plotting -- RooAbsPdf::plotOn(modelPRS) indirectly selected PDF components: ()
[#1] INFO:NumericIntegration -- RooRealIntegral::init(modelBkg_Int[x]) using numeric integrator RooIntegrator1D to calculate Int(x)
[#1] INFO:NumericIntegration -- RooRealIntegral::init(modelBkg_Int[x]) using numeric integrator RooIntegrator1D to calculate Int(x)
PRS chi2: 0.457647 ; MPS chi2: 1.31387
