   ------------------------------------------------------------------
  | Welcome to ROOT 6.24/08                        https://root.cern |
  | (c) 1995-2021, The ROOT Team; conception: R. Brun, F. Rademakers |
  | Built for linuxx8664gcc on Sep 29 2022, 13:04:57                 |
  | From tags/v6-24-08@v6-24-08                                      |
  | With c++ (GCC) 4.8.5 20150623 (Red Hat 4.8.5-44)                 |
  | Try '.help', '.demo', '.license', '.credits', '.quit'/'.q'       |
   ------------------------------------------------------------------


Processing full.C(2,3,"Down","2016")...

[1mRooFit v3.60 -- Developed by Wouter Verkerke and David Kirkby[0m 
                Copyright (C) 2000-2013 NIKHEF, University of California & Stanford University
                All rights reserved, please read http://roofit.sourceforge.net/license.txt

-------------------------
Set LHCb Style - May 2021
-------------------------
../fulltempt/PARAMs/FullMom_2_3.txt
../../../../selection/promptD/results/2016MagDownFullRS.root/DecayTree
[#0] WARNING:InputArguments -- The parameter 'sigma3' with range [0, 10] of the RooGaussian 'sig_pdf2' exceeds the safe range of (0, inf). Advise to limit its range.
[#0] ERROR:Integration --  RooNumIntFactory::Init : libRooFitMore cannot be loaded. GSL integrators will not beavailable ! 
[#1] INFO:NumericIntegration -- RooRealIntegral::init(modelBkg_Int[x]) using numeric integrator RooIntegrator1D to calculate Int(x)
[#1] INFO:NumericIntegration -- RooRealIntegral::init(modelBkg_Int[x]) using numeric integrator RooIntegrator1D to calculate Int(x)
[#1] INFO:NumericIntegration -- RooRealIntegral::init(modelBkg_Int[x]) using numeric integrator RooIntegrator1D to calculate Int(x)
[#1] INFO:NumericIntegration -- RooRealIntegral::init(modelBkg_Int[x]) using numeric integrator RooIntegrator1D to calculate Int(x)
[#1] INFO:Fitting -- RooAddition::defaultErrorLevel(nll) Summation contains a RooNLLVar, using its error level
 **********
 **   13 **MIGRAD        6500           1
 **********
 FIRST CALL TO USER FUNCTION AT NEW START POINT, WITH IFLAG=4.
 START MIGRAD MINIMIZATION.  STRATEGY  1.  CONVERGENCE WHEN EDM .LT. 1.00e-03
 FCN=-197462 FROM MIGRAD    STATUS=INITIATE      177 CALLS         178 TOTAL
                     EDM= unknown      STRATEGY= 1      NO ERROR MATRIX       
  EXT PARAMETER               CURRENT GUESS       STEP         FIRST   
  NO.   NAME      VALUE            ERROR          SIZE      DERIVATIVE 
   1  NbkgMRS      1.46970e+03   7.34850e+02   0.00000e+00  -6.78018e+02
   2  NbkgPRS      1.41070e+03   7.05350e+02   0.00000e+00  -7.09653e+02
   3  NsigMRS      1.32273e+04   7.34850e+02   0.00000e+00   7.52568e+01
   4  NsigPRS      1.26963e+04   7.05350e+02   0.00000e+00   7.87714e+01
   5  am           2.00000e+00   2.00000e+00   0.00000e+00  -2.91305e+02
   6  bm          -6.55182e+00   1.75000e+00   0.00000e+00  -2.22609e+02
   7  cm           1.82745e+00   7.50000e+00   0.00000e+00   6.55151e+02
   8  coeffsig     4.30153e-01   5.00000e-02   7.87142e-01   3.39413e+02
   9  dm0          1.39400e+02   2.00000e+00   0.00000e+00  -3.02329e+02
  10  mean         1.45500e+02   2.10000e+00   0.00000e+00   3.41126e+04
  11  sigma1       5.00000e-01   2.50000e-01   0.00000e+00  -4.55549e+03
  12  sigma2       5.00000e-01   2.50000e-01   0.00000e+00   1.21957e+03
  13  sigma3       1.10000e+00   5.50000e-01   0.00000e+00  -1.77596e+03
                               ERR DEF= 0.5
 MIGRAD FAILS TO FIND IMPROVEMENT
 MACHINE ACCURACY LIMITS FURTHER IMPROVEMENT.
 MIGRAD MINIMIZATION HAS CONVERGED.
 MIGRAD WILL VERIFY CONVERGENCE AND ERROR MATRIX.
 COVARIANCE MATRIX CALCULATED SUCCESSFULLY
 FCN=-197874 FROM HESSE     STATUS=OK            147 CALLS        1583 TOTAL
                     EDM=0.000939575    STRATEGY= 1      ERROR MATRIX ACCURATE 
  EXT PARAMETER                                   STEP         FIRST   
  NO.   NAME      VALUE            ERROR          SIZE      DERIVATIVE 
   1  NbkgMRS      1.52869e+03   8.21164e+01   3.36965e-03   7.43478e-01
   2  NbkgPRS      1.48510e+03   8.27678e+01   3.45762e-03   6.75240e-01
   3  NsigMRS      1.31687e+04   1.35370e+02   8.03838e-03   3.25102e-02
   4  NsigPRS      1.26221e+04   1.33891e+02   8.15902e-03  -1.18262e-02
   5  am           8.48690e+00   2.41928e-01   5.65972e-03   1.01026e+00
   6  bm          -1.75693e+01   1.01310e+00   1.35122e-02   2.50490e-01
   7  cm           2.11526e+00   3.33191e-01   9.18779e-04   2.01379e+00
   8  coeffsig     7.90006e-01   1.60715e-02   4.48132e-03  -4.24323e-01
   9  dm0          1.39267e+02   4.03689e-02   1.31112e-03  -7.41962e+00
  10  mean         1.45353e+02   1.68568e-02   1.71680e-04  -9.11788e+00
  11  sigma1       6.63084e-01   1.76226e-02   7.63449e-04   2.72756e+00
  12  sigma2       7.46815e-01   1.30882e-02   7.32192e-04   1.05600e+00
  13  sigma3       1.66040e+00   7.58317e-02   2.29743e-03   9.33661e-01
                               ERR DEF= 0.5
 MIGRAD FAILS TO FIND IMPROVEMENT
 MACHINE ACCURACY LIMITS FURTHER IMPROVEMENT.
 MIGRAD MINIMIZATION HAS CONVERGED.
 FCN=-197874 FROM MIGRAD    STATUS=CONVERGED    1623 CALLS        1624 TOTAL
                     EDM=0.00347345    STRATEGY= 1  ERROR MATRIX UNCERTAINTY   0.9 per cent
  EXT PARAMETER                                   STEP         FIRST   
  NO.   NAME      VALUE            ERROR          SIZE      DERIVATIVE 
   1  NbkgMRS      1.53025e+03   8.25117e+01  -0.00000e+00  -3.37493e-01
   2  NbkgPRS      1.48673e+03   8.32493e+01  -0.00000e+00  -3.11103e-01
   3  NsigMRS      1.31666e+04   1.36043e+02   0.00000e+00  -1.34128e-02
   4  NsigPRS      1.26202e+04   1.34432e+02   0.00000e+00   2.67475e-03
   5  am           8.47986e+00   2.56569e-01   0.00000e+00  -3.78560e-01
   6  bm          -1.75699e+01   1.00813e+00   0.00000e+00  -1.99116e-01
   7  cm           2.11602e+00   3.32367e-01   0.00000e+00  -1.11526e+00
   8  coeffsig     7.89898e-01   1.61313e-02  -0.00000e+00   1.44996e-01
   9  dm0          1.39268e+02   2.50673e-02  -0.00000e+00   2.02890e+01
  10  mean         1.45354e+02   1.68515e-02  -0.00000e+00   3.11238e+00
  11  sigma1       6.62972e-01   1.76771e-02  -0.00000e+00  -1.03442e+00
  12  sigma2       7.46657e-01   1.31899e-02   0.00000e+00  -3.69323e-01
  13  sigma3       1.65876e+00   7.75888e-02   0.00000e+00  -2.24548e-01
                               ERR DEF= 0.5
 EXTERNAL ERROR MATRIX.    NDIM=  28    NPAR= 13    ERR DEF=0.5
 ELEMENTS ABOVE DIAGONAL ARE NOT PRINTED.
  6.809e+03 
  4.400e+03  6.931e+03 
 -5.291e+03 -4.421e+03  1.851e+04 
 -4.397e+03 -5.437e+03  4.428e+03  1.808e+04 
 -4.713e+00 -4.839e+00  5.093e+00  5.038e+00  6.588e-02 
 -3.584e+01 -3.611e+01  3.524e+01  3.566e+01 -1.293e-01  1.024e+00 
  7.745e+00  7.753e+00 -7.859e+00 -7.795e+00 -8.549e-03 -2.126e-01  1.105e-01 
 -2.044e-01 -2.239e-01  2.131e-01  2.285e-01  4.300e-04 -4.884e-05  1.365e-04  2.604e-04 
 -1.164e-01 -1.220e-01  1.537e-01  1.463e-01  1.441e-05  4.804e-03 -2.343e-03  2.869e-05  6.284e-04 
 -9.865e-02 -1.053e-01  9.672e-02  1.041e-01  2.481e-04  7.143e-04 -6.410e-04  7.641e-05  1.064e-05  2.840e-04 
 -3.041e-01 -3.211e-01  3.103e-01  3.239e-01  5.526e-04  1.388e-03 -5.661e-04  1.965e-04  2.885e-05  2.353e-04  3.125e-04 
 -9.266e-02 -9.775e-02  9.943e-02  1.012e-01  1.488e-04  1.226e-04  1.971e-04  6.966e-05  1.112e-05 -1.512e-04 -5.384e-05 
 -9.266e-02 -9.775e-02  9.943e-02  1.012e-01  1.488e-04  1.226e-04  1.971e-04  6.966e-05  1.112e-05 -1.512e-04 -5.384e-05  1.740e-04 
 -3.782e+00 -3.915e+00  3.836e+00  3.936e+00  4.699e-03  1.965e-02 -2.828e-03  9.333e-04  1.855e-04  3.222e-04  8.059e-04 
 -3.782e+00 -3.915e+00  3.836e+00  3.936e+00  4.699e-03  1.965e-02 -2.828e-03  9.333e-04  1.855e-04  3.222e-04  8.059e-04  2.351e-04  6.021e-03 
 PARAMETER  CORRELATION COEFFICIENTS  
       NO.  GLOBAL      1      2      3      4      5      6      7      8      9     10     11     12     13
        1  0.80069   1.000  0.640 -0.471 -0.396 -0.223 -0.429  0.282 -0.154 -0.056 -0.071 -0.208 -0.085 -0.591
        2  0.80913   0.640  1.000 -0.390 -0.486 -0.226 -0.429  0.280 -0.167 -0.058 -0.075 -0.218 -0.089 -0.606
        3  0.50586  -0.471 -0.390  1.000  0.242  0.146  0.256 -0.174  0.097  0.045  0.042  0.129  0.055  0.363
        4  0.51842  -0.396 -0.486  0.242  1.000  0.146  0.262 -0.174  0.105  0.043  0.046  0.136  0.057  0.377
        5  0.92250  -0.223 -0.226  0.146  0.146  1.000 -0.498 -0.100  0.104  0.002  0.057  0.122  0.044  0.236
        6  0.95799  -0.429 -0.429  0.256  0.262 -0.498  1.000 -0.632 -0.003  0.189  0.042  0.078  0.009  0.250
        7  0.89857   0.282  0.280 -0.174 -0.174 -0.100 -0.632  1.000  0.025 -0.281 -0.114 -0.096  0.045 -0.110
        8  0.92920  -0.154 -0.167  0.097  0.105  0.104 -0.003  0.025  1.000  0.071  0.281  0.689  0.327  0.745
        9  0.30774  -0.056 -0.058  0.045  0.043  0.002  0.189 -0.281  0.071  1.000  0.025  0.065  0.034  0.095
       10  0.94298  -0.071 -0.075  0.042  0.046  0.057  0.042 -0.114  0.281  0.025  1.000  0.790 -0.680  0.246
       11  0.93646  -0.208 -0.218  0.129  0.136  0.122  0.078 -0.096  0.689  0.065  0.790  1.000 -0.231  0.588
       12  0.87991  -0.085 -0.089  0.055  0.057  0.044  0.009  0.045  0.327  0.034 -0.680 -0.231  1.000  0.230
       13  0.93269  -0.591 -0.606  0.363  0.377  0.236  0.250 -0.110  0.745  0.095  0.246  0.588  0.230  1.000
 **********
 **   18 **HESSE        6500
 **********
 COVARIANCE MATRIX CALCULATED SUCCESSFULLY
 FCN=-197874 FROM HESSE     STATUS=OK            151 CALLS        1775 TOTAL
                     EDM=0.00045327    STRATEGY= 1      ERROR MATRIX ACCURATE 
  EXT PARAMETER                                INTERNAL      INTERNAL  
  NO.   NAME      VALUE            ERROR       STEP SIZE       VALUE   
   1  NbkgMRS      1.53025e+03   8.30818e+01   3.37103e-03  -9.13685e-01
   2  NbkgPRS      1.48673e+03   8.36978e+01   3.45899e-03  -9.09540e-01
   3  NsigMRS      1.31666e+04   1.36078e+02   3.21535e-03   9.13659e-01
   4  NsigPRS      1.26202e+04   1.34601e+02   3.26361e-03   9.09526e-01
   5  am           8.47986e+00   3.23789e-01   2.26389e-03   1.01217e+00
   6  bm          -1.75699e+01   1.40992e+00   5.40489e-03  -8.58689e-01
   7  cm           2.11602e+00   3.62184e-01   3.67512e-04  -1.08566e+00
   8  coeffsig     7.89898e-01   1.60185e-02   4.48485e-03   6.18477e-01
   9  dm0          1.39268e+02   3.70119e-02   1.05584e-03  -7.32528e-02
  10  mean         1.45354e+02   1.68711e-02   1.71689e-04  -3.04337e-01
  11  sigma1       6.62972e-01   1.75280e-02   7.63333e-04  -1.04996e+00
  12  sigma2       7.46657e-01   1.31622e-02   2.92877e-04  -1.01726e+00
  13  sigma3       1.65876e+00   7.52627e-02   9.18972e-04  -7.31851e-01
                               ERR DEF= 0.5
 EXTERNAL ERROR MATRIX.    NDIM=  28    NPAR= 13    ERR DEF=0.5
 ELEMENTS ABOVE DIAGONAL ARE NOT PRINTED.
  6.903e+03 
  4.484e+03  7.006e+03 
 -5.363e+03 -4.476e+03  1.852e+04 
 -4.476e+03 -5.510e+03  4.469e+03  1.812e+04 
  4.709e-01  4.106e-01 -4.672e-01 -4.069e-01  1.050e-01 
 -5.337e+01 -5.368e+01  5.325e+01  5.356e+01 -3.458e-01  2.020e+00 
  9.465e+00  9.452e+00 -9.440e+00 -9.426e+00  2.482e-02 -3.510e-01  1.312e-01 
 -1.567e-01 -1.746e-01  1.569e-01  1.748e-01  4.502e-04 -8.722e-04  2.776e-04  2.567e-04 
  1.294e-01  1.265e-01 -1.290e-01 -1.261e-01  4.646e-04  1.473e-03 -3.074e-03  5.292e-05  1.370e-03 
 -9.307e-02 -9.967e-02  9.307e-02  9.968e-02  3.310e-04  4.531e-04 -6.675e-04  7.513e-05  2.702e-05  2.846e-04 
 -2.723e-01 -2.877e-01  2.721e-01  2.876e-01  4.060e-04  1.372e-03 -5.400e-04  1.908e-04  3.950e-05  2.351e-04  3.072e-04 
 -7.389e-02 -7.793e-02  7.383e-02  7.787e-02 -1.530e-05  2.706e-04  2.519e-04  6.760e-05  5.925e-06 -1.524e-04 -5.727e-05 
 -7.389e-02 -7.793e-02  7.383e-02  7.787e-02 -1.530e-05  2.706e-04  2.519e-04  6.760e-05  5.925e-06 -1.524e-04 -5.727e-05  1.732e-04 
 -3.604e+00 -3.723e+00  3.600e+00  3.720e+00  1.683e-03  2.596e-02 -3.015e-03  8.838e-04  1.079e-04  3.156e-04  7.595e-04 
 -3.604e+00 -3.723e+00  3.600e+00  3.720e+00  1.683e-03  2.596e-02 -3.015e-03  8.838e-04  1.079e-04  3.156e-04  7.595e-04  2.096e-04  5.665e-03 
 PARAMETER  CORRELATION COEFFICIENTS  
       NO.  GLOBAL      1      2      3      4      5      6      7      8      9     10     11     12     13
        1  0.80525   1.000  0.645 -0.474 -0.400  0.017 -0.452  0.315 -0.118  0.042 -0.066 -0.187 -0.068 -0.576
        2  0.81263   0.645  1.000 -0.393 -0.489  0.015 -0.451  0.312 -0.130  0.041 -0.071 -0.196 -0.071 -0.591
        3  0.50722  -0.474 -0.393  1.000  0.244 -0.011  0.275 -0.191  0.072 -0.026  0.041  0.114  0.041  0.351
        4  0.52099  -0.400 -0.489  0.244  1.000 -0.009  0.280 -0.193  0.081 -0.025  0.044  0.122  0.044  0.367
        5  0.95496   0.017  0.015 -0.011 -0.009  1.000 -0.751  0.212  0.087  0.039  0.061  0.071 -0.004  0.069
        6  0.97913  -0.452 -0.451  0.275  0.280 -0.751  1.000 -0.682 -0.038  0.028  0.019  0.055  0.014  0.243
        7  0.91575   0.315  0.312 -0.191 -0.193  0.212 -0.682  1.000  0.048 -0.229 -0.109 -0.085  0.053 -0.111
        8  0.92840  -0.118 -0.130  0.072  0.081  0.087 -0.038  0.048  1.000  0.089  0.278  0.679  0.321  0.733
        9  0.34552   0.042  0.041 -0.026 -0.025  0.039  0.028 -0.229  0.089  1.000  0.043  0.061  0.012  0.039
       10  0.94333  -0.066 -0.071  0.041  0.044  0.061  0.019 -0.109  0.278  0.043  1.000  0.795 -0.686  0.249
       11  0.93570  -0.187 -0.196  0.114  0.122  0.071  0.055 -0.085  0.679  0.061  0.795  1.000 -0.248  0.576
       12  0.87942  -0.068 -0.071  0.041  0.044 -0.004  0.014  0.053  0.321  0.012 -0.686 -0.248  1.000  0.212
       13  0.92895  -0.576 -0.591  0.351  0.367  0.069  0.243 -0.111  0.733  0.039  0.249  0.576  0.212  1.000
71 ; 2.18454 ; 1.62229
[#1] INFO:Plotting -- RooAbsPdf::plotOn(modelMRS) directly selected PDF components: (modelBkg)
[#1] INFO:Plotting -- RooAbsPdf::plotOn(modelMRS) indirectly selected PDF components: ()
[#1] INFO:NumericIntegration -- RooRealIntegral::init(modelBkg_Int[x]) using numeric integrator RooIntegrator1D to calculate Int(x)
[#1] INFO:Plotting -- RooAbsPdf::plotOn(modelMRS) directly selected PDF components: (modelSig)
[#1] INFO:Plotting -- RooAbsPdf::plotOn(modelMRS) indirectly selected PDF components: (sig_pdf1,sig_pdf2)
[#1] INFO:NumericIntegration -- RooRealIntegral::init(modelBkg_Int[x]) using numeric integrator RooIntegrator1D to calculate Int(x)
[#1] INFO:NumericIntegration -- RooRealIntegral::init(modelBkg_Int[x]) using numeric integrator RooIntegrator1D to calculate Int(x)
[#1] INFO:Plotting -- RooAbsPdf::plotOn(modelPRS) directly selected PDF components: (modelBkg)
[#1] INFO:Plotting -- RooAbsPdf::plotOn(modelPRS) indirectly selected PDF components: ()
[#1] INFO:NumericIntegration -- RooRealIntegral::init(modelBkg_Int[x]) using numeric integrator RooIntegrator1D to calculate Int(x)
[#1] INFO:Plotting -- RooAbsPdf::plotOn(modelPRS) directly selected PDF components: (modelSig)
[#1] INFO:Plotting -- RooAbsPdf::plotOn(modelPRS) indirectly selected PDF components: (sig_pdf1,sig_pdf2)
[#1] INFO:NumericIntegration -- RooRealIntegral::init(modelBkg_Int[x]) using numeric integrator RooIntegrator1D to calculate Int(x)
[#1] INFO:NumericIntegration -- RooRealIntegral::init(modelBkg_Int[x]) using numeric integrator RooIntegrator1D to calculate Int(x)
PRS chi2: 1.35836 ; MPS chi2: 1.48981
