   ------------------------------------------------------------------
  | Welcome to ROOT 6.24/08                        https://root.cern |
  | (c) 1995-2021, The ROOT Team; conception: R. Brun, F. Rademakers |
  | Built for linuxx8664gcc on Sep 29 2022, 13:04:57                 |
  | From tags/v6-24-08@v6-24-08                                      |
  | With c++ (GCC) 4.8.5 20150623 (Red Hat 4.8.5-44)                 |
  | Try '.help', '.demo', '.license', '.credits', '.quit'/'.q'       |
   ------------------------------------------------------------------


Processing full.C(6,1,"Down","2017")...

[1mRooFit v3.60 -- Developed by Wouter Verkerke and David Kirkby[0m 
                Copyright (C) 2000-2013 NIKHEF, University of California & Stanford University
                All rights reserved, please read http://roofit.sourceforge.net/license.txt

-------------------------
Set LHCb Style - May 2021
-------------------------
../fulltempt/PARAMs/FullMom_6_1.txt
[#0] WARNING:InputArguments -- The parameter 'sigma3' with range [0, 10] of the RooGaussian 'sig_pdf2' exceeds the safe range of (0, inf). Advise to limit its range.
[#0] ERROR:Integration --  RooNumIntFactory::Init : libRooFitMore cannot be loaded. GSL integrators will not beavailable ! 
[#1] INFO:Fitting -- RooAddition::defaultErrorLevel(nll) Summation contains a RooNLLVar, using its error level
 **********
 **   13 **MIGRAD        3000           1
 **********
 FIRST CALL TO USER FUNCTION AT NEW START POINT, WITH IFLAG=4.
 START MIGRAD MINIMIZATION.  STRATEGY  1.  CONVERGENCE WHEN EDM .LT. 1.00e-03
 FCN=-5332.03 FROM MIGRAD    STATUS=INITIATE       26 CALLS          27 TOTAL
                     EDM= unknown      STRATEGY= 1      NO ERROR MATRIX       
  EXT PARAMETER               CURRENT GUESS       STEP         FIRST   
  NO.   NAME      VALUE            ERROR          SIZE      DERIVATIVE 
   1  NbkgMRS      1.62200e+02   8.11000e+01   2.57889e-01  -8.03915e+01
   2  NbkgPRS      1.54200e+02   7.71000e+01   2.57889e-01  -8.67268e+01
   3  NsigMRS      6.48800e+02   8.11000e+01   2.57889e-01   2.00961e+01
   4  NsigPRS      6.16800e+02   7.71000e+01   2.57889e-01   2.16799e+01
   5  coeffsig     1.00000e-01   5.00000e-02   1.72186e-01   3.00211e+01
   6  mean         1.45500e+02   2.10000e+00   2.10680e-01   1.74048e+02
                               ERR DEF= 0.5
 MIGRAD MINIMIZATION HAS CONVERGED.
 MIGRAD WILL VERIFY CONVERGENCE AND ERROR MATRIX.
 COVARIANCE MATRIX CALCULATED SUCCESSFULLY
 FCN=-5353.94 FROM MIGRAD    STATUS=CONVERGED     193 CALLS         194 TOTAL
                     EDM=2.74597e-05    STRATEGY= 1      ERROR MATRIX ACCURATE 
  EXT PARAMETER                                   STEP         FIRST   
  NO.   NAME      VALUE            ERROR          SIZE      DERIVATIVE 
   1  NbkgMRS      2.15669e+02   1.67688e+01   2.33756e-03  -1.95921e-02
   2  NbkgPRS      2.11345e+02   1.64440e+01   2.39091e-03  -3.02182e-02
   3  NsigMRS      5.95330e+02   2.56887e+01   3.58595e-03   6.54158e-03
   4  NsigPRS      5.59634e+02   2.48554e+01   3.62099e-03  -1.22455e-03
   5  coeffsig     1.46513e-06   1.34139e-01   3.73766e-02   4.16117e-03
   6  mean         1.45517e+02   3.41154e-02   1.70522e-04   1.21690e+00
                               ERR DEF= 0.5
 EXTERNAL ERROR MATRIX.    NDIM=  25    NPAR=  6    ERR DEF=0.5
  2.814e+02  4.649e-02 -6.558e+01 -4.642e-02  2.220e-04 -1.618e-03 
  4.649e-02  2.706e+02 -4.643e-02 -5.914e+01  1.795e-04  1.870e-03 
 -6.558e+01 -4.643e-02  6.610e+02  4.636e-02 -2.218e-04  1.619e-03 
 -4.642e-02 -5.914e+01  4.636e-02  6.189e+02 -1.792e-04 -1.884e-03 
  2.220e-04  1.795e-04 -2.218e-04 -1.792e-04  8.240e-07 -2.782e-06 
 -1.618e-03  1.870e-03  1.619e-03 -1.884e-03 -2.782e-06  1.164e-03 
 PARAMETER  CORRELATION COEFFICIENTS  
       NO.  GLOBAL      1      2      3      4      5      6
        1  0.15263   1.000  0.000 -0.152 -0.000  0.015 -0.003
        2  0.14497   0.000  1.000 -0.000 -0.145  0.012  0.003
        3  0.15224  -0.152 -0.000  1.000  0.000 -0.010  0.002
        4  0.14466  -0.000 -0.145  0.000  1.000 -0.008 -0.002
        5  0.09230   0.015  0.012 -0.010 -0.008  1.000 -0.090
        6  0.08998  -0.003  0.003  0.002 -0.002 -0.090  1.000
 **********
 **   18 **HESSE        3000
 **********
 COVARIANCE MATRIX CALCULATED SUCCESSFULLY
 FCN=-5353.94 FROM HESSE     STATUS=OK             40 CALLS         234 TOTAL
                     EDM=2.97597e-05    STRATEGY= 1      ERROR MATRIX ACCURATE 
  EXT PARAMETER                                INTERNAL      INTERNAL  
  NO.   NAME      VALUE            ERROR       STEP SIZE       VALUE   
   1  NbkgMRS      2.15669e+02   1.67681e+01   4.67512e-04  -4.87184e-01
   2  NbkgPRS      2.11345e+02   1.64438e+01   4.78181e-04  -4.68741e-01
   3  NsigMRS      5.95330e+02   2.56892e+01   1.43438e-04   4.87181e-01
   4  NsigPRS      5.59634e+02   2.48561e+01   1.44840e-04   4.68681e-01
   5  coeffsig     1.46513e-06   1.38468e-01   1.49507e-03  -1.56838e+00
   6  mean         1.45517e+02   3.39806e-02   3.41043e-05  -2.88050e-01
                               ERR DEF= 0.5
 EXTERNAL ERROR MATRIX.    NDIM=  25    NPAR=  6    ERR DEF=0.5
  2.814e+02 -8.399e-04 -6.571e+01  8.151e-04  3.451e-05 -9.569e-04 
 -8.399e-04  2.706e+02  8.144e-04 -5.927e+01  2.789e-05  2.416e-03 
 -6.571e+01  8.144e-04  6.611e+02 -6.965e-04 -3.452e-05  9.575e-04 
  8.151e-04 -5.927e+01 -6.965e-04  6.189e+02 -2.789e-05 -2.418e-03 
  3.451e-05  2.789e-05 -3.452e-05 -2.789e-05  8.520e-07 -4.311e-07 
 -9.569e-04  2.416e-03  9.575e-04 -2.418e-03 -4.311e-07  1.155e-03 
 PARAMETER  CORRELATION COEFFICIENTS  
       NO.  GLOBAL      1      2      3      4      5      6
        1  0.15238   1.000 -0.000 -0.152  0.000  0.002 -0.002
        2  0.14488  -0.000  1.000  0.000 -0.145  0.002  0.004
        3  0.15237  -0.152  0.000  1.000 -0.000 -0.001  0.001
        4  0.14484   0.000 -0.145 -0.000  1.000 -0.001 -0.003
        5  0.01413   0.002  0.002 -0.001 -0.001  1.000 -0.014
        6  0.01471  -0.002  0.004  0.001 -0.003 -0.014  1.000
78 ; 2.00716 ; 1.706
[#1] INFO:Plotting -- RooAbsPdf::plotOn(modelMRS) directly selected PDF components: (modelBkg)
[#1] INFO:Plotting -- RooAbsPdf::plotOn(modelMRS) indirectly selected PDF components: ()
[#1] INFO:Plotting -- RooAbsPdf::plotOn(modelMRS) directly selected PDF components: (modelSig)
[#1] INFO:Plotting -- RooAbsPdf::plotOn(modelMRS) indirectly selected PDF components: (sig_pdf1,sig_pdf2)
[#1] INFO:Plotting -- RooAbsPdf::plotOn(modelPRS) directly selected PDF components: (modelBkg)
[#1] INFO:Plotting -- RooAbsPdf::plotOn(modelPRS) indirectly selected PDF components: ()
[#1] INFO:Plotting -- RooAbsPdf::plotOn(modelPRS) directly selected PDF components: (modelSig)
[#1] INFO:Plotting -- RooAbsPdf::plotOn(modelPRS) indirectly selected PDF components: (sig_pdf1,sig_pdf2)
PRS chi2: 0.96392 ; MPS chi2: 0.960863
