   ------------------------------------------------------------------
  | Welcome to ROOT 6.24/08                        https://root.cern |
  | (c) 1995-2021, The ROOT Team; conception: R. Brun, F. Rademakers |
  | Built for linuxx8664gcc on Sep 29 2022, 13:04:57                 |
  | From tags/v6-24-08@v6-24-08                                      |
  | With c++ (GCC) 4.8.5 20150623 (Red Hat 4.8.5-44)                 |
  | Try '.help', '.demo', '.license', '.credits', '.quit'/'.q'       |
   ------------------------------------------------------------------


Processing part.C(3,"Up","2016")...

[1mRooFit v3.60 -- Developed by Wouter Verkerke and David Kirkby[0m 
                Copyright (C) 2000-2013 NIKHEF, University of California & Stanford University
                All rights reserved, please read http://roofit.sourceforge.net/license.txt

-------------------------
Set LHCb Style - May 2021
-------------------------
../parttempt/PARAMs/PartMom_3.txt
====>72771
[#0] ERROR:Integration --  RooNumIntFactory::Init : libRooFitMore cannot be loaded. GSL integrators will not beavailable ! 
[#1] INFO:NumericIntegration -- RooRealIntegral::init(modelSig_clone_Int[x]) using numeric integrator RooIntegrator1D to calculate Int(x)
[#1] INFO:NumericIntegration -- RooRealIntegral::init([pdfD0BG_X_poly]_Norm[x]_denominator_Int[x]) using numeric integrator RooIntegrator1D to calculate Int(x)
[#1] INFO:NumericIntegration -- RooRealIntegral::init(modelSig_clone_Int[x]) using numeric integrator RooIntegrator1D to calculate Int(x)
[#1] INFO:NumericIntegration -- RooRealIntegral::init([pdfD0BG_X_poly]_Norm[x]_denominator_Int[x]) using numeric integrator RooIntegrator1D to calculate Int(x)
[#1] INFO:NumericIntegration -- RooRealIntegral::init(modelSig_clone_Int[x]) using numeric integrator RooIntegrator1D to calculate Int(x)
[#1] INFO:NumericIntegration -- RooRealIntegral::init([pdfD0BG_X_poly]_Norm[x]_denominator_Int[x]) using numeric integrator RooIntegrator1D to calculate Int(x)
[#1] INFO:NumericIntegration -- RooRealIntegral::init(modelSig_clone_Int[x]) using numeric integrator RooIntegrator1D to calculate Int(x)
[#1] INFO:NumericIntegration -- RooRealIntegral::init([pdfD0BG_X_poly]_Norm[x]_denominator_Int[x]) using numeric integrator RooIntegrator1D to calculate Int(x)
[#1] INFO:Fitting -- RooAddition::defaultErrorLevel(nll) Summation contains a RooNLLVar, using its error level
 **********
 **   13 **MIGRAD        4500           1
 **********
 FIRST CALL TO USER FUNCTION AT NEW START POINT, WITH IFLAG=4.
 START MIGRAD MINIMIZATION.  STRATEGY  1.  CONVERGENCE WHEN EDM .LT. 1.00e-03
 FCN=-1.01169e+06 FROM MIGRAD    STATUS=INITIATE       82 CALLS          83 TOTAL
                     EDM= unknown      STRATEGY= 1      NO ERROR MATRIX       
  EXT PARAMETER               CURRENT GUESS       STEP         FIRST   
  NO.   NAME      VALUE            ERROR          SIZE      DERIVATIVE 
   1  NbkgMRS      1.91578e+04   7.36840e+03   0.00000e+00   1.09408e+03
   2  NbkgPRS      1.87156e+04   7.19830e+03   0.00000e+00   8.76996e+02
   3  NsigMRS      5.45262e+04   7.36840e+03   0.00000e+00  -3.84647e+02
   4  NsigPRS      5.32674e+04   7.19830e+03   0.00000e+00  -3.08374e+02
   5  acc_p        1.80310e+00   7.00000e-01  -4.67234e-02  -4.03367e+03
   6  acc_s        5.00000e-01   1.40000e-01   0.00000e+00   2.46825e+03
   7  mean         1.42000e+02   9.00000e-01   0.00000e+00  -3.20219e+03
   8  sigma        2.50000e+00   1.00000e+00   0.00000e+00   5.79748e+04
   9  sigma2       8.00000e+00   5.00000e-01   0.00000e+00   1.17816e+03
                               ERR DEF= 0.5
 MIGRAD FAILS TO FIND IMPROVEMENT
 COVARIANCE MATRIX CALCULATED SUCCESSFULLY
 FCN=-1.01281e+06 FROM HESSE     STATUS=OK             79 CALLS         509 TOTAL
                     EDM=3.05079    STRATEGY= 1      ERROR MATRIX ACCURATE 
  EXT PARAMETER                                   STEP         FIRST   
  NO.   NAME      VALUE            ERROR          SIZE      DERIVATIVE 
   1  NbkgMRS      1.88913e+04   2.08363e+02   3.98295e-03   2.66331e+01
   2  NbkgPRS      1.87442e+04   2.06505e+02   4.02857e-03   3.30575e+01
   3  NsigMRS      5.48152e+04   2.81543e+02   5.50777e-03   4.02947e+00
   4  NsigPRS      5.32855e+04   2.77812e+02   5.52443e-03   1.60128e+01
   5  acc_p        1.27659e+00   4.86584e-02   1.37362e-04  -4.81129e+03
   6  acc_s        1.62553e-01   1.04069e-02   6.06408e-03   1.35717e+02
   7  mean         1.42378e+02   1.08977e-02   1.06376e-03  -3.11264e+02
   8  sigma        3.08312e+00   1.35199e-01   3.64764e-04  -2.53654e+03
   9  sigma2       6.67452e+00   3.55482e-02   3.17744e-03  -1.31869e+02
                               ERR DEF= 0.5
 MIGRAD MINIMIZATION HAS CONVERGED.
 MIGRAD WILL VERIFY CONVERGENCE AND ERROR MATRIX.
 COVARIANCE MATRIX CALCULATED SUCCESSFULLY
 FCN=-1.01282e+06 FROM MIGRAD    STATUS=CONVERGED    1085 CALLS        1086 TOTAL
                     EDM=0.000192641    STRATEGY= 1      ERROR MATRIX ACCURATE 
  EXT PARAMETER                                   STEP         FIRST   
  NO.   NAME      VALUE            ERROR          SIZE      DERIVATIVE 
   1  NbkgMRS      1.89025e+04   2.07758e+02   3.98187e-03   1.09603e-01
   2  NbkgPRS      1.87533e+04   2.05921e+02   4.02868e-03   1.29389e-01
   3  NsigMRS      5.47820e+04   2.81042e+02   5.49295e-03   2.45831e-01
   4  NsigPRS      5.32302e+04   2.77172e+02   5.52185e-03   2.66783e-01
   5  acc_p        9.86904e-01   2.98457e-02   9.38845e-05  -1.16109e+01
   6  acc_s        1.00000e-01   5.18413e-03   5.97649e-02** at limit **
   7  mean         1.42531e+02   9.61415e-02   3.55149e-03  -8.15608e-01
   8  sigma        2.64941e+00   9.80905e-02   2.17864e-04  -2.46582e+01
   9  sigma2       6.53941e+00   3.80400e-02   3.02712e-03  -3.35456e-01
                               ERR DEF= 0.5
 EXTERNAL ERROR MATRIX.    NDIM=  36    NPAR=  9    ERR DEF=0.5
  4.316e+04  3.353e+03 -2.420e+04 -3.351e+03  3.763e-01 -6.987e-05  6.815e-01 -1.696e+00 -1.718e+00 
  3.353e+03  4.240e+04 -3.350e+03 -2.359e+04  3.565e-01 -6.574e-05  6.836e-01 -1.651e+00 -1.659e+00 
 -2.420e+04 -3.350e+03  7.899e+04  3.348e+03 -3.761e-01  6.990e-05 -6.817e-01  1.697e+00  1.717e+00 
 -3.351e+03 -2.359e+04  3.348e+03  7.683e+04 -3.564e-01  6.578e-05 -6.838e-01  1.651e+00  1.658e+00 
  3.763e-01  3.565e-01 -3.761e-01 -3.564e-01  8.908e-04  3.355e-07 -1.964e-03 -3.735e-04  1.461e-04 
 -6.987e-05 -6.574e-05  6.990e-05  6.578e-05  3.355e-07  2.466e-09  2.386e-07 -5.491e-07  1.163e-07 
  6.815e-01  6.836e-01 -6.817e-01 -6.838e-01 -1.964e-03  2.386e-07  9.245e-03 -5.042e-03 -2.479e-03 
 -1.696e+00 -1.651e+00  1.697e+00  1.651e+00 -3.735e-04 -5.491e-07 -5.042e-03  9.622e-03  2.512e-03 
 -1.718e+00 -1.659e+00  1.717e+00  1.658e+00  1.461e-04  1.163e-07 -2.479e-03  2.512e-03  1.447e-03 
 PARAMETER  CORRELATION COEFFICIENTS  
       NO.  GLOBAL      1      2      3      4      5      6      7      8      9
        1  0.46089   1.000  0.078 -0.414 -0.058  0.061 -0.007  0.034 -0.083 -0.217
        2  0.45704   0.078  1.000 -0.058 -0.413  0.058 -0.006  0.035 -0.082 -0.212
        3  0.42540  -0.414 -0.058  1.000  0.043 -0.045  0.005 -0.025  0.062  0.161
        4  0.42389  -0.058 -0.413  0.043  1.000 -0.043  0.005 -0.026  0.061  0.157
        5  0.95264   0.061  0.058 -0.045 -0.043  1.000  0.226 -0.684 -0.128  0.129
        6  0.66134  -0.007 -0.006  0.005  0.005  0.226  1.000  0.050 -0.113  0.062
        7  0.97235   0.034  0.035 -0.025 -0.026 -0.684  0.050  1.000 -0.535 -0.678
        8  0.88361  -0.083 -0.082  0.062  0.061 -0.128 -0.113 -0.535  1.000  0.673
        9  0.88827  -0.217 -0.212  0.161  0.157  0.129  0.062 -0.678  0.673  1.000
 **********
 **   18 **HESSE        4500
 **********
 EIGENVALUES OF SECOND-DERIVATIVE MATRIX:
        -1.0647e-01  9.4082e-02  3.7292e-01  4.9097e-01  6.1957e-01  9.4932e-01  1.3804e+00  1.3863e+00  3.8129e+00
 MINUIT WARNING IN HESSE   
 ============== MATRIX FORCED POS-DEF BY ADDING 0.110278 TO DIAGONAL.
 FCN=-1.01282e+06 FROM HESSE     STATUS=NOT POSDEF     79 CALLS        1165 TOTAL
                     EDM=0.00443424    STRATEGY= 1      ERR MATRIX NOT POS-DEF
  EXT PARAMETER                APPROXIMATE     INTERNAL      INTERNAL  
  NO.   NAME      VALUE            ERROR       STEP SIZE       VALUE   
   1  NbkgMRS      1.89025e+04   1.96561e+02   1.59275e-04  -5.08572e-01
   2  NbkgPRS      1.87533e+04   1.94435e+02   1.61147e-04  -4.99460e-01
   3  NsigMRS      5.47820e+04   2.64053e+02   2.19718e-04   5.08587e-01
   4  NsigPRS      5.32302e+04   2.60173e+02   2.20874e-04   4.99476e-01
   5  acc_p        9.86904e-01   7.34103e-02   3.75538e-06   1.43664e+00
   6  acc_s        1.00000e-01   1.18094e-02   5.00000e-01  -1.57138e+00
                                 WARNING -   - ABOVE PARAMETER IS AT LIMIT.
   7  mean         1.42531e+02   2.38585e-01   1.42060e-04  -2.17145e-01
   8  sigma        2.64941e+00   1.58349e-01   8.71455e-06  -1.60012e+00
   9  sigma2       6.53941e+00   5.22299e-02   1.21085e-04   4.70354e-01
                               ERR DEF= 0.5
 EXTERNAL ERROR MATRIX.    NDIM=  36    NPAR=  9    ERR DEF=0.5
  3.864e+04  3.753e+03 -2.021e+04 -3.645e+03  3.367e+00 -3.351e-03 -1.041e+01 -6.734e+00 -2.979e+00 
  3.753e+03  3.781e+04 -3.643e+03 -1.956e+04  3.161e+00 -3.143e-03 -9.750e+00 -6.327e+00 -2.816e+00 
 -2.021e+04 -3.643e+03  6.973e+04  3.538e+03 -3.269e+00  3.253e-03  1.010e+01  6.537e+00  2.892e+00 
 -3.645e+03 -1.956e+04  3.538e+03  6.769e+04 -3.070e+00  3.052e-03  9.470e+00  6.145e+00  2.736e+00 
  3.367e+00  3.161e+00 -3.269e+00 -3.070e+00  5.389e-03 -5.344e-06 -1.714e-02 -1.066e-02 -3.333e-03 
 -3.351e-03 -3.143e-03  3.253e-03  3.052e-03 -5.344e-06  5.626e-09  1.755e-05  1.077e-05  3.431e-06 
 -1.041e+01 -9.750e+00  1.010e+01  9.470e+00 -1.714e-02  1.755e-05  5.698e-02  3.251e-02  1.013e-02 
 -6.734e+00 -6.327e+00  6.537e+00  6.145e+00 -1.066e-02  1.077e-05  3.251e-02  2.507e-02  7.294e-03 
 -2.979e+00 -2.816e+00  2.892e+00  2.736e+00 -3.333e-03  3.431e-06  1.013e-02  7.294e-03  2.728e-03 
ERR MATRIX NOT POS-DEF
 PARAMETER  CORRELATION COEFFICIENTS  
       NO.  GLOBAL      1      2      3      4      5      6      7      8      9
        1  0.45555   1.000  0.098 -0.389 -0.071  0.233 -0.227 -0.222 -0.216 -0.290
        2  0.44809   0.098  1.000 -0.071 -0.387  0.221 -0.215 -0.210 -0.205 -0.277
        3  0.40538  -0.389 -0.071  1.000  0.052 -0.169  0.164  0.160  0.156  0.210
        4  0.40181  -0.071 -0.387  0.052  1.000 -0.161  0.156  0.152  0.149  0.201
        5  0.99309   0.233  0.221 -0.169 -0.161  1.000 -0.971 -0.978 -0.917 -0.869
        6  0.99365  -0.227 -0.215  0.164  0.156 -0.971  1.000  0.980  0.907  0.876
        7  0.99601  -0.222 -0.210  0.160  0.152 -0.978  0.980  1.000  0.860  0.812
        8  0.96136  -0.216 -0.205  0.156  0.149 -0.917  0.907  0.860  1.000  0.882
        9  0.94826  -0.290 -0.277  0.210  0.201 -0.869  0.876  0.812  0.882  1.000
 ERR MATRIX NOT POS-DEF
61 ; 1.57492 ; 1.83078
[#1] INFO:Plotting -- RooAbsPdf::plotOn(modelMRS) directly selected PDF components: (modelBkg)
[#1] INFO:Plotting -- RooAbsPdf::plotOn(modelMRS) indirectly selected PDF components: (pdfD0BG,poly)
[#1] INFO:NumericIntegration -- RooRealIntegral::init(modelSig_clone_Int[x]) using numeric integrator RooIntegrator1D to calculate Int(x)
[#1] INFO:NumericIntegration -- RooRealIntegral::init([pdfD0BG_X_poly]_Norm[x]_denominator_Int[x]) using numeric integrator RooIntegrator1D to calculate Int(x)
[#1] INFO:Plotting -- RooAbsPdf::plotOn(modelMRS) directly selected PDF components: (modelSig)
[#1] INFO:Plotting -- RooAbsPdf::plotOn(modelMRS) indirectly selected PDF components: (gaubifur,acc)
[#1] INFO:NumericIntegration -- RooRealIntegral::init(modelSig_clone_Int[x]) using numeric integrator RooIntegrator1D to calculate Int(x)
[#1] INFO:NumericIntegration -- RooRealIntegral::init([pdfD0BG_X_poly]_Norm[x]_denominator_Int[x]) using numeric integrator RooIntegrator1D to calculate Int(x)
[#1] INFO:NumericIntegration -- RooRealIntegral::init(modelSig_clone_Int[x]) using numeric integrator RooIntegrator1D to calculate Int(x)
[#1] INFO:NumericIntegration -- RooRealIntegral::init([pdfD0BG_X_poly]_Norm[x]_denominator_Int[x]) using numeric integrator RooIntegrator1D to calculate Int(x)
[#1] INFO:Plotting -- RooAbsPdf::plotOn(modelPRS) directly selected PDF components: (modelBkg)
[#1] INFO:Plotting -- RooAbsPdf::plotOn(modelPRS) indirectly selected PDF components: (pdfD0BG,poly)
[#1] INFO:NumericIntegration -- RooRealIntegral::init(modelSig_clone_Int[x]) using numeric integrator RooIntegrator1D to calculate Int(x)
[#1] INFO:NumericIntegration -- RooRealIntegral::init([pdfD0BG_X_poly]_Norm[x]_denominator_Int[x]) using numeric integrator RooIntegrator1D to calculate Int(x)
[#1] INFO:Plotting -- RooAbsPdf::plotOn(modelPRS) directly selected PDF components: (modelSig)
[#1] INFO:Plotting -- RooAbsPdf::plotOn(modelPRS) indirectly selected PDF components: (gaubifur,acc)
[#1] INFO:NumericIntegration -- RooRealIntegral::init(modelSig_clone_Int[x]) using numeric integrator RooIntegrator1D to calculate Int(x)
[#1] INFO:NumericIntegration -- RooRealIntegral::init([pdfD0BG_X_poly]_Norm[x]_denominator_Int[x]) using numeric integrator RooIntegrator1D to calculate Int(x)
[#1] INFO:NumericIntegration -- RooRealIntegral::init(modelSig_clone_Int[x]) using numeric integrator RooIntegrator1D to calculate Int(x)
[#1] INFO:NumericIntegration -- RooRealIntegral::init([pdfD0BG_X_poly]_Norm[x]_denominator_Int[x]) using numeric integrator RooIntegrator1D to calculate Int(x)
PRS chi2: 1.59774 ; MPS chi2: 1.84879
